행정구역,총인구수,연령구간인구수,2022년04월_계_0~9세,2022년04월_계_10~19세,2022년04월_계_20~29세,2022년04월_계_30~39세,2022년04월_계_40~49세,2022년04월_계_50~59세,2022년04월_계_60~69세,2022년04월_계_70~79세,2022년04월_계_80~89세,2022년04월_계_90~99세,2022년04월_계_100세 이상,2022년04월_남_총인구수,2022년04월_남_연령구간인구수,2022년04월_남_0~9세,2022년04월_남_10~19세,2022년04월_남_20~29세,2022년04월_남_30~39세,2022년04월_남_40~49세,2022년04월_남_50~59세,2022년04월_남_60~69세,2022년04월_남_70~79세,2022년04월_남_80~89세,2022년04월_남_90~99세,2022년04월_남_100세 이상,2022년04월_여_총인구수,2022년04월_여_연령구간인구수,2022년04월_여_0~9세,2022년04월_여_10~19세,2022년04월_여_20~29세,2022년04월_여_30~39세,2022년04월_여_40~49세,2022년04월_여_50~59세,2022년04월_여_60~69세,2022년04월_여_70~79세,2022년04월_여_80~89세,2022년04월_여_90~99세,2022년04월_여_100세 이상
서울특별시  (1100000000),9500480,9500480,570459,755004,1415503,1432168,1474827,1507408,1291867,703130,305966,42439,1709,4610082,4610082,292863,386562,679446,715548,730021,742833,610149,319594,121716,10935,415,4890398,4890398,277596,368442,736057,716620,744806,764575,681718,383536,184250,31504,1294
서울특별시 종로구 (1111000000),144005,144005,6768,10300,22714,19363,20664,24844,20421,11607,6328,958,38,69722,69722,3414,5094,10867,9664,9961,12451,10239,5181,2547,292,12,74283,74283,3354,5206,11847,9699,10703,12393,10182,6426,3781,666,26
서울특별시 종로구 청운효자동(1111051500),11853,11853,705,1137,1525,1549,2064,1916,1400,943,541,71,2,5461,5461,362,602,745,711,910,872,636,380,221,22,0,6392,6392,343,535,780,838,1154,1044,764,563,320,49,2
서울특별시 종로구 사직동(1111053000),9334,9334,542,676,1167,1463,1457,1540,1218,703,478,89,1,4161,4161,269,295,516,629,647,696,581,288,204,35,1,5173,5173,273,381,651,834,810,844,637,415,274,54,0
서울특별시 종로구 삼청동(1111054000),2412,2412,92,172,298,303,344,369,412,239,153,28,2,1151,1151,43,100,149,137,167,189,188,111,54,12,1,1261,1261,49,72,149,166,177,180,224,128,99,16,1
서울특별시 종로구 부암동(1111055000),9476,9476,476,841,1202,1185,1530,1686,1331,740,405,77,3,4514,4514,237,465,607,600,679,780,626,337,166,17,0,4962,4962,239,376,595,585,851,906,705,403,239,60,3
서울특별시 종로구 평창동(1111056000),18063,18063,1144,1564,2272,2169,2683,3254,2700,1318,792,158,9,8410,8410,604,764,1120,1011,1202,1473,1283,595,319,36,3,9653,9653,540,800,1152,1158,1481,1781,1417,723,473,122,6
서울특별시 종로구 무악동(1111057000),8164,8164,613,966,874,871,1377,1430,1044,601,346,37,5,3786,3786,275,427,411,401,645,722,498,254,140,12,1,4378,4378,338,539,463,470,732,708,546,347,206,25,4
서울특별시 종로구 교남동(1111058000),9978,9978,808,781,1164,1560,1766,1594,1198,709,362,33,3,4580,4580,394,370,535,701,826,768,553,273,150,10,0,5398,5398,414,411,629,859,940,826,645,436,212,23,3
서울특별시 종로구 가회동(1111060000),4038,4038,175,302,471,545,656,711,565,378,203,32,0,1857,1857,98,149,213,256,314,328,265,152,77,5,0,2181,2181,77,153,258,289,342,383,300,226,126,27,0
서울특별시 종로구 종로1.2.3.4가동(1111061500),7225,7225,177,219,980,974,905,1290,1393,808,410,66,3,4268,4268,93,110,478,554,552,884,920,454,202,19,2,2957,2957,84,109,502,420,353,406,473,354,208,47,1
서울특별시 종로구 종로5.6가동(1111063000),5095,5095,91,204,1148,750,530,886,760,471,225,29,1,2702,2702,43,93,529,440,315,516,435,223,98,10,0,2393,2393,48,111,619,310,215,370,325,248,127,19,1
서울특별시 종로구 이화동(1111064000),7214,7214,206,344,1615,1225,886,1084,929,562,314,46,3,3434,3434,104,166,757,610,439,551,433,246,110,17,1,3780,3780,102,178,858,615,447,533,496,316,204,29,2
서울특별시 종로구 혜화동(1111065000),16349,16349,603,1330,4380,1982,2070,2365,1668,1150,692,105,4,7859,7859,291,653,2183,1047,991,1139,787,477,258,32,1,8490,8490,312,677,2197,935,1079,1226,881,673,434,73,3
서울특별시 종로구 창신제1동(1111067000),4899,4899,129,200,624,574,571,980,1025,514,250,32,0,2630,2630,61,111,326,350,290,549,582,255,96,10,0,2269,2269,68,89,298,224,281,431,443,259,154,22,0
서울특별시 종로구 창신제2동(1111068000),7860,7860,186,411,1075,912,941,1762,1429,763,340,41,0,4048,4048,103,216,562,532,498,919,735,332,133,18,0,3812,3812,83,195,513,380,443,843,694,431,207,23,0
서울특별시 종로구 창신제3동(1111069000),6503,6503,345,458,893,889,874,1215,1040,494,256,37,2,3210,3210,183,234,470,455,426,588,520,226,90,16,2,3293,3293,162,224,423,434,448,627,520,268,166,21,0
서울특별시 종로구 숭인제1동(1111070000),5862,5862,234,349,767,793,861,1142,927,501,250,38,0,2820,2820,129,164,369,389,448,559,438,223,92,9,0,3042,3042,105,185,398,404,413,583,489,278,158,29,0
서울특별시 종로구 숭인제2동(1111071000),9680,9680,242,346,2259,1619,1149,1620,1382,713,311,39,0,4831,4831,125,175,897,841,612,918,759,355,137,12,0,4849,4849,117,171,1362,778,537,702,623,358,174,27,0
서울특별시 중구 (1114000000),122087,122087,6099,6509,18081,19860,17243,19960,18017,10267,5175,846,30,59417,59417,3137,3225,8360,9930,8846,10135,8973,4651,1915,233,12,62670,62670,2962,3284,9721,9930,8397,9825,9044,5616,3260,613,18
서울특별시 중구 소공동(1114052000),2263,2263,166,126,266,507,503,309,240,102,37,6,1,1083,1083,85,38,108,229,259,162,133,53,14,2,0,1180,1180,81,88,158,278,244,147,107,49,23,4,1
서울특별시 중구 회현동(1114054000),4737,4737,173,217,463,550,624,867,1014,532,239,55,3,2452,2452,91,98,220,252,342,484,579,270,102,13,1,2285,2285,82,119,243,298,282,383,435,262,137,42,2
서울특별시 중구 명동(1114055000),2868,2868,81,141,359,401,407,484,517,301,149,27,1,1253,1253,50,60,157,216,172,217,217,116,41,6,1,1615,1615,31,81,202,185,235,267,300,185,108,21,0
서울특별시 중구 필동(1114057000),4019,4019,165,203,720,670,455,584,610,347,211,54,0,2067,2067,86,102,363,349,251,344,312,164,79,17,0,1952,1952,79,101,357,321,204,240,298,183,132,37,0
서울특별시 중구 장충동(1114058000),4596,4596,154,298,1203,654,559,601,539,361,198,29,0,2387,2387,79,151,658,361,298,311,280,168,70,11,0,2209,2209,75,147,545,293,261,290,259,193,128,18,0
서울특별시 중구 광희동(1114059000),5248,5248,123,177,1060,911,594,800,839,510,204,29,1,2655,2655,62,78,444,506,322,444,457,251,82,8,1,2593,2593,61,99,616,405,272,356,382,259,122,21,0
서울특별시 중구 을지로동(1114060500),1737,1737,33,37,240,322,183,270,375,181,80,16,0,1059,1059,17,19,112,187,117,195,258,108,40,6,0,678,678,16,18,128,135,66,75,117,73,40,10,0
서울특별시 중구 신당동(1114061500),7702,7702,254,273,1389,1312,1055,1327,1104,641,294,50,3,3796,3796,109,123,601,653,583,711,572,318,112,11,3,3906,3906,145,150,788,659,472,616,532,323,182,39,0
서울특별시 중구 다산동(1114062500),13744,13744,482,768,2268,2196,1853,2259,2008,1215,599,93,3,6671,6671,255,406,1079,1142,967,1089,926,556,224,26,1,7073,7073,227,362,1189,1054,886,1170,1082,659,375,67,2
서울특별시 중구 약수동(1114063500),16595,16595,962,924,1960,2311,2346,2775,2692,1589,872,161,3,7681,7681,468,468,911,1087,1161,1308,1225,699,310,43,1,8914,8914,494,456,1049,1224,1185,1467,1467,890,562,118,2
서울특별시 중구 청구동(1114064500),13485,13485,683,830,1792,2143,1823,2266,2068,1135,652,91,2,6414,6414,356,421,856,1090,895,1082,995,450,246,22,1,7071,7071,327,409,936,1053,928,1184,1073,685,406,69,1
서울특별시 중구 신당제5동(1114065000),10288,10288,529,517,1603,1691,1515,1843,1368,788,388,43,3,5013,5013,264,246,723,848,778,986,678,327,148,15,0,5275,5275,265,271,880,843,737,857,690,461,240,28,3
서울특별시 중구 동화동(1114066500),10199,10199,631,798,1284,1299,1458,1909,1532,763,462,61,2,4907,4907,354,393,614,629,698,937,764,343,155,20,0,5292,5292,277,405,670,670,760,972,768,420,307,41,2
서울특별시 중구 황학동(1114067000),12638,12638,701,475,2141,2833,1842,1779,1550,884,364,67,2,6010,6010,367,231,877,1399,924,887,765,414,129,17,0,6628,6628,334,244,1264,1434,918,892,785,470,235,50,2
서울특별시 중구 중림동(1114068000),11968,11968,962,725,1333,2060,2026,1887,1561,918,426,64,6,5969,5969,494,391,637,982,1079,978,812,414,163,16,3,5999,5999,468,334,696,1078,947,909,749,504,263,48,3
서울특별시 용산구 (1117000000),222009,222009,12415,14585,32317,37623,33450,36014,29359,15945,8772,1452,77,106645,106645,6359,7370,15153,18628,16474,17726,14196,6983,3307,430,19,115364,115364,6056,7215,17164,18995,16976,18288,15163,8962,5465,1022,58
서울특별시 용산구 후암동(1117051000),16696,16696,837,1159,2342,2777,2534,2745,2286,1262,637,104,13,8142,8142,435,638,1189,1457,1224,1348,1071,549,203,25,3,8554,8554,402,521,1153,1320,1310,1397,1215,713,434,79,10
서울특별시 용산구 용산2가동(1117052000),9390,9390,295,482,1439,1689,1285,1377,1398,885,464,75,1,4534,4534,151,250,750,867,674,642,632,382,167,19,0,4856,4856,144,232,689,822,611,735,766,503,297,56,1
서울특별시 용산구 남영동(1117053000),7347,7347,165,250,943,1024,996,1594,1415,622,292,40,6,4462,4462,91,138,453,535,633,1094,987,372,147,11,1,2885,2885,74,112,490,489,363,500,428,250,145,29,5
서울특별시 용산구 청파동(1117055500),19381,19381,617,1064,4204,3236,2528,3039,2466,1411,725,87,4,9014,9014,302,526,1624,1739,1279,1502,1164,577,278,22,1,10367,10367,315,538,2580,1497,1249,1537,1302,834,447,65,3
서울특별시 용산구 원효로제1동(1117056000),15996,15996,1205,941,2442,3627,2614,2217,1703,820,365,59,3,7563,7563,603,481,1001,1696,1309,1100,830,374,152,16,1,8433,8433,602,460,1441,1931,1305,1117,873,446,213,43,2
서울특별시 용산구 원효로제2동(1117057000),13724,13724,821,1129,1890,2161,2107,2263,1778,980,519,74,2,6456,6456,401,472,856,1077,1054,1103,844,452,178,19,0,7268,7268,420,657,1034,1084,1053,1160,934,528,341,55,2
서울특별시 용산구 효창동(1117058000),10390,10390,802,711,1550,1893,1594,1646,1138,661,340,54,1,4941,4941,407,375,735,906,769,776,549,273,133,18,0,5449,5449,395,336,815,987,825,870,589,388,207,36,1
서울특별시 용산구 용문동(1117059000),11797,11797,694,708,1752,1940,1698,1954,1591,962,436,59,3,5649,5649,337,368,858,956,835,980,712,417,173,13,0,6148,6148,357,340,894,984,863,974,879,545,263,46,3
서울특별시 용산구 한강로동(1117062500),21557,21557,1233,975,3596,4786,2860,3373,2638,1269,708,112,7,10249,10249,642,511,1515,2271,1404,1632,1331,590,315,37,1,11308,11308,591,464,2081,2515,1456,1741,1307,679,393,75,6
서울특별시 용산구 이촌제1동(1117063000),25741,25741,2427,2671,2639,3132,4420,4385,2973,1659,1181,242,12,12055,12055,1281,1340,1283,1375,1998,2100,1450,697,439,88,4,13686,13686,1146,1331,1356,1757,2422,2285,1523,962,742,154,8
서울특별시 용산구 이촌제2동(1117064000),8201,8201,489,496,835,1308,1200,1342,1355,721,384,70,1,3841,3841,243,244,419,646,597,628,610,315,126,13,0,4360,4360,246,252,416,662,603,714,745,406,258,57,1
서울특별시 용산구 이태원제1동(1117065000),6295,6295,211,261,1009,1117,807,979,1005,523,307,76,0,3060,3060,102,133,523,609,411,459,468,212,120,23,0,3235,3235,109,128,486,508,396,520,537,311,187,53,0
서울특별시 용산구 이태원제2동(1117066000),8905,8905,386,460,1350,1639,1337,1258,1194,762,451,67,1,4088,4088,190,214,651,801,636,574,520,323,157,22,0,4817,4817,196,246,699,838,701,684,674,439,294,45,1
서울특별시 용산구 한남동(1117068500),20318,20318,1108,1128,2547,3827,3230,3175,2849,1515,777,144,18,9794,9794,593,557,1310,1841,1605,1520,1350,656,314,40,8,10524,10524,515,571,1237,1986,1625,1655,1499,859,463,104,10
서울특별시 용산구 서빙고동(1117069000),12978,12978,740,1447,1720,1429,2348,2278,1536,767,614,98,1,6202,6202,377,726,848,711,1091,1107,772,320,216,34,0,6776,6776,363,721,872,718,1257,1171,764,447,398,64,1
서울특별시 용산구 보광동(1117070000),13293,13293,385,703,2059,2038,1892,2389,2034,1126,572,91,4,6595,6595,204,397,1138,1141,955,1161,906,474,189,30,0,6698,6698,181,306,921,897,937,1228,1128,652,383,61,4
서울특별시 성동구 (1120000000),284573,284573,18839,18988,42859,46302,43035,45797,38074,20158,9293,1177,51,138581,138581,9638,9428,21076,22688,21592,22662,18636,9005,3533,306,17,145992,145992,9201,9560,21783,23614,21443,23135,19438,11153,5760,871,34
서울특별시 성동구 왕십리제2동(1120052000),16376,16376,1165,1093,2330,2836,2480,2649,2147,1131,474,69,2,7917,7917,592,575,1090,1402,1223,1296,1031,496,190,21,1,8459,8459,573,518,1240,1434,1257,1353,1116,635,284,48,1
서울특별시 성동구 왕십리도선동(1120053500),26524,26524,2157,1628,4207,4477,4026,4352,3160,1591,814,111,1,12566,12566,1099,828,1907,2077,1999,2059,1554,711,309,23,0,13958,13958,1058,800,2300,2400,2027,2293,1606,880,505,88,1
서울특별시 성동구 마장동(1120054000),22298,22298,1105,1563,4218,3185,2853,3541,3176,1740,801,111,5,10986,10986,565,752,2142,1647,1449,1719,1578,792,311,31,0,11312,11312,540,811,2076,1538,1404,1822,1598,948,490,80,5
서울특별시 성동구 사근동(1120055000),12078,12078,401,855,4744,1600,1104,1293,981,718,350,31,1,6262,6262,213,386,2626,907,578,632,468,302,140,10,0,5816,5816,188,469,2118,693,526,661,513,416,210,21,1
서울특별시 성동구 행당제1동(1120056000),13929,13929,950,994,2208,2280,2102,2219,1730,936,442,64,4,6690,6690,480,463,1044,1130,1026,1061,869,426,172,18,1,7239,7239,470,531,1164,1150,1076,1158,861,510,270,46,3
서울특별시 성동구 행당제2동(1120057000),23146,23146,1678,1985,2763,3453,3787,3941,2916,1733,788,98,4,10838,10838,825,888,1333,1625,1805,1940,1359,747,295,20,1,12308,12308,853,1097,1430,1828,1982,2001,1557,986,493,78,3
서울특별시 성동구 응봉동(1120058000),15256,15256,1093,1573,1697,2093,2779,2470,1775,1137,579,60,0,7263,7263,578,790,829,1012,1310,1208,820,483,217,16,0,7993,7993,515,783,868,1081,1469,1262,955,654,362,44,0
서울특별시 성동구 금호1가동(1120059000),15107,15107,1175,1078,1654,2432,2530,2354,2146,1124,545,67,2,7193,7193,595,556,825,1130,1278,1126,981,493,191,18,0,7914,7914,580,522,829,1302,1252,1228,1165,631,354,49,2
서울특별시 성동구 금호2.3가동(1120061500),22550,22550,1679,1329,2702,3957,3633,3614,3048,1697,780,105,6,10720,10720,862,651,1372,1904,1782,1704,1416,732,266,29,2,11830,11830,817,678,1330,2053,1851,1910,1632,965,514,76,4
서울특별시 성동구 금호4가동(1120062000),14271,14271,1274,934,1411,2503,2554,2115,1880,1064,477,54,5,6768,6768,657,476,705,1133,1292,1042,852,438,156,14,3,7503,7503,617,458,706,1370,1262,1073,1028,626,321,40,2
서울특별시 성동구 옥수동(1120064500),25866,25866,2471,1654,2646,4700,4480,3816,3424,1740,805,123,7,12037,12037,1230,835,1222,2113,2209,1761,1547,768,309,39,4,13829,13829,1241,819,1424,2587,2271,2055,1877,972,496,84,3
서울특별시 성동구 성수1가제1동(1120065000),16427,16427,1001,1039,2479,2848,2302,3007,2350,931,412,54,4,8189,8189,542,538,1283,1400,1133,1485,1199,437,158,12,2,8238,8238,459,501,1196,1448,1169,1522,1151,494,254,42,2
서울특별시 성동구 성수1가제2동(1120066000),12427,12427,663,814,1903,2295,1871,1938,1693,854,361,35,0,6100,6100,341,425,908,1137,921,965,843,411,141,8,0,6327,6327,322,389,995,1158,950,973,850,443,220,27,0
서울특별시 성동구 성수2가제1동(1120067000),15639,15639,707,814,2093,2493,2110,2855,2776,1214,517,56,4,8172,8172,362,413,1081,1360,1141,1547,1478,566,213,10,1,7467,7467,345,401,1012,1133,969,1308,1298,648,304,46,3
서울특별시 성동구 성수2가제3동(1120069000),10695,10695,532,501,1894,1847,1406,1714,1550,811,389,49,2,5375,5375,278,264,874,937,733,897,827,386,162,16,1,5320,5320,254,237,1020,910,673,817,723,425,227,33,1
서울특별시 성동구 송정동(1120072000),10445,10445,453,545,1660,1590,1471,1880,1705,775,319,45,2,5504,5504,240,297,842,868,823,1015,918,365,123,12,1,4941,4941,213,248,818,722,648,865,787,410,196,33,1
서울특별시 성동구 용답동(1120079000),11539,11539,335,589,2250,1713,1547,2039,1617,962,440,45,2,6001,6001,179,291,993,906,890,1205,896,452,180,9,0,5538,5538,156,298,1257,807,657,834,721,510,260,36,2
서울특별시 광진구 (1121500000),340396,340396,17370,24708,61623,54767,50232,53920,44455,22189,9787,1290,55,164191,164191,8909,12494,28903,27208,24709,26366,21184,10159,3898,346,15,176205,176205,8461,12214,32720,27559,25523,27554,23271,12030,5889,944,40
서울특별시 광진구 화양동(1121571000),23721,23721,351,775,10499,4654,2120,2090,1722,1001,450,56,3,11310,11310,172,340,4552,2427,1182,1142,828,458,192,16,1,12411,12411,179,435,5947,2227,938,948,894,543,258,40,2
서울특별시 광진구 군자동(1121573000),19517,19517,768,981,4414,3624,2507,2752,2506,1324,574,64,3,9664,9664,395,504,2160,1850,1295,1404,1203,624,219,10,0,9853,9853,373,477,2254,1774,1212,1348,1303,700,355,54,3
서울특별시 광진구 중곡제1동(1121574000),15370,15370,678,689,2773,2953,2043,2440,2179,1111,453,49,2,7432,7432,349,361,1202,1464,1084,1238,1017,505,202,9,1,7938,7938,329,328,1571,1489,959,1202,1162,606,251,40,1
서울특별시 광진구 중곡제2동(1121575000),21302,21302,1003,1318,3669,3816,2957,3451,2968,1474,568,77,1,10032,10032,503,670,1648,1818,1462,1606,1393,675,243,13,1,11270,11270,500,648,2021,1998,1495,1845,1575,799,325,64,0
서울특별시 광진구 중곡제3동(1121576000),16048,16048,661,863,2535,2693,2165,2818,2445,1278,524,63,3,7967,7967,373,430,1231,1434,1115,1393,1201,571,201,17,1,8081,8081,288,433,1304,1259,1050,1425,1244,707,323,46,2
서울특별시 광진구 중곡제4동(1121577000),28404,28404,1215,1794,4241,4130,3913,5183,4613,2322,891,95,7,13904,13904,640,954,2118,2118,1975,2456,2183,1087,348,22,3,14500,14500,575,840,2123,2012,1938,2727,2430,1235,543,73,4
서울특별시 광진구 능동(1121578000),11263,11263,491,507,2340,2481,1616,1451,1304,699,332,39,3,5192,5192,261,256,1000,1143,816,668,587,313,133,15,0,6071,6071,230,251,1340,1338,800,783,717,386,199,24,3
서울특별시 광진구 광장동(1121581000),34485,34485,2864,5393,3949,3500,7224,5826,3265,1449,860,147,8,16699,16699,1476,2769,1967,1537,3289,2957,1621,681,355,45,2,17786,17786,1388,2624,1982,1963,3935,2869,1644,768,505,102,6
서울특별시 광진구 자양제1동(1121582000),22170,22170,859,1441,4117,3763,3263,3500,2925,1527,687,87,1,10771,10771,440,764,1971,1935,1620,1726,1359,657,273,26,0,11399,11399,419,677,2146,1828,1643,1774,1566,870,414,61,1
서울특별시 광진구 자양제2동(1121583000),24340,24340,1406,1769,3546,3640,3800,4021,3736,1678,649,92,3,11791,11791,702,935,1748,1810,1864,1879,1790,776,263,23,1,12549,12549,704,834,1798,1830,1936,2142,1946,902,386,69,2
서울특별시 광진구 자양제3동(1121584000),27902,27902,2154,2501,3706,3986,4400,4721,3721,1649,907,153,4,13339,13339,1094,1203,1864,1854,2084,2246,1832,757,354,49,2,14563,14563,1060,1298,1842,2132,2316,2475,1889,892,553,104,2
서울특별시 광진구 자양제4동(1121584700),17992,17992,663,821,2934,2838,2367,2968,3064,1602,658,75,2,8965,8965,345,402,1433,1524,1233,1547,1481,726,255,18,1,9027,9027,318,419,1501,1314,1134,1421,1583,876,403,57,1
서울특별시 광진구 구의제1동(1121585000),23006,23006,911,1200,4913,4523,3279,3361,2696,1422,619,77,5,10949,10949,453,584,2216,2264,1640,1625,1261,646,240,20,0,12057,12057,458,616,2697,2259,1639,1736,1435,776,379,57,5
서울특별시 광진구 구의제2동(1121586000),26361,26361,1620,2225,3566,3705,4228,4553,3619,1930,813,96,6,12699,12699,835,1135,1748,1858,2056,2193,1657,878,316,23,0,13662,13662,785,1090,1818,1847,2172,2360,1962,1052,497,73,6
서울특별시 광진구 구의제3동(1121587000),28515,28515,1726,2431,4421,4461,4350,4785,3692,1723,802,120,4,13477,13477,871,1187,2045,2172,1994,2286,1771,805,304,40,2,15038,15038,855,1244,2376,2289,2356,2499,1921,918,498,80,2
서울특별시 동대문구 (1123000000),337570,337570,19187,22995,56546,48692,48818,52105,47637,27441,12571,1512,66,166554,166554,9832,11603,27534,25080,25174,26399,23146,12356,5012,400,18,171016,171016,9355,11392,29012,23612,23644,25706,24491,15085,7559,1112,48
서울특별시 동대문구 용신동(1123053600),32589,32589,1380,1448,6444,5947,4400,4672,4466,2463,1225,138,6,16299,16299,698,740,2895,3063,2376,2522,2321,1131,511,40,2,16290,16290,682,708,3549,2884,2024,2150,2145,1332,714,98,4
서울특별시 동대문구 제기동(1123054500),24557,24557,918,1379,4550,3145,2909,3772,3930,2549,1250,145,10,12586,12586,471,718,2442,1735,1600,2000,1921,1152,504,40,3,11971,11971,447,661,2108,1410,1309,1772,2009,1397,746,105,7
서울특별시 동대문구 전농제1동(1123056000),29009,29009,1688,1844,4461,3988,4133,4819,4314,2455,1168,133,6,14536,14536,868,918,2277,2030,2198,2482,2181,1093,462,27,0,14473,14473,820,926,2184,1958,1935,2337,2133,1362,706,106,6
서울특별시 동대문구 전농제2동(1123057000),18381,18381,1107,1649,2130,2139,2884,3196,2815,1568,801,90,2,8838,8838,561,805,1090,1093,1395,1557,1287,676,341,32,1,9543,9543,546,844,1040,1046,1489,1639,1528,892,460,58,1
서울특별시 동대문구 답십리제1동(1123060000),28874,28874,2605,1967,4084,5056,4782,4214,3456,1765,828,108,9,13887,13887,1322,995,1830,2377,2469,2061,1709,785,310,28,1,14987,14987,1283,972,2254,2679,2313,2153,1747,980,518,80,8
서울특별시 동대문구 답십리제2동(1123061000),28060,28060,1757,1823,3423,4268,4029,4734,4349,2429,1123,123,2,13626,13626,873,898,1725,2183,2034,2329,2038,1084,435,26,1,14434,14434,884,925,1698,2085,1995,2405,2311,1345,688,97,1
서울특별시 동대문구 장안제1동(1123065000),38180,38180,2324,2562,5229,6149,6229,5932,5602,2932,1082,132,7,18889,18889,1223,1301,2442,3143,3225,2964,2696,1420,437,37,1,19291,19291,1101,1261,2787,3006,3004,2968,2906,1512,645,95,6
서울특별시 동대문구 장안제2동(1123066000),32450,32450,2679,2764,3765,4842,5694,4967,4439,2334,839,116,11,16157,16157,1392,1494,1896,2418,2904,2482,2123,1099,320,25,4,16293,16293,1287,1270,1869,2424,2790,2485,2316,1235,519,91,7
서울특별시 동대문구 청량리동(1123070500),18724,18724,684,1019,2146,2052,2298,3192,3809,2301,1076,145,2,9338,9338,347,541,1137,1131,1201,1621,1880,1027,414,39,0,9386,9386,337,478,1009,921,1097,1571,1929,1274,662,106,2
서울특별시 동대문구 회기동(1123071000),10595,10595,384,691,3462,1484,1259,1208,1004,650,400,51,2,5074,5074,194,324,1620,803,628,612,464,269,146,12,2,5521,5521,190,367,1842,681,631,596,540,381,254,39,0
서울특별시 동대문구 휘경제1동(1123072000),13977,13977,794,793,3643,2184,1691,1906,1530,943,434,57,2,6621,6621,394,370,1539,1135,880,926,764,409,190,14,0,7356,7356,400,423,2104,1049,811,980,766,534,244,43,2
서울특별시 동대문구 휘경제2동(1123073000),24152,24152,1102,2092,5484,2875,3349,3544,3001,1823,781,99,2,12081,12081,580,1022,2905,1551,1661,1798,1412,816,302,34,0,12071,12071,522,1070,2579,1324,1688,1746,1589,1007,479,65,2
서울특별시 동대문구 이문제1동(1123074000),18137,18137,628,1271,4956,2145,2192,2578,2126,1390,764,84,3,9028,9028,326,623,2433,1213,1125,1340,1031,594,316,26,1,9109,9109,302,648,2523,932,1067,1238,1095,796,448,58,2
서울특별시 동대문구 이문제2동(1123075000),19885,19885,1137,1693,2769,2418,2969,3371,2796,1839,800,91,2,9594,9594,583,854,1303,1205,1478,1705,1319,801,324,20,2,10291,10291,554,839,1466,1213,1491,1666,1477,1038,476,71,0
서울특별시 중랑구 (1126000000),388941,388941,21232,25258,54129,57722,55758,67106,61236,31542,13264,1628,66,191741,191741,10909,12839,26458,29694,28881,33214,29687,14397,5268,374,20,197200,197200,10323,12419,27671,28028,26877,33892,31549,17145,7996,1254,46
서울특별시 중랑구 면목제2동(1126052000),24063,24063,1121,1437,3214,3265,3448,4700,3872,2049,838,117,2,12023,12023,581,714,1587,1743,1844,2389,1883,918,337,27,0,12040,12040,540,723,1627,1522,1604,2311,1989,1131,501,90,2
서울특별시 중랑구 면목제4동(1126054000),18913,18913,991,1183,2417,2621,2901,3227,3045,1797,664,65,2,9404,9404,520,621,1244,1372,1516,1618,1452,768,268,24,1,9509,9509,471,562,1173,1249,1385,1609,1593,1029,396,41,1
서울특별시 중랑구 면목제5동(1126055000),14849,14849,1394,876,1732,2634,2363,2411,2014,1004,389,32,0,7468,7468,692,446,888,1322,1272,1226,992,471,151,8,0,7381,7381,702,430,844,1312,1091,1185,1022,533,238,24,0
서울특별시 중랑구 면목본동(1126056500),33411,33411,1354,1748,5149,5212,4702,6100,5120,2785,1123,112,6,16546,16546,700,849,2547,2762,2477,3026,2495,1218,447,21,4,16865,16865,654,899,2602,2450,2225,3074,2625,1567,676,91,2
서울특별시 중랑구 면목제7동(1126057000),21680,21680,1104,1146,2896,3263,3072,3750,3659,1954,738,96,2,10876,10876,604,591,1440,1694,1627,1868,1802,922,306,22,0,10804,10804,500,555,1456,1569,1445,1882,1857,1032,432,74,2
서울특별시 중랑구 면목제3.8동(1126057500),24533,24533,962,1360,3566,3436,3299,4524,4163,2206,903,111,3,12167,12167,488,702,1795,1826,1736,2246,1974,1004,365,30,1,12366,12366,474,658,1771,1610,1563,2278,2189,1202,538,81,2
서울특별시 중랑구 상봉제1동(1126058000),23851,23851,1626,1835,3276,3521,3448,4145,3569,1591,738,100,2,11614,11614,810,984,1627,1776,1716,1977,1723,703,281,17,0,12237,12237,816,851,1649,1745,1732,2168,1846,888,457,83,2
서울특별시 중랑구 상봉제2동(1126059000),20233,20233,746,706,4190,4511,2522,3030,2597,1324,531,71,5,9770,9770,371,385,1724,2274,1318,1542,1288,617,228,22,1,10463,10463,375,321,2466,2237,1204,1488,1309,707,303,49,4
서울특별시 중랑구 중화제1동(1126060000),19453,19453,1058,1241,2677,3125,2676,3163,3186,1644,621,61,1,9556,9556,534,615,1319,1627,1411,1490,1529,768,249,14,0,9897,9897,524,626,1358,1498,1265,1673,1657,876,372,47,1
서울특별시 중랑구 중화제2동(1126061000),24821,24821,990,1111,3585,3690,3260,4653,4297,2148,1004,82,1,12748,12748,550,585,1774,1941,1779,2479,2221,990,406,22,1,12073,12073,440,526,1811,1749,1481,2174,2076,1158,598,60,0
서울특별시 중랑구 묵제1동(1126062000),34367,34367,2027,2992,4894,4652,5476,5560,4881,2639,1111,121,14,16529,16529,1029,1525,2284,2338,2697,2679,2254,1223,470,24,6,17838,17838,998,1467,2610,2314,2779,2881,2627,1416,641,97,8
서울특별시 중랑구 묵제2동(1126063000),18600,18600,895,1112,2613,2751,2776,3184,3005,1553,644,65,2,9132,9132,465,578,1278,1402,1415,1592,1386,724,274,17,1,9468,9468,430,534,1335,1349,1361,1592,1619,829,370,48,1
서울특별시 중랑구 망우본동(1126065500),35461,35461,2449,2126,4821,5675,4834,5774,5618,2790,1200,166,8,17597,17597,1260,1040,2280,2917,2581,2922,2815,1307,432,40,3,17864,17864,1189,1086,2541,2758,2253,2852,2803,1483,768,126,5
서울특별시 중랑구 망우제3동(1126066000),16181,16181,644,1000,2129,1962,2159,3166,2900,1507,607,104,3,8144,8144,346,455,1101,1064,1114,1588,1491,704,261,20,0,8037,8037,298,545,1028,898,1045,1578,1409,803,346,84,3
서울특별시 중랑구 신내1동(1126068000),38310,38310,2735,3777,4680,4633,5843,6279,5920,2890,1327,217,9,18542,18542,1393,1932,2404,2264,2875,2962,2842,1335,500,35,0,19768,19768,1342,1845,2276,2369,2968,3317,3078,1555,827,182,9
서울특별시 중랑구 신내2동(1126069000),20215,20215,1136,1608,2290,2771,2979,3440,3390,1661,826,108,6,9625,9625,566,817,1166,1372,1503,1610,1540,725,293,31,2,10590,10590,570,791,1124,1399,1476,1830,1850,936,533,77,4
서울특별시 성북구 (1129000000),433331,433331,27103,36568,65859,58434,67519,70032,57295,32645,15731,2072,73,208762,208762,13839,18557,31532,29193,33184,34586,26908,14199,6230,521,13,224569,224569,13264,18011,34327,29241,34335,35446,30387,18446,9501,1551,60
서울특별시 성북구 성북동(1129052500),16465,16465,705,1124,2696,2508,2432,2741,2113,1256,737,145,8,7677,7677,348,578,1229,1210,1140,1303,988,521,309,49,2,8788,8788,357,546,1467,1298,1292,1438,1125,735,428,96,6
서울특별시 성북구 삼선동(1129055500),22838,22838,939,1804,4208,3209,3350,3734,2825,1713,939,107,10,10870,10870,482,908,1888,1604,1650,1853,1371,721,361,30,2,11968,11968,457,896,2320,1605,1700,1881,1454,992,578,77,8
서울특별시 성북구 동선동(1129057500),15414,15414,488,968,4503,2521,1897,1923,1507,1025,508,70,4,6471,6471,230,385,1478,1180,920,955,676,439,190,18,0,8943,8943,258,583,3025,1341,977,968,831,586,318,52,4
서울특별시 성북구 돈암제1동(1129058000),14522,14522,754,1187,1901,1911,1987,2631,2220,1252,603,71,5,6789,6789,376,584,875,926,934,1276,1018,558,224,18,0,7733,7733,378,603,1026,985,1053,1355,1202,694,379,53,5
서울특별시 성북구 돈암제2동(1129059000),23697,23697,1836,2688,2806,2863,4163,4189,2826,1427,761,135,3,11224,11224,934,1310,1386,1353,1939,2024,1325,618,300,35,0,12473,12473,902,1378,1420,1510,2224,2165,1501,809,461,100,3
서울특별시 성북구 안암동(1129060000),15194,15194,403,884,5395,2031,1553,1955,1509,922,479,60,3,7657,7657,205,467,2814,1117,799,978,713,378,172,13,1,7537,7537,198,417,2581,914,754,977,796,544,307,47,2
서울특별시 성북구 보문동(1129061000),15812,15812,1007,983,2628,2616,2400,2564,1991,1063,496,60,4,7612,7612,505,478,1238,1344,1190,1264,935,452,195,11,0,8200,8200,502,505,1390,1272,1210,1300,1056,611,301,49,4
서울특별시 성북구 정릉제1동(1129062000),18077,18077,1337,1704,2203,2461,3076,2850,2315,1361,684,84,2,8680,8680,698,853,1088,1211,1491,1379,1093,580,264,23,0,9397,9397,639,851,1115,1250,1585,1471,1222,781,420,61,2
서울특별시 성북구 정릉제2동(1129063000),22887,22887,1351,1781,3141,3019,3392,3817,3413,1964,890,118,1,11062,11062,691,938,1568,1524,1690,1824,1587,865,347,28,0,11825,11825,660,843,1573,1495,1702,1993,1826,1099,543,90,1
서울특별시 성북구 정릉제3동(1129064000),15275,15275,534,996,3234,1855,1741,2309,2310,1434,754,104,4,7626,7626,281,537,1817,1056,851,1139,1025,614,281,24,1,7649,7649,253,459,1417,799,890,1170,1285,820,473,80,3
서울특별시 성북구 정릉제4동(1129065000),24709,24709,1423,2041,3207,2985,3995,4187,3655,2106,973,133,4,11896,11896,749,1068,1612,1477,1955,2011,1656,943,392,33,0,12813,12813,674,973,1595,1508,2040,2176,1999,1163,581,100,4
서울특별시 성북구 길음제1동(1129066000),34905,34905,3386,4897,3311,4059,7499,5303,3358,2050,908,129,5,16555,16555,1733,2401,1585,1825,3549,2722,1503,854,362,21,0,18350,18350,1653,2496,1726,2234,3950,2581,1855,1196,546,108,5
서울특별시 성북구 길음제2동(1129068500),21037,21037,2075,1930,2433,3018,3794,3409,2532,1246,520,79,1,10140,10140,1067,1006,1149,1449,1809,1705,1179,564,197,15,0,10897,10897,1008,924,1284,1569,1985,1704,1353,682,323,64,1
서울특별시 성북구 종암동(1129070500),38442,38442,2379,3504,5548,4906,6105,6320,5000,2856,1579,237,8,19041,19041,1222,1937,2925,2511,3005,3137,2412,1197,624,67,4,19401,19401,1157,1567,2623,2395,3100,3183,2588,1659,955,170,4
서울특별시 성북구 월곡제1동(1129071500),26224,26224,1805,2547,2955,3426,4406,4247,3685,2115,930,108,0,12623,12623,902,1250,1387,1696,2179,2124,1742,922,388,33,0,13601,13601,903,1297,1568,1730,2227,2123,1943,1193,542,75,0
서울특별시 성북구 월곡제2동(1129072500),19401,19401,956,1454,3472,2667,2722,2962,2746,1579,749,91,3,9325,9325,512,730,1472,1387,1366,1497,1346,690,304,20,1,10076,10076,444,724,2000,1280,1356,1465,1400,889,445,71,2
서울특별시 성북구 장위제1동(1129076000),24131,24131,1687,1848,3284,3330,3679,4183,3509,1734,786,88,3,11807,11807,845,937,1664,1740,1849,2035,1656,762,295,23,1,12324,12324,842,911,1620,1590,1830,2148,1853,972,491,65,2
서울특별시 성북구 장위제2동(1129077000),13684,13684,549,831,1921,1806,1825,2378,2280,1378,642,72,2,6751,6751,287,427,935,937,982,1212,1066,626,262,17,0,6933,6933,262,404,986,869,843,1166,1214,752,380,55,2
서울특별시 성북구 장위제3동(1129078000),15729,15729,1636,1309,1988,2398,2632,2483,1964,919,357,42,1,7710,7710,831,652,959,1137,1356,1242,934,441,149,9,0,8019,8019,805,657,1029,1261,1276,1241,1030,478,208,33,1
서울특별시 성북구 석관동(1129081000),34888,34888,1853,2088,5025,4845,4871,5847,5537,3245,1436,139,2,17246,17246,941,1111,2463,2509,2530,2906,2683,1454,614,34,1,17642,17642,912,977,2562,2336,2341,2941,2854,1791,822,105,1
서울특별시 강북구 (1130500000),296942,296942,13598,20538,40668,36469,43206,51414,47208,29265,13023,1506,47,144395,144395,7005,10441,19811,19113,22259,25426,22080,12609,5229,409,13,152547,152547,6593,10097,20857,17356,20947,25988,25128,16656,7794,1097,34
서울특별시 강북구 삼양동(1130553400),23412,23412,1146,1808,2965,2801,3386,4251,3792,2204,936,121,2,11703,11703,610,948,1554,1484,1734,2163,1790,1008,375,36,1,11709,11709,536,860,1411,1317,1652,2088,2002,1196,561,85,1
서울특별시 강북구 미아동(1130553500),21347,21347,667,1276,3584,2794,2848,3651,3445,2032,952,97,1,10245,10245,335,664,1552,1467,1490,1771,1672,880,389,25,0,11102,11102,332,612,2032,1327,1358,1880,1773,1152,563,72,1
서울특별시 강북구 송중동(1130554500),29241,29241,1382,1933,4059,3841,4316,5059,4658,2744,1118,129,2,14063,14063,699,919,1996,1939,2191,2441,2169,1199,473,36,1,15178,15178,683,1014,2063,1902,2125,2618,2489,1545,645,93,1
서울특별시 강북구 송천동(1130555500),26011,26011,911,1481,3379,3034,3557,4819,4693,2786,1223,119,9,12889,12889,454,749,1683,1636,1895,2436,2300,1218,482,34,2,13122,13122,457,732,1696,1398,1662,2383,2393,1568,741,85,7
서울특별시 강북구 삼각산동(1130557500),31009,31009,2627,3867,3240,3474,6090,5167,3528,2023,878,109,6,14888,14888,1366,1967,1601,1615,2943,2583,1611,871,306,23,2,16121,16121,1261,1900,1639,1859,3147,2584,1917,1152,572,86,4
서울특별시 강북구 번1동(1130559500),18394,18394,595,996,3117,2658,2725,3057,2736,1693,730,85,2,9260,9260,322,501,1513,1430,1469,1609,1307,767,313,29,0,9134,9134,273,495,1604,1228,1256,1448,1429,926,417,56,2
서울특별시 강북구 번2동(1130560300),15619,15619,567,938,2146,1641,2129,2719,2692,1905,794,85,3,7546,7546,303,491,1113,875,1098,1356,1245,746,300,19,0,8073,8073,264,447,1033,766,1031,1363,1447,1159,494,66,3
서울특별시 강북구 번3동(1130560800),16650,16650,821,1204,1772,1581,2351,2788,2690,2404,937,98,4,7790,7790,402,618,921,812,1167,1368,1217,880,385,19,1,8860,8860,419,586,851,769,1184,1420,1473,1524,552,79,3
서울특별시 강북구 수유1동(1130561500),20490,20490,859,1251,3059,2651,2824,3488,3372,1977,902,102,5,10089,10089,442,634,1485,1438,1536,1711,1580,870,358,35,0,10401,10401,417,617,1574,1213,1288,1777,1792,1107,544,67,5
서울특별시 강북구 수유2동(1130562500),21168,21168,966,1317,2869,2491,2900,3716,3531,2122,1112,143,1,10083,10083,494,683,1362,1325,1488,1764,1588,904,433,41,1,11085,11085,472,634,1507,1166,1412,1952,1943,1218,679,102,0
서울특별시 강북구 수유3동(1130563500),23056,23056,709,1086,4189,3341,3101,3953,3532,2123,923,96,3,11455,11455,366,560,1998,1821,1670,2014,1649,954,388,35,0,11601,11601,343,526,2191,1520,1431,1939,1883,1169,535,61,3
서울특별시 강북구 우이동(1130564500),20430,20430,969,1358,2491,2526,2818,3536,3398,2119,1075,137,3,9846,9846,491,694,1170,1361,1451,1720,1560,904,456,38,1,10584,10584,478,664,1321,1165,1367,1816,1838,1215,619,99,2
서울특별시 강북구 인수동(1130566000),30115,30115,1379,2023,3798,3636,4161,5210,5141,3133,1443,185,6,14538,14538,721,1013,1863,1910,2127,2490,2392,1408,571,39,4,15577,15577,658,1010,1935,1726,2034,2720,2749,1725,872,146,2
서울특별시 도봉구 (1132000000),315522,315522,16504,23924,40747,38872,45552,55821,51676,27570,13047,1721,88,153445,153445,8595,12302,20575,19899,22599,26772,24391,12646,5172,464,30,162077,162077,7909,11622,20172,18973,22953,29049,27285,14924,7875,1257,58
서울특별시 도봉구 창제1동(1132051100),24527,24527,1375,2028,3139,3235,3826,4235,3597,1941,1018,128,5,11668,11668,698,1035,1549,1613,1863,2006,1636,838,396,31,3,12859,12859,677,993,1590,1622,1963,2229,1961,1103,622,97,2
서울특별시 도봉구 창제2동(1132051200),28918,28918,1569,2144,4032,3897,4380,5076,4269,2362,1075,111,3,14062,14062,816,1105,1994,1970,2223,2428,1971,1084,448,23,0,14856,14856,753,1039,2038,1927,2157,2648,2298,1278,627,88,3
서울특별시 도봉구 창제3동(1132051300),13776,13776,659,997,1697,1555,2058,2514,2278,1346,614,54,4,6892,6892,354,527,884,820,1059,1288,1086,603,252,17,2,6884,6884,305,470,813,735,999,1226,1192,743,362,37,2
서울특별시 도봉구 창제4동(1132051400),26367,26367,1574,2500,3434,3265,4176,4803,3815,1702,932,155,11,12673,12673,828,1278,1732,1582,1973,2249,1838,792,347,47,7,13694,13694,746,1222,1702,1683,2203,2554,1977,910,585,108,4
서울특별시 도봉구 창제5동(1132051500),24412,24412,1376,1828,3474,3425,3367,4304,3835,1796,872,130,5,11670,11670,718,931,1696,1715,1623,1979,1795,820,353,39,1,12742,12742,658,897,1778,1710,1744,2325,2040,976,519,91,4
서울특별시 도봉구 도봉제1동(1132052100),20857,20857,747,1096,2436,2217,2714,3716,3992,2658,1164,114,3,10502,10502,365,587,1293,1227,1482,1853,1938,1234,481,40,2,10355,10355,382,509,1143,990,1232,1863,2054,1424,683,74,1
서울특별시 도봉구 도봉제2동(1132052200),26614,26614,1482,1542,3039,3413,3606,4342,4899,2834,1263,190,4,13001,13001,760,781,1544,1739,1835,2133,2304,1342,520,43,0,13613,13613,722,761,1495,1674,1771,2209,2595,1492,743,147,4
서울특별시 도봉구 쌍문제1동(1132066000),21250,21250,1056,1510,2856,2482,2973,3767,3441,2057,969,122,17,10224,10224,569,716,1338,1305,1498,1824,1608,931,396,34,5,11026,11026,487,794,1518,1177,1475,1943,1833,1126,573,88,12
서울특별시 도봉구 쌍문제2동(1132067000),18671,18671,907,1289,2392,2471,2658,3247,3155,1603,814,118,17,8883,8883,462,686,1207,1269,1331,1457,1447,697,286,35,6,9788,9788,445,603,1185,1202,1327,1790,1708,906,528,83,11
서울특별시 도봉구 쌍문제3동(1132068000),16802,16802,777,1021,2466,2364,2396,2844,2578,1571,701,80,4,8091,8091,388,514,1183,1223,1223,1347,1201,688,299,23,2,8711,8711,389,507,1283,1141,1173,1497,1377,883,402,57,2
서울특별시 도봉구 쌍문제4동(1132068100),18483,18483,1096,1860,2400,2194,2776,3334,2925,1177,622,97,2,8719,8719,582,949,1191,1056,1283,1500,1360,561,214,23,0,9764,9764,514,911,1209,1138,1493,1834,1565,616,408,74,2
서울특별시 도봉구 방학제1동(1132069000),28551,28551,1401,2102,3819,3230,4050,5289,4810,2656,1045,144,5,14197,14197,707,1065,1951,1685,2019,2648,2359,1280,444,38,1,14354,14354,694,1037,1868,1545,2031,2641,2451,1376,601,106,4
서울특별시 도봉구 방학제2동(1132070000),19465,19465,781,1379,2503,2101,2616,3709,3437,1921,909,107,2,9844,9844,419,709,1363,1175,1338,1884,1680,879,367,30,0,9621,9621,362,670,1140,926,1278,1825,1757,1042,542,77,2
서울특별시 도봉구 방학제3동(1132071000),26829,26829,1704,2628,3060,3023,3956,4641,4645,1946,1049,171,6,13019,13019,929,1419,1650,1520,1849,2176,2168,897,369,41,1,13810,13810,775,1209,1410,1503,2107,2465,2477,1049,680,130,5
서울특별시 노원구 (1135000000),509658,509658,29834,50305,69635,62650,80857,86863,71322,37564,17928,2607,93,245222,245222,15399,26038,35567,31215,38568,41933,33091,16395,6359,640,17,264436,264436,14435,24267,34068,31435,42289,44930,38231,21169,11569,1967,76
서울특별시 노원구 월계1동(1135056000),21491,21491,1073,1610,3688,2518,3190,3426,3137,1953,783,107,6,11110,11110,550,861,2191,1362,1644,1734,1511,907,318,30,2,10381,10381,523,749,1497,1156,1546,1692,1626,1046,465,77,4
서울특별시 노원구 월계2동(1135057000),26326,26326,1520,1978,3054,2989,3986,4481,4491,2537,1098,182,10,12659,12659,783,1007,1621,1486,2013,2186,2004,1139,372,45,3,13667,13667,737,971,1433,1503,1973,2295,2487,1398,726,137,7
서울특별시 노원구 월계3동(1135058000),29611,29611,2010,2033,3346,4425,4447,4654,4705,2590,1243,154,4,14130,14130,1033,1064,1660,2202,2278,2166,2079,1168,449,31,0,15481,15481,977,969,1686,2223,2169,2488,2626,1422,794,123,4
서울특별시 노원구 공릉1동(1135059500),36668,36668,1793,2581,6640,5061,5267,5574,5616,2827,1138,167,4,17813,17813,912,1331,3245,2531,2709,2713,2600,1288,444,39,1,18855,18855,881,1250,3395,2530,2558,2861,3016,1539,694,128,3
서울특별시 노원구 공릉2동(1135060000),41840,41840,3164,4431,6866,5757,6710,6359,4985,2390,1041,132,5,20372,20372,1639,2264,3403,2834,3211,3115,2335,1138,390,43,0,21468,21468,1525,2167,3463,2923,3499,3244,2650,1252,651,89,5
서울특별시 노원구 하계1동(1135061100),27181,27181,1026,3318,4704,2642,3877,4860,3751,1850,1018,131,4,13027,13027,546,1835,2504,1303,1743,2330,1736,694,300,36,0,14154,14154,480,1483,2200,1339,2134,2530,2015,1156,718,95,4
서울특별시 노원구 하계2동(1135061200),21756,21756,1346,2603,2826,2475,3711,3885,2714,1359,725,112,0,10358,10358,707,1326,1453,1200,1724,1855,1260,565,235,33,0,11398,11398,639,1277,1373,1275,1987,2030,1454,794,490,79,0
서울특별시 노원구 중계본동(1135061900),23761,23761,1364,4361,2998,1777,4686,4530,2376,1037,556,72,4,11564,11564,718,2214,1531,864,2000,2317,1250,456,196,17,1,12197,12197,646,2147,1467,913,2686,2213,1126,581,360,55,3
서울특별시 노원구 중계1동(1135062100),26583,26583,1832,5401,2861,1918,6117,4629,2267,950,537,68,3,12940,12940,1003,2854,1487,820,2656,2423,1115,396,168,17,1,13643,13643,829,2547,1374,1098,3461,2206,1152,554,369,51,2
서울특별시 노원구 중계4동(1135062400),19719,19719,1000,2103,2419,1873,3219,3608,2694,1827,841,132,3,9473,9473,510,1149,1247,946,1540,1761,1268,714,304,34,0,10246,10246,490,954,1172,927,1679,1847,1426,1113,537,98,3
서울특별시 노원구 중계2.3동(1135062500),33835,33835,1754,2955,3965,4026,5324,5622,4963,3287,1686,246,7,15521,15521,906,1437,1978,1968,2568,2670,2169,1220,546,59,0,18314,18314,848,1518,1987,2058,2756,2952,2794,2067,1140,187,7
서울특별시 노원구 상계1동(1135063000),37830,37830,2064,3159,4921,4651,5437,6828,6252,2965,1352,192,9,18298,18298,1043,1629,2495,2356,2609,3225,2985,1376,531,46,3,19532,19532,1021,1530,2426,2295,2828,3603,3267,1589,821,146,6
서울특별시 노원구 상계2동(1135064000),19846,19846,867,1744,3110,2215,2833,3836,3048,1417,677,96,3,9782,9782,433,849,1588,1178,1383,1895,1506,672,257,21,0,10064,10064,434,895,1522,1037,1450,1941,1542,745,420,75,3
서울특별시 노원구 상계3.4동(1135066500),25893,25893,1271,1948,3017,2763,3655,4651,4443,2693,1315,130,7,12892,12892,646,1073,1602,1488,1857,2323,2160,1196,517,29,1,13001,13001,625,875,1415,1275,1798,2328,2283,1497,798,101,6
서울특별시 노원구 상계5동(1135067000),23795,23795,979,1897,3228,2598,3352,4441,3837,2258,1035,159,11,11520,11520,503,968,1674,1390,1649,2152,1802,991,345,45,1,12275,12275,476,929,1554,1208,1703,2289,2035,1267,690,114,10
서울특별시 노원구 상계6.7동(1135069500),32374,32374,2181,2844,4283,4696,5224,5636,4222,2008,1064,208,8,14956,14956,1120,1469,2061,2213,2400,2544,1874,868,360,46,1,17418,17418,1061,1375,2222,2483,2824,3092,2348,1140,704,162,7
서울특별시 노원구 상계8동(1135070000),22403,22403,2150,1869,2616,4702,3753,3060,2380,1194,580,97,2,10701,10701,1109,938,1306,2316,1840,1427,1010,527,204,23,1,11702,11702,1041,931,1310,2386,1913,1633,1370,667,376,74,1
서울특별시 노원구 상계9동(1135071000),20238,20238,1191,1906,2595,2661,3207,3572,2900,1375,706,124,1,9537,9537,606,984,1338,1339,1439,1655,1299,608,243,25,1,10701,10701,585,922,1257,1322,1768,1917,1601,767,463,99,0
서울특별시 노원구 상계10동(1135072000),18508,18508,1249,1564,2498,2903,2862,3211,2541,1047,533,98,2,8569,8569,632,786,1183,1419,1305,1442,1128,472,180,21,1,9939,9939,617,778,1315,1484,1557,1769,1413,575,353,77,1
서울특별시 은평구 (1138000000),473131,473131,27177,36986,64742,66642,73688,77649,67510,38688,17847,2132,70,226009,226009,13940,18920,30784,32651,36475,37394,31207,16811,7215,597,15,247122,247122,13237,18066,33958,33991,37213,40255,36303,21877,10632,1535,55
서울특별시 은평구 녹번동(1138051000),36721,36721,2333,2158,4856,5935,5471,5912,5323,3112,1438,178,5,17357,17357,1165,1060,2284,2875,2791,2825,2386,1336,588,45,2,19364,19364,1168,1098,2572,3060,2680,3087,2937,1776,850,133,3
서울특별시 은평구 불광제1동(1138052000),38405,38405,2126,2523,5053,5356,5636,6617,5799,3365,1714,209,7,18079,18079,1083,1329,2405,2655,2752,3052,2650,1414,667,71,1,20326,20326,1043,1194,2648,2701,2884,3565,3149,1951,1047,138,6
서울특별시 은평구 불광제2동(1138053000),27369,27369,968,1626,4056,3840,3553,4706,4543,2708,1220,146,3,13228,13228,488,844,1984,1984,1847,2221,2129,1191,502,38,0,14141,14141,480,782,2072,1856,1706,2485,2414,1517,718,108,3
서울특별시 은평구 갈현제1동(1138055100),21490,21490,807,1377,3347,2837,2966,3740,3536,1975,802,98,5,10488,10488,443,724,1682,1539,1502,1732,1618,891,335,21,1,11002,11002,364,653,1665,1298,1464,2008,1918,1084,467,77,4
서울특별시 은평구 갈현제2동(1138055200),28075,28075,1330,2274,4271,3733,4407,4793,3868,2272,1031,94,2,13306,13306,682,1144,2053,1860,2147,2252,1738,962,435,33,0,14769,14769,648,1130,2218,1873,2260,2541,2130,1310,596,61,2
서울특별시 은평구 구산동(1138056000),32068,32068,1592,2718,4328,3954,4878,5626,4846,2744,1230,148,4,15683,15683,789,1325,2092,1980,2466,2772,2384,1309,519,47,0,16385,16385,803,1393,2236,1974,2412,2854,2462,1435,711,101,4
서울특별시 은평구 대조동(1138057000),26805,26805,1024,1525,4742,4275,3777,4195,3655,2343,1139,124,6,12413,12413,541,698,1994,2121,1849,2064,1643,983,479,41,0,14392,14392,483,827,2748,2154,1928,2131,2012,1360,660,83,6
서울특별시 은평구 응암제1동(1138058000),33002,33002,2515,2696,4390,5444,5534,4960,3992,2310,1041,118,2,15614,15614,1273,1401,1991,2601,2717,2442,1802,936,411,39,1,17388,17388,1242,1295,2399,2843,2817,2518,2190,1374,630,79,1
서울특별시 은평구 응암제2동(1138059000),28078,28078,3165,2407,2617,4704,5549,3858,3115,1739,819,101,4,13615,13615,1654,1248,1317,2186,2831,1874,1425,740,316,24,0,14463,14463,1511,1159,1300,2518,2718,1984,1690,999,503,77,4
서울특별시 은평구 응암제3동(1138060000),24248,24248,901,1418,3497,3301,3316,4021,3825,2539,1282,146,2,11783,11783,473,735,1754,1716,1721,2002,1793,1040,511,38,0,12465,12465,428,683,1743,1585,1595,2019,2032,1499,771,108,2
서울특별시 은평구 역촌동(1138062500),45142,45142,2268,3273,6405,6146,7258,7593,6525,3858,1628,178,10,21179,21179,1127,1647,3024,2960,3602,3540,2902,1677,652,46,2,23963,23963,1141,1626,3381,3186,3656,4053,3623,2181,976,132,8
서울특별시 은평구 신사제1동(1138063100),26877,26877,1426,1922,3775,3879,4114,4359,4111,2217,965,108,1,12922,12922,717,1008,1901,1929,2050,2059,1876,972,385,25,0,13955,13955,709,914,1874,1950,2064,2300,2235,1245,580,83,1
서울특별시 은평구 신사제2동(1138063200),19794,19794,960,1516,2725,2671,2956,3339,3185,1599,756,83,4,9859,9859,503,838,1409,1384,1505,1646,1525,723,297,27,2,9935,9935,457,678,1316,1287,1451,1693,1660,876,459,56,2
서울특별시 은평구 증산동(1138064000),16513,16513,944,1316,2190,2182,2420,2762,2601,1402,622,71,3,8051,8051,478,670,1070,1119,1199,1348,1255,624,266,21,1,8462,8462,466,646,1120,1063,1221,1414,1346,778,356,50,2
서울특별시 은평구 수색동(1138065000),13204,13204,936,931,1684,2046,1858,2345,1914,958,471,61,0,6486,6486,481,500,839,1037,930,1169,945,412,161,12,0,6718,6718,455,431,845,1009,928,1176,969,546,310,49,0
서울특별시 은평구 진관동(1138069000),55340,55340,3882,7306,6806,6339,9995,8823,6672,3547,1689,269,12,25946,25946,2043,3749,2985,2705,4566,4396,3136,1601,691,69,5,29394,29394,1839,3557,3821,3634,5429,4427,3536,1946,998,200,7
서울특별시 서대문구 (1141000000),305721,305721,18591,22686,49003,44134,45192,48921,40059,23236,12254,1570,75,145839,145839,9447,11311,23105,21823,22278,23836,18951,9886,4755,430,17,159882,159882,9144,11375,25898,22311,22914,25085,21108,13350,7499,1140,58
서울특별시 서대문구 천연동(1141052000),16974,16974,1127,1349,2078,2282,2573,3025,2300,1328,813,93,6,8048,8048,553,675,981,1133,1228,1512,1122,539,283,20,2,8926,8926,574,674,1097,1149,1345,1513,1178,789,530,73,4
서울특별시 서대문구 북아현동(1141055500),15822,15822,1366,1009,2123,2784,2521,2698,1822,961,481,53,4,7601,7601,696,493,980,1337,1289,1347,873,400,172,13,1,8221,8221,670,516,1143,1447,1232,1351,949,561,309,40,3
서울특별시 서대문구 충현동(1141056500),20271,20271,1155,1275,3288,3362,2941,3255,2726,1390,749,123,7,9762,9762,572,619,1551,1639,1473,1621,1341,621,293,30,2,10509,10509,583,656,1737,1723,1468,1634,1385,769,456,93,5
서울특별시 서대문구 신촌동(1141058500),20240,20240,616,988,8195,3596,1963,1949,1426,904,526,72,5,8910,8910,326,428,3127,1822,944,962,678,390,208,23,2,11330,11330,290,560,5068,1774,1019,987,748,514,318,49,3
서울특별시 서대문구 연희동(1141061500),34754,34754,1468,2309,7475,5459,4657,5120,4100,2553,1385,218,10,16596,16596,716,1166,3717,2731,2227,2451,1887,1064,559,76,2,18158,18158,752,1143,3758,2728,2430,2669,2213,1489,826,142,8
서울특별시 서대문구 홍제제1동(1141062000),23453,23453,1410,1781,2986,3236,3475,4042,3420,1934,1050,113,6,10984,10984,709,875,1448,1556,1666,1895,1558,835,412,30,0,12469,12469,701,906,1538,1680,1809,2147,1862,1099,638,83,6
서울특별시 서대문구 홍제제3동(1141064000),17503,17503,1002,1194,2193,2418,2362,3000,2628,1685,921,95,5,8411,8411,495,612,1095,1238,1166,1493,1224,699,351,37,1,9092,9092,507,582,1098,1180,1196,1507,1404,986,570,58,4
서울특별시 서대문구 홍제제2동(1141065500),13550,13550,730,968,1697,1848,1851,2439,2147,1178,614,72,6,6368,6368,391,484,830,905,873,1147,1020,469,229,18,2,7182,7182,339,484,867,943,978,1292,1127,709,385,54,4
서울특별시 서대문구 홍은제1동(1141066000),22698,22698,1410,1640,2806,3001,3267,4015,3460,1916,1050,126,7,10978,10978,715,820,1398,1496,1657,1952,1676,833,397,33,1,11720,11720,695,820,1408,1505,1610,2063,1784,1083,653,93,6
서울특별시 서대문구 홍은제2동(1141068500),26340,26340,1137,2053,4070,3498,3638,4548,3858,2155,1210,168,5,12688,12688,566,1055,2007,1872,1770,2209,1776,930,467,36,0,13652,13652,571,998,2063,1626,1868,2339,2082,1225,743,132,5
서울특별시 서대문구 남가좌제1동(1141069000),15343,15343,1942,1545,1382,2137,3112,2165,1604,920,469,63,4,7334,7334,997,752,662,917,1586,1070,741,386,201,21,1,8009,8009,945,793,720,1220,1526,1095,863,534,268,42,3
서울특별시 서대문구 남가좌제2동(1141070000),29614,29614,2580,2385,4181,4265,4929,4421,3519,2146,1045,136,7,14279,14279,1305,1157,2046,2062,2485,2187,1685,903,416,30,3,15335,15335,1275,1228,2135,2203,2444,2234,1834,1243,629,106,4
서울특별시 서대문구 북가좌제1동(1141071000),17866,17866,1275,1922,2016,2215,3161,2970,2286,1308,639,73,1,8590,8590,675,987,990,1033,1554,1428,1089,552,265,17,0,9276,9276,600,935,1026,1182,1607,1542,1197,756,374,56,1
서울특별시 서대문구 북가좌제2동(1141072000),31293,31293,1373,2268,4513,4033,4742,5274,4763,2858,1302,165,2,15290,15290,731,1188,2273,2082,2360,2562,2281,1265,502,46,0,16003,16003,642,1080,2240,1951,2382,2712,2482,1593,800,119,2
서울특별시 마포구 (1144000000),367613,367613,22863,27641,61197,62978,59327,55179,41370,23401,11924,1663,70,172724,172724,11678,13963,27252,29752,28756,27024,19312,9862,4630,475,20,194889,194889,11185,13678,33945,33226,30571,28155,22058,13539,7294,1188,50
서울특별시 마포구 아현동(1144055500),25135,25135,2634,1745,2931,4687,4390,3830,2885,1214,704,107,8,11759,11759,1306,835,1260,2133,2198,1841,1383,514,259,28,2,13376,13376,1328,910,1671,2554,2192,1989,1502,700,445,79,6
서울특별시 마포구 공덕동(1144056500),37076,37076,2166,2169,6036,6504,5228,6251,4689,2499,1372,158,4,17397,17397,1137,1103,2584,3075,2620,3051,2243,1043,492,48,1,19679,19679,1029,1066,3452,3429,2608,3200,2446,1456,880,110,3
서울특별시 마포구 도화동(1144058500),21000,21000,1395,1506,2847,3495,3028,3380,2843,1498,868,138,2,10018,10018,735,794,1339,1694,1467,1611,1354,664,323,37,0,10982,10982,660,712,1508,1801,1561,1769,1489,834,545,101,2
서울특별시 마포구 용강동(1144059000),21454,21454,2081,2068,2115,3547,4312,3123,2213,1237,646,111,1,10153,10153,1035,999,974,1620,2057,1587,1062,542,241,36,0,11301,11301,1046,1069,1141,1927,2255,1536,1151,695,405,75,1
서울특별시 마포구 대흥동(1144060000),14513,14513,606,849,3631,2435,1994,2063,1507,861,484,74,9,7013,7013,313,457,1623,1252,992,1073,722,361,197,20,3,7500,7500,293,392,2008,1183,1002,990,785,500,287,54,6
서울특별시 마포구 염리동(1144061000),16840,16840,1384,1596,2540,2650,3133,2493,1586,903,498,56,1,8079,8079,701,801,1158,1270,1549,1265,762,353,202,17,1,8761,8761,683,795,1382,1380,1584,1228,824,550,296,39,0
서울특별시 마포구 신수동(1144063000),22446,22446,1651,1837,3293,3482,3752,3624,2579,1432,694,99,3,10931,10931,838,985,1691,1694,1758,1812,1234,590,296,32,1,11515,11515,813,852,1602,1788,1994,1812,1345,842,398,67,2
서울특별시 마포구 서강동(1144065500),24879,24879,1735,1666,4951,4145,3870,3704,2629,1346,729,99,5,11890,11890,905,836,2350,1987,1858,1776,1260,591,294,33,0,12989,12989,830,830,2601,2158,2012,1928,1369,755,435,66,5
서울특별시 마포구 서교동(1144066000),24892,24892,744,1180,6248,5401,3613,3105,2245,1453,774,125,4,11380,11380,358,578,2633,2539,1752,1494,1027,634,326,38,1,13512,13512,386,602,3615,2862,1861,1611,1218,819,448,87,3
서울특별시 마포구 합정동(1144068000),17240,17240,832,878,3263,3592,2567,2364,1950,1146,560,85,3,7985,7985,412,431,1440,1689,1259,1109,904,493,219,28,1,9255,9255,420,447,1823,1903,1308,1255,1046,653,341,57,2
서울특별시 마포구 망원제1동(1144069000),19881,19881,949,1211,3237,3745,3097,2933,2409,1528,686,82,4,9300,9300,473,606,1489,1797,1495,1428,1095,640,253,23,1,10581,10581,476,605,1748,1948,1602,1505,1314,888,433,59,3
서울특별시 마포구 망원제2동(1144070000),18508,18508,1037,1496,2767,2849,3114,2854,2240,1453,622,70,6,8666,8666,552,740,1242,1342,1509,1398,990,617,258,17,1,9842,9842,485,756,1525,1507,1605,1456,1250,836,364,53,5
서울특별시 마포구 연남동(1144071000),14869,14869,543,742,3170,3008,2196,1932,1676,981,536,82,3,7027,7027,267,402,1440,1488,1098,917,766,409,216,24,0,7842,7842,276,340,1730,1520,1098,1015,910,572,320,58,3
서울특별시 마포구 성산제1동(1144072000),18904,18904,814,1393,3170,3242,3184,2853,2280,1292,614,60,2,8900,8900,398,679,1500,1578,1530,1359,1040,539,261,15,1,10004,10004,416,714,1670,1664,1654,1494,1240,753,353,45,1
서울특별시 마포구 성산제2동(1144073000),39467,39467,2163,3252,6697,6594,6097,5937,4414,2814,1296,194,9,17742,17742,1097,1674,2595,2978,2898,2881,1996,1099,469,50,5,21725,21725,1066,1578,4102,3616,3199,3056,2418,1715,827,144,4
서울특별시 마포구 상암동(1144074000),30509,30509,2129,4053,4301,3602,5752,4733,3225,1744,841,123,6,14484,14484,1151,2043,1934,1616,2716,2422,1474,773,324,29,2,16025,16025,978,2010,2367,1986,3036,2311,1751,971,517,94,4
서울특별시 양천구 (1147000000),445662,445662,28822,48982,56579,55171,75859,76052,60854,29852,11688,1749,54,218298,218298,14799,25585,28664,27308,36230,37817,29035,14088,4348,413,11,227364,227364,14023,23397,27915,27863,39629,38235,31819,15764,7340,1336,43
서울특별시 양천구 목1동(1147051000),30533,30533,2698,4992,3162,2967,6551,5055,3092,1401,529,85,1,14696,14696,1372,2479,1563,1271,2948,2672,1473,693,197,27,1,15837,15837,1326,2513,1599,1696,3603,2383,1619,708,332,58,0
서울특별시 양천구 목2동(1147052000),29736,29736,1565,2345,4735,5224,4518,4758,4028,1768,703,91,1,14481,14481,831,1227,2289,2680,2183,2247,1914,839,248,23,0,15255,15255,734,1118,2446,2544,2335,2511,2114,929,455,68,1
서울특별시 양천구 목3동(1147053000),21846,21846,1208,1443,3277,3923,3137,3555,3171,1431,600,97,4,10404,10404,629,786,1563,1904,1504,1643,1472,657,220,25,1,11442,11442,579,657,1714,2019,1633,1912,1699,774,380,72,3
서울특별시 양천구 목4동(1147054000),25277,25277,1214,3166,3989,2749,4271,4873,2840,1487,599,86,3,12356,12356,583,1721,2100,1380,1901,2413,1356,673,209,20,0,12921,12921,631,1445,1889,1369,2370,2460,1484,814,390,66,3
서울특별시 양천구 목5동(1147055000),40936,40936,3043,7284,4195,3594,8667,6838,4541,1860,741,172,1,20286,20286,1599,4013,2186,1596,3837,3531,2193,999,282,50,0,20650,20650,1444,3271,2009,1998,4830,3307,2348,861,459,122,1
서울특별시 양천구 신월1동(1147056000),20395,20395,847,1244,2552,2665,2924,3682,3796,1940,639,100,6,10466,10466,440,648,1302,1484,1570,1923,1910,910,261,18,0,9929,9929,407,596,1250,1181,1354,1759,1886,1030,378,82,6
서울특별시 양천구 신월2동(1147057000),20533,20533,1332,1709,2487,2768,3241,3233,3328,1774,583,75,3,9991,9991,676,829,1262,1388,1655,1572,1505,861,226,16,1,10542,10542,656,880,1225,1380,1586,1661,1823,913,357,59,2
서울특별시 양천구 신월3동(1147058000),15060,15060,763,1051,1947,1918,2038,2784,2602,1377,529,50,1,7957,7957,421,556,1039,1047,1119,1526,1409,622,208,9,1,7103,7103,342,495,908,871,919,1258,1193,755,321,41,0
서울특별시 양천구 신월4동(1147059000),17763,17763,1262,1590,2035,2216,2963,2804,2804,1448,562,73,6,8684,8684,617,841,1063,1113,1504,1357,1295,673,203,16,2,9079,9079,645,749,972,1103,1459,1447,1509,775,359,57,4
서울특별시 양천구 신월5동(1147060000),14545,14545,851,1192,2042,2001,2204,2445,2227,1111,419,53,0,7234,7234,446,634,1048,1061,1103,1188,1050,543,154,7,0,7311,7311,405,558,994,940,1101,1257,1177,568,265,46,0
서울특별시 양천구 신월6동(1147061000),13779,13779,1464,1233,1512,2407,2232,2017,1808,809,263,31,3,6732,6732,766,590,756,1182,1136,962,847,394,95,4,0,7047,7047,698,643,756,1225,1096,1055,961,415,168,27,3
서울특별시 양천구 신월7동(1147061100),19509,19509,894,1187,2417,2568,2714,3427,3514,1834,854,98,2,9547,9547,466,605,1274,1363,1399,1677,1646,809,289,18,1,9962,9962,428,582,1143,1205,1315,1750,1868,1025,565,80,1
서울특별시 양천구 신정1동(1147062000),20156,20156,1685,2907,2267,1857,3955,3440,2339,1116,497,89,4,9836,9836,868,1501,1174,821,1825,1760,1123,541,202,20,1,10320,10320,817,1406,1093,1036,2130,1680,1216,575,295,69,3
서울특별시 양천구 신정2동(1147063000),19352,19352,1217,2939,2301,1688,3661,3473,2392,1120,474,85,2,9501,9501,610,1524,1188,809,1683,1790,1194,506,173,24,0,9851,9851,607,1415,1113,879,1978,1683,1198,614,301,61,2
서울특별시 양천구 신정3동(1147064000),50222,50222,3623,5617,6186,6133,8401,8732,6575,3437,1322,189,7,24374,24374,1831,2883,3187,3024,4021,4254,3064,1581,488,41,0,25848,25848,1792,2734,2999,3109,4380,4478,3511,1856,834,148,7
서울특별시 양천구 신정4동(1147065000),32829,32829,1427,2224,5267,4932,4951,5402,4811,2741,959,113,2,15981,15981,738,1146,2451,2606,2479,2595,2232,1283,422,29,0,16848,16848,689,1078,2816,2326,2472,2807,2579,1458,537,84,2
서울특별시 양천구 신정6동(1147067000),24444,24444,1926,3583,2903,2620,4548,4395,2833,1104,427,103,2,11899,11899,999,1870,1501,1173,2038,2166,1376,587,158,30,1,12545,12545,927,1713,1402,1447,2510,2229,1457,517,269,73,1
서울특별시 양천구 신정7동(1147068000),28747,28747,1803,3276,3305,2941,4883,5139,4153,2094,988,159,6,13873,13873,907,1732,1718,1406,2325,2541,1976,917,313,36,2,14874,14874,896,1544,1587,1535,2558,2598,2177,1177,675,123,4
서울특별시 강서구 (1150000000),572648,572648,35558,43059,85077,97587,89082,83935,79541,40080,16096,2541,92,275101,275101,18087,22046,38791,49036,44726,40417,36701,18749,5952,578,18,297547,297547,17471,21013,46286,48551,44356,43518,42840,21331,10144,1963,74
서울특별시 강서구 염창동(1150051000),41590,41590,3827,4422,5559,7207,7496,5949,4452,1870,705,100,3,20090,20090,1992,2232,2546,3361,3668,2918,2193,882,268,29,1,21500,21500,1835,2190,3013,3846,3828,3031,2259,988,437,71,2
서울특별시 강서구 등촌제1동(1150052000),24638,24638,1271,1242,5053,6291,3345,3064,2371,1119,723,152,7,11376,11376,628,692,2012,2970,1674,1471,1101,511,267,46,4,13262,13262,643,550,3041,3321,1671,1593,1270,608,456,106,3
서울특별시 강서구 등촌제2동(1150053000),20065,20065,1174,1468,2995,3400,2937,3225,2911,1376,484,95,0,9778,9778,627,827,1476,1705,1463,1469,1328,686,182,15,0,10287,10287,547,641,1519,1695,1474,1756,1583,690,302,80,0
서울특별시 강서구 등촌제3동(1150053500),30461,30461,1599,1826,3760,4610,3798,4950,5492,2608,1506,300,12,14394,14394,820,932,1867,2367,1826,2270,2556,1198,468,88,2,16067,16067,779,894,1893,2243,1972,2680,2936,1410,1038,212,10
서울특별시 강서구 화곡제1동(1150054000),51807,51807,2322,2295,9557,10566,7396,7186,7141,3873,1288,176,7,25157,25157,1196,1157,4260,5577,3910,3445,3191,1872,506,41,2,26650,26650,1126,1138,5297,4989,3486,3741,3950,2001,782,135,5
서울특별시 강서구 화곡제2동(1150055000),17717,17717,1002,1340,2535,2794,2928,2855,2454,1323,429,57,0,8562,8562,487,671,1249,1470,1462,1371,1060,607,180,5,0,9155,9155,515,669,1286,1324,1466,1484,1394,716,249,52,0
서울특별시 강서구 화곡제3동(1150056000),21548,21548,1140,1627,3251,3159,3153,3170,3446,1869,632,92,9,10266,10266,594,834,1479,1555,1517,1510,1600,908,247,20,2,11282,11282,546,793,1772,1604,1636,1660,1846,961,385,72,7
서울특별시 강서구 화곡제4동(1150057000),20484,20484,1002,1293,2798,3174,3210,3283,3280,1718,648,78,0,10031,10031,512,685,1410,1682,1675,1557,1454,789,246,21,0,10453,10453,490,608,1388,1492,1535,1726,1826,929,402,57,0
서울특별시 강서구 화곡본동(1150059000),34205,34205,1869,2315,6056,6301,5396,4819,4381,2175,779,111,3,16544,16544,946,1232,2795,3315,2734,2304,1913,986,298,21,0,17661,17661,923,1083,3261,2986,2662,2515,2468,1189,481,90,3
서울특별시 강서구 화곡제6동(1150059100),24946,24946,1100,1550,4507,4306,3512,3839,3722,1702,612,92,4,12022,12022,562,874,2016,2151,1790,1810,1735,831,239,14,0,12924,12924,538,676,2491,2155,1722,2029,1987,871,373,78,4
서울특별시 강서구 화곡제8동(1150059300),24374,24374,1134,1505,3908,3924,3837,3616,3591,2105,673,77,4,11752,11752,583,775,1894,2072,1942,1675,1543,975,275,17,1,12622,12622,551,730,2014,1852,1895,1941,2048,1130,398,60,3
서울특별시 강서구 가양제1동(1150060300),34122,34122,1500,1789,8134,8716,4566,4167,3463,1188,511,84,4,15559,15559,782,922,2732,4245,2365,2017,1705,576,193,21,1,18563,18563,718,867,5402,4471,2201,2150,1758,612,318,63,3
서울특별시 강서구 가양제2동(1150060400),13866,13866,460,399,1506,2294,1412,1894,3314,1650,796,139,2,6543,6543,241,217,677,1135,725,890,1628,757,244,28,1,7323,7323,219,182,829,1159,687,1004,1686,893,552,111,1
서울특별시 강서구 가양제3동(1150060500),14867,14867,695,477,1533,3031,1836,2099,2749,1608,725,110,4,6926,6926,337,245,729,1505,987,999,1217,663,224,20,0,7941,7941,358,232,804,1526,849,1100,1532,945,501,90,4
서울특별시 강서구 발산제1동(1150061100),36154,36154,2880,4847,4488,3944,6857,5806,4136,2196,849,144,7,17041,17041,1457,2353,2183,1890,3236,2753,1836,981,328,24,0,19113,19113,1423,2494,2305,2054,3621,3053,2300,1215,521,120,7
서울특별시 강서구 우장산동(1150061500),42628,42628,3332,5447,5049,5089,8244,6698,5113,2687,857,106,6,20390,20390,1660,2674,2341,2463,3845,3350,2357,1306,369,25,0,22238,22238,1672,2773,2708,2626,4399,3348,2756,1381,488,81,6
서울특별시 강서구 공항동(1150062000),30694,30694,3295,2191,3948,5468,5167,4125,3757,1848,763,129,3,15462,15462,1674,1141,2004,2787,2759,2069,1821,877,303,26,1,15232,15232,1621,1050,1944,2681,2408,2056,1936,971,460,103,2
서울특별시 강서구 방화제1동(1150063000),42606,42606,3631,4253,4899,5992,7441,6308,5919,2878,1113,165,7,20772,20772,1806,2130,2401,2902,3753,3124,2791,1407,409,47,2,21834,21834,1825,2123,2498,3090,3688,3184,3128,1471,704,118,5
서울특별시 강서구 방화제2동(1150064000),23241,23241,1131,1364,3282,3781,3229,3469,3850,2029,966,136,4,11463,11463,584,709,1567,2028,1715,1756,1807,922,343,31,1,11778,11778,547,655,1715,1753,1514,1713,2043,1107,623,105,3
서울특별시 강서구 방화제3동(1150064100),22635,22635,1194,1409,2259,3540,3322,3413,3999,2258,1037,198,6,10973,10973,599,744,1153,1856,1680,1659,1865,1015,363,39,0,11662,11662,595,665,1106,1684,1642,1754,2134,1243,674,159,6
서울특별시 구로구 (1153000000),395555,395555,25094,28941,53638,60529,60881,62194,57554,32341,12773,1564,46,194763,194763,12852,14835,26120,30939,31122,30843,27145,15274,5238,383,12,200792,200792,12242,14106,27518,29590,29759,31351,30409,17067,7535,1181,34
서울특별시 구로구 신도림동(1153051000),36021,36021,3344,3560,4237,6038,6601,5120,4190,2050,771,107,3,17492,17492,1703,1811,1985,2883,3200,2531,1990,1042,325,20,2,18529,18529,1641,1749,2252,3155,3401,2589,2200,1008,446,87,1
서울특별시 구로구 구로제1동(1153052000),20756,20756,1719,1919,2619,3640,3610,2971,2777,1035,402,60,4,10162,10162,887,1003,1246,1800,1818,1428,1276,525,159,18,2,10594,10594,832,916,1373,1840,1792,1543,1501,510,243,42,2
서울특별시 구로구 구로제2동(1153053000),23619,23619,768,1319,3154,2777,3169,4553,4061,2585,1114,117,2,11898,11898,387,703,1596,1559,1691,2353,1957,1154,471,27,0,11721,11721,381,616,1558,1218,1478,2200,2104,1431,643,90,2
서울특별시 구로구 구로제3동(1153054000),23602,23602,1117,1346,4356,4810,3927,3115,2630,1564,664,72,1,12170,12170,590,676,2156,2680,2165,1673,1235,710,265,20,0,11432,11432,527,670,2200,2130,1762,1442,1395,854,399,52,1
서울특별시 구로구 구로제4동(1153055000),19512,19512,709,967,2789,2825,2636,3363,3113,2086,932,92,0,9438,9438,371,501,1282,1492,1362,1694,1390,942,382,22,0,10074,10074,338,466,1507,1333,1274,1669,1723,1144,550,70,0
서울특별시 구로구 구로제5동(1153056000),29496,29496,1640,1483,5212,5653,4038,4465,3888,2172,843,100,2,14284,14284,855,739,2246,2860,2086,2217,1909,996,352,24,0,15212,15212,785,744,2966,2793,1952,2248,1979,1176,491,76,2
서울특별시 구로구 가리봉동(1153059500),9069,9069,222,284,1665,1338,993,1718,1610,823,366,46,4,4940,4940,116,157,892,809,550,1012,875,384,136,9,0,4129,4129,106,127,773,529,443,706,735,439,230,37,4
서울특별시 구로구 고척제1동(1153072000),21973,21973,1179,1764,3077,2766,3181,3752,3526,1919,712,95,2,10934,10934,596,896,1601,1442,1621,1857,1688,944,267,21,1,11039,11039,583,868,1476,1324,1560,1895,1838,975,445,74,1
서울특별시 구로구 고척제2동(1153073000),26500,26500,1540,2168,3330,3084,4045,4692,4128,2367,1023,119,4,13117,13117,794,1107,1713,1576,1998,2333,2045,1085,431,33,2,13383,13383,746,1061,1617,1508,2047,2359,2083,1282,592,86,2
서울특별시 구로구 개봉제1동(1153074000),33667,33667,2104,2255,4324,5018,4831,5651,5296,2928,1112,145,3,16773,16773,1043,1154,2221,2585,2479,2802,2577,1401,470,41,0,16894,16894,1061,1101,2103,2433,2352,2849,2719,1527,642,104,3
서울특별시 구로구 개봉제2동(1153075000),30658,30658,1893,2183,3575,4174,4629,4806,5167,3059,1036,129,7,14948,14948,985,1094,1778,2116,2365,2293,2352,1479,448,35,3,15710,15710,908,1089,1797,2058,2264,2513,2815,1580,588,94,4
서울특별시 구로구 개봉제3동(1153076000),20221,20221,1026,1370,2504,2565,3061,3384,3606,1856,760,87,2,9813,9813,499,697,1283,1317,1577,1610,1624,882,298,25,1,10408,10408,527,673,1221,1248,1484,1774,1982,974,462,62,1
서울특별시 구로구 오류제1동(1153077000),22427,22427,1092,1173,3895,4451,3096,3026,3001,1827,774,91,1,10864,10864,541,586,1658,2274,1618,1535,1449,873,315,15,0,11563,11563,551,587,2237,2177,1478,1491,1552,954,459,76,1
서울특별시 구로구 오류제2동(1153078000),38259,38259,2713,3965,4470,4801,6425,5809,5244,3333,1307,186,6,18390,18390,1394,2024,2225,2350,3200,2763,2323,1527,537,47,0,19869,19869,1319,1941,2245,2451,3225,3046,2921,1806,770,139,6
서울특별시 구로구 수궁동(1153079000),23297,23297,1333,1882,2893,3130,3591,3937,3691,2029,725,83,3,11486,11486,692,1040,1506,1581,1781,1879,1738,959,292,17,1,11811,11811,641,842,1387,1549,1810,2058,1953,1070,433,66,2
서울특별시 구로구 항동(1153080000),16478,16478,2695,1303,1538,3459,3048,1832,1626,708,232,35,2,8054,8054,1399,647,732,1615,1611,863,717,371,90,9,0,8424,8424,1296,656,806,1844,1437,969,909,337,142,26,2
서울특별시 금천구 (1154500000),231150,231150,11342,13782,37278,36913,31505,39064,34877,18161,7311,886,31,116598,116598,5845,6983,18261,20374,16675,19610,17164,8496,2952,230,8,114552,114552,5497,6799,19017,16539,14830,19454,17713,9665,4359,656,23
서울특별시 금천구 가산동(1154551000),23946,23946,642,636,6891,5963,2788,2849,2507,1182,431,56,1,12929,12929,319,305,3132,3621,1722,1668,1363,596,192,11,0,11017,11017,323,331,3759,2342,1066,1181,1144,586,239,45,1
서울특별시 금천구 독산제1동(1154561000),45436,45436,3191,2313,8289,9614,6558,6434,5271,2618,1037,108,3,23291,23291,1636,1162,3975,5295,3630,3257,2668,1195,447,25,1,22145,22145,1555,1151,4314,4319,2928,3177,2603,1423,590,83,2
서울특별시 금천구 독산제2동(1154562000),18638,18638,802,1117,2750,2533,2416,3648,3173,1554,565,75,5,9438,9438,420,607,1407,1372,1262,1828,1546,745,222,28,1,9200,9200,382,510,1343,1161,1154,1820,1627,809,343,47,4
서울특별시 금천구 독산제3동(1154563000),24234,24234,886,1253,3905,3709,3020,4554,4059,1951,780,114,3,12134,12134,472,617,1881,2100,1574,2249,1975,923,314,28,1,12100,12100,414,636,2024,1609,1446,2305,2084,1028,466,86,2
서울특별시 금천구 독산제4동(1154564000),15105,15105,564,895,2177,1991,1924,3068,2605,1367,459,52,3,7588,7588,295,439,1113,1072,985,1528,1312,630,201,13,0,7517,7517,269,456,1064,919,939,1540,1293,737,258,39,3
서울특별시 금천구 시흥제1동(1154567000),32707,32707,1600,2134,4675,4735,4686,5692,5084,2804,1142,150,5,16215,16215,824,1152,2295,2503,2396,2815,2450,1294,438,45,3,16492,16492,776,982,2380,2232,2290,2877,2634,1510,704,105,2
서울특별시 금천구 시흥제2동(1154568000),21055,21055,1400,2035,2264,2352,3299,3651,3393,1771,787,100,3,10120,10120,725,981,1155,1162,1610,1726,1607,823,312,18,1,10935,10935,675,1054,1109,1190,1689,1925,1786,948,475,82,2
서울특별시 금천구 시흥제3동(1154569000),10724,10724,489,660,1339,1331,1436,1942,1991,1056,440,39,1,5320,5320,244,320,707,722,750,933,940,527,170,7,0,5404,5404,245,340,632,609,686,1009,1051,529,270,32,1
서울특별시 금천구 시흥제4동(1154570000),20252,20252,950,1422,2558,2518,2746,3763,3599,1880,726,87,3,10015,10015,475,731,1307,1330,1372,1819,1758,901,295,26,1,10237,10237,475,691,1251,1188,1374,1944,1841,979,431,61,2
서울특별시 금천구 시흥제5동(1154571000),19053,19053,818,1317,2430,2167,2632,3463,3195,1978,944,105,4,9548,9548,435,669,1289,1197,1374,1787,1545,862,361,29,0,9505,9505,383,648,1141,970,1258,1676,1650,1116,583,76,4
서울특별시 영등포구 (1156000000),376465,376465,24160,23616,58508,69293,55393,56177,48207,27133,12347,1579,52,185520,185520,12408,12239,26946,35351,28500,28680,23421,12468,5050,440,17,190945,190945,11752,11377,31562,33942,26893,27497,24786,14665,7297,1139,35
서울특별시 영등포구 영등포본동(1156051500),21213,21213,1290,1213,2812,3240,2987,3617,3323,1857,763,109,2,10864,10864,638,632,1486,1716,1566,1902,1696,878,314,35,1,10349,10349,652,581,1326,1524,1421,1715,1627,979,449,74,1
서울특별시 영등포구 영등포동(1156053500),29430,29430,1182,842,7671,7696,3549,3425,2970,1418,583,94,0,15302,15302,597,431,3114,4204,2024,2126,1769,749,258,30,0,14128,14128,585,411,4557,3492,1525,1299,1201,669,325,64,0
서울특별시 영등포구 여의동(1156054000),32840,32840,2574,2914,3595,4705,5320,5176,4218,2594,1506,232,6,15402,15402,1307,1455,1639,2094,2483,2521,1989,1174,651,88,1,17438,17438,1267,1459,1956,2611,2837,2655,2229,1420,855,144,5
서울특별시 영등포구 당산제1동(1156055000),20363,20363,1039,923,3469,4287,2772,2976,2692,1436,679,88,2,9966,9966,551,465,1550,2178,1434,1546,1281,649,293,18,1,10397,10397,488,458,1919,2109,1338,1430,1411,787,386,70,1
서울특별시 영등포구 당산제2동(1156056000),37619,37619,2671,2324,7267,8266,5295,4838,3854,2035,931,132,6,17651,17651,1400,1146,2940,3949,2639,2318,1869,968,380,37,5,19968,19968,1271,1178,4327,4317,2656,2520,1985,1067,551,95,1
서울특별시 영등포구 도림동(1156058500),17837,17837,876,910,2675,3204,2539,2970,2447,1460,675,80,1,9003,9003,445,495,1273,1689,1352,1581,1222,671,256,19,0,8834,8834,431,415,1402,1515,1187,1389,1225,789,419,61,1
서울특별시 영등포구 문래동(1156060500),32491,32491,3167,2970,3552,5849,6003,4338,3531,2052,900,119,10,15895,15895,1628,1538,1711,2769,3010,2201,1637,981,378,37,5,16596,16596,1539,1432,1841,3080,2993,2137,1894,1071,522,82,5
서울특별시 영등포구 양평제1동(1156061000),18350,18350,1285,1000,2987,4655,2989,2090,1728,1054,500,60,2,8942,8942,690,493,1253,2364,1576,1094,789,462,202,18,1,9408,9408,595,507,1734,2291,1413,996,939,592,298,42,1
서울특별시 영등포구 양평제2동(1156062000),22262,22262,1519,1446,3733,5327,3295,3011,2270,1088,501,70,2,10889,10889,759,755,1658,2680,1655,1576,1105,493,189,19,0,11373,11373,760,691,2075,2647,1640,1435,1165,595,312,51,2
서울특별시 영등포구 신길제1동(1156063000),17330,17330,503,793,3422,3152,2340,2492,2382,1438,733,71,4,8840,8840,232,412,1687,1802,1307,1321,1139,616,298,25,1,8490,8490,271,381,1735,1350,1033,1171,1243,822,435,46,3
서울특별시 영등포구 신길제3동(1156065000),16508,16508,1103,1066,2076,2497,2379,2810,2524,1395,586,68,4,8165,8165,564,548,1057,1281,1245,1400,1202,629,225,14,0,8343,8343,539,518,1019,1216,1134,1410,1322,766,361,54,4
서울특별시 영등포구 신길제4동(1156066000),12349,12349,843,799,1510,1852,1880,2031,1916,1017,441,57,3,6156,6156,428,427,780,983,979,1018,913,453,160,13,2,6193,6193,415,372,730,869,901,1013,1003,564,281,44,1
서울특별시 영등포구 신길제5동(1156067000),10422,10422,745,737,1227,1407,1578,1766,1672,893,360,36,1,5071,5071,382,366,597,736,810,862,770,417,125,6,0,5351,5351,363,371,630,671,768,904,902,476,235,30,1
서울특별시 영등포구 신길제6동(1156068000),19048,19048,1094,1191,3099,3140,2644,3014,2712,1436,642,76,0,9306,9306,565,683,1427,1587,1373,1463,1274,664,256,14,0,9742,9742,529,508,1672,1553,1271,1551,1438,772,386,62,0
서울특별시 영등포구 신길제7동(1156069000),19923,19923,1993,1795,2571,3305,3346,3005,2244,1098,502,61,3,9936,9936,1056,958,1282,1672,1674,1479,1094,500,201,20,0,9987,9987,937,837,1289,1633,1672,1526,1150,598,301,41,3
서울특별시 영등포구 대림제1동(1156070000),14376,14376,830,829,2028,1873,2000,2482,2190,1474,595,75,0,7168,7168,452,468,1013,1005,1070,1212,1033,660,242,13,0,7208,7208,378,361,1015,868,930,1270,1157,814,353,62,0
서울특별시 영등포구 대림제2동(1156071000),11929,11929,376,528,1860,1690,1537,2065,1858,1368,584,61,2,5880,5880,193,254,934,950,826,1031,841,583,258,10,0,6049,6049,183,274,926,740,711,1034,1017,785,326,51,2
서울특별시 영등포구 대림제3동(1156072000),22175,22175,1070,1336,2954,3148,2940,4071,3676,2020,866,90,4,11084,11084,521,713,1545,1692,1477,2029,1798,921,364,24,0,11091,11091,549,623,1409,1456,1463,2042,1878,1099,502,66,4
서울특별시 동작구 (1159000000),385982,385982,22433,27221,64972,60636,57078,58211,50559,29880,13110,1791,91,186558,186558,11470,13936,31299,30672,28575,28160,23355,13170,5409,493,19,199424,199424,10963,13285,33673,29964,28503,30051,27204,16710,7701,1298,72
서울특별시 동작구 노량진제1동(1159051000),31882,31882,1765,1915,5524,5428,4193,4682,4372,2501,1314,180,8,16023,16023,894,995,2911,3020,2218,2299,2024,1099,512,49,2,15859,15859,871,920,2613,2408,1975,2383,2348,1402,802,131,6
서울특별시 동작구 노량진제2동(1159052000),10657,10657,229,429,2102,1857,1224,1614,1695,970,464,72,1,5492,5492,120,203,1058,1103,696,837,821,430,206,18,0,5165,5165,109,226,1044,754,528,777,874,540,258,54,1
서울특별시 동작구 상도제1동(1159053000),44437,44437,2453,3331,9874,5932,6195,6427,5452,3127,1411,206,29,21571,21571,1238,1703,5064,2968,3003,3071,2524,1383,556,56,5,22866,22866,1215,1628,4810,2964,3192,3356,2928,1744,855,150,24
서울특별시 동작구 상도제2동(1159054000),27917,27917,2376,1932,4143,4662,4480,4139,3327,1848,865,136,9,13397,13397,1205,1009,1945,2211,2267,1982,1546,831,352,46,3,14520,14520,1171,923,2198,2451,2213,2157,1781,1017,513,90,6
서울특별시 동작구 상도제3동(1159055000),24383,24383,1044,1540,4140,3933,3467,3824,3331,2091,908,99,6,11603,11603,518,799,1919,2004,1720,1826,1512,918,360,26,1,12780,12780,526,741,2221,1929,1747,1998,1819,1173,548,73,5
서울특별시 동작구 상도제4동(1159056000),28550,28550,1416,1837,4550,4687,4202,4410,4011,2322,995,117,3,13860,13860,745,963,2199,2393,2172,2097,1882,998,376,35,0,14690,14690,671,874,2351,2294,2030,2313,2129,1324,619,82,3
서울특별시 동작구 흑석동(1159060500),31290,31290,2183,2169,4762,4236,4659,5165,4187,2489,1241,189,10,15206,15206,1122,1110,2471,2079,2376,2465,1969,1081,477,55,1,16084,16084,1061,1059,2291,2157,2283,2700,2218,1408,764,134,9
서울특별시 동작구 사당제1동(1159062000),22795,22795,713,877,5199,4682,2921,2979,2982,1770,596,73,3,10892,10892,375,483,2271,2449,1490,1404,1316,802,286,16,0,11903,11903,338,394,2928,2233,1431,1575,1666,968,310,57,3
서울특별시 동작구 사당제2동(1159063000),28335,28335,1859,1829,3555,4533,4295,4449,4108,2562,1008,135,2,13595,13595,949,1017,1684,2207,2139,2134,1842,1135,454,34,0,14740,14740,910,812,1871,2326,2156,2315,2266,1427,554,101,2
서울특별시 동작구 사당제3동(1159064000),24329,24329,1944,1639,3133,3865,3797,3523,3449,2118,772,85,4,11789,11789,970,876,1480,1853,1922,1697,1618,977,371,23,2,12540,12540,974,763,1653,2012,1875,1826,1831,1141,401,62,2
서울특별시 동작구 사당제4동(1159065000),14177,14177,653,712,2477,2391,2003,2064,2063,1244,498,69,3,6762,6762,352,373,1118,1225,1031,973,926,532,212,20,0,7415,7415,301,339,1359,1166,972,1091,1137,712,286,49,3
서울특별시 동작구 사당제5동(1159065100),14424,14424,960,963,2127,2552,2215,2191,1856,1061,430,64,5,6916,6916,488,484,1002,1277,1112,1025,863,480,170,14,1,7508,7508,472,479,1125,1275,1103,1166,993,581,260,50,4
서울특별시 동작구 대방동(1159066000),37773,37773,1953,3939,6282,5110,6222,6007,4310,2576,1185,184,5,17891,17891,1003,1894,2910,2538,2965,3008,1976,1081,458,56,2,19882,19882,950,2045,3372,2572,3257,2999,2334,1495,727,128,3
서울특별시 동작구 신대방제1동(1159067000),22991,22991,1328,2319,3343,3006,3715,3728,3025,1672,745,108,2,11023,11023,695,1103,1570,1527,1735,1879,1416,755,311,30,2,11968,11968,633,1216,1773,1479,1980,1849,1609,917,434,78,0
서울특별시 동작구 신대방제2동(1159068000),22042,22042,1557,1790,3761,3762,3490,3009,2391,1529,678,74,1,10538,10538,796,924,1697,1818,1729,1463,1120,668,308,15,0,11504,11504,761,866,2064,1944,1761,1546,1271,861,370,59,1
서울특별시 관악구 (1162000000),486361,486361,19103,27078,109149,85705,65156,66756,59903,36894,14858,1688,71,244499,244499,9855,13837,53026,47557,34879,33962,27908,16790,6258,413,14,241862,241862,9248,13241,56123,38148,30277,32794,31995,20104,8600,1275,57
서울특별시 관악구 보라매동(1162052500),24429,24429,1048,1412,4847,4018,3270,3411,3374,2113,821,113,2,12016,12016,530,738,2320,2193,1695,1664,1545,971,332,28,0,12413,12413,518,674,2527,1825,1575,1747,1829,1142,489,85,2
서울특별시 관악구 청림동(1162054500),14994,14994,1124,1133,1751,2422,2416,2313,1941,1201,617,75,1,7274,7274,579,583,895,1192,1216,1140,881,518,250,19,1,7720,7720,545,550,856,1230,1200,1173,1060,683,367,56,0
서울특별시 관악구 성현동(1162056500),28954,28954,1788,2747,3726,3571,4797,4713,3974,2459,1053,120,6,13967,13967,928,1421,1880,1793,2348,2306,1785,1079,389,36,2,14987,14987,860,1326,1846,1778,2449,2407,2189,1380,664,84,4
서울특별시 관악구 행운동(1162057500),29088,29088,992,1323,7658,5980,3522,3468,3220,2081,764,78,2,14122,14122,514,662,3399,3226,1849,1724,1476,911,343,18,0,14966,14966,478,661,4259,2754,1673,1744,1744,1170,421,60,2
서울특별시 관악구 낙성대동(1162058500),17062,17062,586,840,5717,3503,1951,1668,1396,945,413,41,2,8577,8577,303,410,2745,1901,1060,875,674,427,167,14,1,8485,8485,283,430,2972,1602,891,793,722,518,246,27,1
서울특별시 관악구 청룡동(1162059500),35749,35749,1164,1658,11727,6993,3982,3786,3357,2163,820,98,1,17286,17286,578,800,5249,3765,2086,1888,1573,963,357,27,0,18463,18463,586,858,6478,3228,1896,1898,1784,1200,463,71,1
서울특별시 관악구 은천동(1162060500),33045,33045,1829,2636,5283,5066,5082,4807,4371,2780,1060,127,4,16131,16131,976,1353,2484,2586,2602,2420,1989,1255,443,22,1,16914,16914,853,1283,2799,2480,2480,2387,2382,1525,617,105,3
서울특별시 관악구 중앙동(1162061500),15291,15291,380,574,4546,3065,1704,1735,1674,1105,469,37,2,7339,7339,211,267,1951,1625,920,876,774,506,200,9,0,7952,7952,169,307,2595,1440,784,859,900,599,269,28,2
서울특별시 관악구 인헌동(1162062500),25866,25866,970,1489,5893,4937,3417,3476,2998,1860,754,69,3,12589,12589,508,765,2761,2564,1767,1707,1358,810,326,22,1,13277,13277,462,724,3132,2373,1650,1769,1640,1050,428,47,2
서울특별시 관악구 남현동(1162063000),18058,18058,843,788,3944,3625,2208,2526,2252,1315,493,60,4,8716,8716,451,367,1802,1918,1125,1171,1011,608,245,17,1,9342,9342,392,421,2142,1707,1083,1355,1241,707,248,43,3
서울특별시 관악구 서원동(1162064500),22817,22817,602,800,6507,4685,2715,2782,2499,1566,597,61,3,11870,11870,311,426,3360,2757,1500,1364,1137,750,249,16,0,10947,10947,291,374,3147,1928,1215,1418,1362,816,348,45,3
서울특별시 관악구 신원동(1162065500),17949,17949,488,754,4442,3247,2204,2363,2236,1489,652,69,5,9095,9095,239,372,2277,1884,1202,1206,981,655,267,11,1,8854,8854,249,382,2165,1363,1002,1157,1255,834,385,58,4
서울특별시 관악구 서림동(1162066500),23163,23163,699,1029,5479,4604,3140,3102,2789,1595,651,68,7,12813,12813,359,539,3075,2864,1911,1679,1332,764,278,12,0,10350,10350,340,490,2404,1740,1229,1423,1457,831,373,56,7
서울특별시 관악구 신사동(1162068500),22706,22706,715,1042,5899,4074,2767,3158,2676,1657,641,73,4,11386,11386,379,557,2784,2319,1430,1566,1286,745,300,19,1,11320,11320,336,485,3115,1755,1337,1592,1390,912,341,54,3
서울특별시 관악구 신림동(1162069500),22731,22731,311,491,8882,5919,2485,1846,1476,931,354,33,3,12034,12034,164,239,4293,3489,1444,1075,733,425,168,3,1,10697,10697,147,252,4589,2430,1041,771,743,506,186,30,2
서울특별시 관악구 난향동(1162071500),15180,15180,1023,1404,1667,1731,2793,2578,2126,1299,505,54,0,7422,7422,516,712,864,827,1397,1331,969,586,206,14,0,7758,7758,507,692,803,904,1396,1247,1157,713,299,40,0
서울특별시 관악구 조원동(1162072500),17485,17485,593,783,4099,3329,2274,2358,2190,1268,531,58,2,8799,8799,301,399,1820,1835,1210,1279,1087,617,233,18,0,8686,8686,292,384,2279,1494,1064,1079,1103,651,298,40,2
서울특별시 관악구 대학동(1162073500),23450,23450,652,952,5834,4905,3454,3215,2436,1326,608,67,1,14178,14178,339,503,3400,3369,2330,2053,1281,614,271,17,1,9272,9272,313,449,2434,1536,1124,1162,1155,712,337,50,0
서울특별시 관악구 삼성동(1162074500),21160,21160,714,1304,2429,2313,2846,3873,3973,2462,1080,162,4,10574,10574,378,678,1296,1320,1525,1967,1855,1094,419,42,0,10586,10586,336,626,1133,993,1321,1906,2118,1368,661,120,4
서울특별시 관악구 미성동(1162076500),30560,30560,1505,2190,4789,4216,4394,4915,4730,2711,993,109,8,14954,14954,762,1108,2323,2204,2264,2390,2171,1287,416,27,2,15606,15606,743,1082,2466,2012,2130,2525,2559,1424,577,82,6
서울특별시 관악구 난곡동(1162077500),26624,26624,1077,1729,4030,3502,3735,4663,4215,2568,982,116,7,13357,13357,529,938,2048,1926,1998,2281,2010,1205,399,22,1,13267,13267,548,791,1982,1576,1737,2382,2205,1363,583,94,6
서울특별시 서초구 (1165000000),408918,408918,30661,44273,51129,58319,74386,62760,47955,27047,10516,1776,96,195389,195389,15736,22488,24564,26766,34753,31127,22193,12581,4670,487,24,213529,213529,14925,21785,26565,31553,39633,31633,25762,14466,5846,1289,72
서울특별시 서초구 서초1동(1165051000),20609,20609,1313,1896,2828,3445,3661,3089,2404,1349,525,97,2,9931,9931,694,997,1360,1602,1734,1518,1130,641,224,30,1,10678,10678,619,899,1468,1843,1927,1571,1274,708,301,67,1
서울특별시 서초구 서초2동(1165052000),26506,26506,2323,2473,3499,4991,4924,3552,2670,1489,499,81,5,12669,12669,1150,1286,1599,2276,2331,1768,1267,709,256,24,3,13837,13837,1173,1187,1900,2715,2593,1784,1403,780,243,57,2
서울특별시 서초구 서초3동(1165053000),32302,32302,1718,2774,5380,5463,4999,5011,3764,2183,857,143,10,15444,15444,875,1572,2402,2539,2323,2462,1780,1065,382,39,5,16858,16858,843,1202,2978,2924,2676,2549,1984,1118,475,104,5
서울특별시 서초구 서초4동(1165053100),30620,30620,2707,4138,3435,3287,6067,4973,3128,1924,822,132,7,14946,14946,1422,2159,1699,1394,2817,2602,1474,914,413,51,1,15674,15674,1285,1979,1736,1893,3250,2371,1654,1010,409,81,6
서울특별시 서초구 잠원동(1165054000),26645,26645,1870,3386,3348,3309,5087,4640,2890,1394,609,103,9,12820,12820,975,1740,1635,1491,2318,2359,1384,644,243,29,2,13825,13825,895,1646,1713,1818,2769,2281,1506,750,366,74,7
서울특별시 서초구 반포본동(1165055000),587,587,33,69,68,51,107,116,71,49,18,1,4,270,270,12,32,26,25,44,64,36,20,10,1,0,317,317,21,37,42,26,63,52,35,29,8,0,4
서울특별시 서초구 반포1동(1165056000),34440,34440,3213,3903,4175,5520,7130,4639,3355,1788,602,109,6,16725,16725,1642,1954,1927,2564,3492,2494,1532,837,260,23,0,17715,17715,1571,1949,2248,2956,3638,2145,1823,951,342,86,6
서울특별시 서초구 반포2동(1165057000),15768,15768,1618,2876,1337,1273,3561,2325,1401,954,366,51,6,7502,7502,859,1410,644,483,1584,1256,659,422,171,10,4,8266,8266,759,1466,693,790,1977,1069,742,532,195,41,2
서울특별시 서초구 반포3동(1165058000),22025,22025,1821,3043,2332,2326,4424,3695,2306,1370,597,102,9,10468,10468,935,1557,1178,1027,1950,1886,1060,594,251,29,1,11557,11557,886,1486,1154,1299,2474,1809,1246,776,346,73,8
서울특별시 서초구 반포4동(1165058100),19134,19134,1563,2253,2166,2414,3577,2996,2337,1262,473,91,2,8971,8971,807,1139,1049,1067,1594,1424,1063,588,211,28,1,10163,10163,756,1114,1117,1347,1983,1572,1274,674,262,63,1
서울특별시 서초구 방배본동(1165059000),20736,20736,1350,2782,2577,2303,3806,3491,2330,1316,669,104,8,9548,9548,685,1277,1193,994,1684,1741,1082,577,280,34,1,11188,11188,665,1505,1384,1309,2122,1750,1248,739,389,70,7
서울특별시 서초구 방배1동(1165060000),16806,16806,1066,1336,2266,2789,2779,2473,2156,1339,522,75,5,7875,7875,549,691,1104,1258,1290,1136,961,610,245,27,4,8931,8931,517,645,1162,1531,1489,1337,1195,729,277,48,1
서울특별시 서초구 방배2동(1165061000),18764,18764,1054,1553,2468,2811,2959,2897,2756,1629,550,83,4,8794,8794,536,779,1239,1272,1390,1328,1226,752,254,18,0,9970,9970,518,774,1229,1539,1569,1569,1530,877,296,65,4
서울특별시 서초구 방배3동(1165062000),18655,18655,1304,1832,2210,2360,2940,3066,2785,1481,567,106,4,9019,9019,669,939,1121,1109,1350,1463,1343,716,278,31,0,9636,9636,635,893,1089,1251,1590,1603,1442,765,289,75,4
서울특별시 서초구 방배4동(1165062100),23355,23355,1501,2698,2956,3212,4292,3734,2503,1607,750,100,2,10653,10653,725,1262,1300,1429,1906,1798,1156,709,348,20,0,12702,12702,776,1436,1656,1783,2386,1936,1347,898,402,80,2
서울특별시 서초구 양재1동(1165065100),42768,42768,3227,4395,5025,6190,7416,6296,5788,3095,1097,231,8,20448,20448,1650,2246,2484,2986,3597,3020,2560,1420,430,55,0,22320,22320,1577,2149,2541,3204,3819,3276,3228,1675,667,176,8
서울특별시 서초구 양재2동(1165065200),21743,21743,1243,1527,3215,4219,3634,3328,2726,1331,435,83,2,10863,10863,675,769,1648,2180,1825,1651,1284,631,186,14,0,10880,10880,568,758,1567,2039,1809,1677,1442,700,249,69,2
서울특별시 서초구 내곡동(1165066000),17455,17455,1737,1339,1844,2356,3023,2439,2585,1487,558,84,3,8443,8443,876,679,956,1070,1524,1157,1196,732,228,24,1,9012,9012,861,660,888,1286,1499,1282,1389,755,330,60,2
서울특별시 강남구 (1168000000),532049,532049,33929,59181,69788,76894,97415,82476,61487,35459,13044,2273,103,254517,254517,17465,30856,33168,35576,44796,41392,28349,16605,5732,560,18,277532,277532,16464,28325,36620,41318,52619,41084,33138,18854,7312,1713,85
서울특별시 강남구 신사동(1168051000),15827,15827,870,1570,2047,2112,2698,2538,1835,1404,645,105,3,7323,7323,446,770,932,938,1183,1250,844,618,309,33,0,8504,8504,424,800,1115,1174,1515,1288,991,786,336,72,3
서울특별시 강남구 논현1동(1168052100),21981,21981,642,830,4292,5404,3798,2829,2210,1365,519,84,8,10361,10361,314,397,1893,2607,1840,1421,996,635,229,28,1,11620,11620,328,433,2399,2797,1958,1408,1214,730,290,56,7
서울특별시 강남구 논현2동(1168053100),20951,20951,991,1281,3347,4215,3741,3007,2241,1495,541,88,4,9791,9791,506,654,1507,1928,1782,1461,1002,689,238,23,1,11160,11160,485,627,1840,2287,1959,1546,1239,806,303,65,3
서울특별시 강남구 압구정동(1168054500),26094,26094,1977,2707,2882,2965,4449,4230,3224,2428,1061,164,7,12069,12069,962,1316,1340,1273,1984,2069,1440,1122,505,58,0,14025,14025,1015,1391,1542,1692,2465,2161,1784,1306,556,106,7
서울특별시 강남구 청담동(1168056500),25471,25471,1904,2232,3446,3934,4560,3959,3005,1674,642,110,5,11900,11900,1069,1161,1549,1680,2074,1868,1393,779,304,22,1,13571,13571,835,1071,1897,2254,2486,2091,1612,895,338,88,4
서울특별시 강남구 삼성1동(1168058000),12775,12775,772,1219,1715,1796,2074,2138,1667,985,350,56,3,6263,6263,394,705,904,857,958,1036,759,467,168,14,1,6512,6512,378,514,811,939,1116,1102,908,518,182,42,2
서울특별시 강남구 삼성2동(1168059000),30921,30921,2256,3646,3891,4841,6375,4743,2642,1807,630,87,3,14817,14817,1191,2013,1857,2115,2876,2417,1221,805,302,20,0,16104,16104,1065,1633,2034,2726,3499,2326,1421,1002,328,67,3
서울특별시 강남구 대치1동(1168060000),23970,23970,1666,5301,2337,1394,5502,4079,2063,1162,389,71,6,12026,12026,887,2984,1206,561,2345,2261,970,597,197,17,1,11944,11944,779,2317,1131,833,3157,1818,1093,565,192,54,5
서울특별시 강남구 대치2동(1168061000),36710,36710,2099,6072,4328,3257,6912,6456,4528,2327,627,104,0,18574,18574,1145,3584,2328,1500,2957,3349,2218,1169,299,25,0,18136,18136,954,2488,2000,1757,3955,3107,2310,1158,328,79,0
서울특별시 강남구 대치4동(1168063000),19585,19585,654,2349,3311,3157,3868,3266,1567,1028,338,45,2,9278,9278,331,1275,1575,1473,1638,1652,712,442,169,11,0,10307,10307,323,1074,1736,1684,2230,1614,855,586,169,34,2
서울특별시 강남구 역삼1동(1168064000),35320,35320,890,1394,7369,9868,6215,4185,3045,1602,658,87,7,17178,17178,450,700,3152,4937,3150,2203,1506,735,327,18,0,18142,18142,440,694,4217,4931,3065,1982,1539,867,331,69,7
서울특별시 강남구 역삼2동(1168065000),35950,35950,2501,5540,4350,4719,8418,5322,2612,1787,613,83,5,16832,16832,1223,2601,1843,2122,3829,2912,1188,797,298,19,0,19118,19118,1278,2939,2507,2597,4589,2410,1424,990,315,64,5
서울특별시 강남구 도곡1동(1168065500),21426,21426,1640,2396,2724,2984,3794,3412,2618,1280,494,82,2,10158,10158,792,1108,1321,1332,1765,1714,1257,633,206,30,0,11268,11268,848,1288,1403,1652,2029,1698,1361,647,288,52,2
서울특별시 강남구 도곡2동(1168065600),33047,33047,2616,4776,3723,3211,6258,5576,3645,2230,865,144,3,15367,15367,1321,2130,1699,1328,2732,2808,1743,1122,440,43,1,17680,17680,1295,2646,2024,1883,3526,2768,1902,1108,425,101,2
서울특별시 강남구 개포1동(1168066000),6969,6969,434,677,727,705,1020,1109,1228,753,258,53,5,3384,3384,228,339,370,314,482,546,583,386,123,13,0,3585,3585,206,338,357,391,538,563,645,367,135,40,5
서울특별시 강남구 개포2동(1168067000),28138,28138,2335,3583,3464,3257,4893,4899,3532,1639,447,87,2,13661,13661,1218,1780,1762,1477,2247,2423,1694,850,195,14,1,14477,14477,1117,1803,1702,1780,2646,2476,1838,789,252,73,1
서울특별시 강남구 개포4동(1168069000),23607,23607,1617,2268,3188,3580,3913,3999,3109,1406,443,80,4,11422,11422,832,1115,1615,1725,1846,1953,1455,670,192,19,0,12185,12185,785,1153,1573,1855,2067,2046,1654,736,251,61,4
서울특별시 강남구 세곡동(1168070000),43090,43090,3664,4774,5060,6116,7816,6095,5221,2743,1310,281,10,20295,20295,1838,2378,2334,2804,3765,2964,2350,1318,475,64,5,22795,22795,1826,2396,2726,3312,4051,3131,2871,1425,835,217,5
서울특별시 강남구 일원본동(1168072000),23132,23132,1956,3267,2388,2701,4368,3693,2996,1228,412,119,4,11435,11435,1078,1904,1254,1264,1969,1788,1392,610,155,21,0,11697,11697,878,1363,1134,1437,2399,1905,1604,618,257,98,4
서울특별시 강남구 일원1동(1168073000),15002,15002,655,1060,2094,2185,2067,2296,2556,1416,553,113,7,7311,7311,324,605,1054,1137,1062,1111,1141,661,192,21,3,7691,7691,331,455,1040,1048,1005,1185,1415,755,361,92,4
서울특별시 강남구 일원2동(1168074000),17502,17502,1203,1698,1779,2426,3037,2583,2581,1615,500,73,7,8465,8465,625,1064,960,1172,1461,1260,1081,667,159,15,1,9037,9037,578,634,819,1254,1576,1323,1500,948,341,58,6
서울특별시 강남구 수서동(1168075000),14581,14581,587,541,1326,2067,1639,2062,3362,2085,749,157,6,6607,6607,291,273,713,1032,851,926,1404,833,250,32,2,7974,7974,296,268,613,1035,788,1136,1958,1252,499,125,4
서울특별시 송파구 (1171000000),662963,662963,48268,58115,89757,106533,108633,102577,88305,42502,15587,2591,95,319535,319535,24835,29733,42698,50753,52610,49746,41435,20692,6391,626,16,343428,343428,23433,28382,47059,55780,56023,52831,46870,21810,9196,1965,79
서울특별시 송파구 풍납1동(1171051000),12698,12698,596,782,1512,1724,1811,2161,2402,1170,475,63,2,6240,6240,328,411,798,893,922,1045,1096,536,191,19,1,6458,6458,268,371,714,831,889,1116,1306,634,284,44,1
서울특별시 송파구 풍납2동(1171052000),24589,24589,1802,1921,3660,3943,3938,3612,3321,1671,629,90,2,11656,11656,921,979,1609,1841,1920,1743,1563,804,253,22,1,12933,12933,881,942,2051,2102,2018,1869,1758,867,376,68,1
서울특별시 송파구 거여1동(1171053100),12350,12350,527,900,1751,1675,1737,2221,2010,1048,414,65,2,6225,6225,280,459,928,890,856,1130,979,521,168,13,1,6125,6125,247,441,823,785,881,1091,1031,527,246,52,1
서울특별시 송파구 거여2동(1171053200),23112,23112,1916,1783,2563,3510,3629,3852,3314,1767,669,103,6,11345,11345,973,945,1302,1763,1821,1873,1558,834,260,15,1,11767,11767,943,838,1261,1747,1808,1979,1756,933,409,88,5
서울특별시 송파구 마천1동(1171054000),18763,18763,790,1508,2222,2072,2568,3524,3304,1885,784,105,1,9585,9585,418,786,1162,1130,1348,1852,1680,878,295,36,0,9178,9178,372,722,1060,942,1220,1672,1624,1007,489,69,1
서울특별시 송파구 마천2동(1171055000),18413,18413,710,1226,2247,2126,2556,3447,3519,1732,747,102,1,9404,9404,345,633,1241,1184,1348,1779,1757,784,317,16,0,9009,9009,365,593,1006,942,1208,1668,1762,948,430,86,1
서울특별시 송파구 방이1동(1171056100),15551,15551,972,1522,2295,2243,2439,2670,2077,882,378,69,4,7503,7503,486,759,1168,1108,1127,1255,978,460,147,15,0,8048,8048,486,763,1127,1135,1312,1415,1099,422,231,54,4
서울특별시 송파구 방이2동(1171056200),26395,26395,1099,1177,5267,6207,3709,3541,3254,1540,529,71,1,12214,12214,607,631,2082,2914,1879,1648,1465,732,237,19,0,14181,14181,492,546,3185,3293,1830,1893,1789,808,292,52,1
서울특별시 송파구 오륜동(1171056600),17917,17917,1121,2587,2058,1624,3085,3155,2628,1197,367,92,3,8747,8747,598,1408,1100,677,1352,1551,1215,671,155,20,0,9170,9170,523,1179,958,947,1733,1604,1413,526,212,72,3
서울특별시 송파구 오금동(1171057000),38134,38134,2565,3015,5075,5354,5544,6735,5911,2631,1074,221,9,18509,18509,1323,1632,2636,2647,2643,3111,2793,1292,388,42,2,19625,19625,1242,1383,2439,2707,2901,3624,3118,1339,686,179,7
서울특별시 송파구 송파1동(1171058000),23766,23766,1067,1257,4290,5294,3384,3282,3072,1510,536,74,0,11128,11128,549,614,1902,2628,1593,1471,1396,707,249,19,0,12638,12638,518,643,2388,2666,1791,1811,1676,803,287,55,0
서울특별시 송파구 송파2동(1171059000),19101,19101,1450,1800,2546,2719,3030,3115,2724,1203,430,80,4,9186,9186,751,882,1174,1306,1451,1522,1270,636,175,19,0,9915,9915,699,918,1372,1413,1579,1593,1454,567,255,61,4
서울특별시 송파구 석촌동(1171060000),31378,31378,1380,1782,5321,6717,4794,4609,3975,2002,702,89,7,14917,14917,696,896,2444,3198,2347,2267,1814,914,314,26,1,16461,16461,684,886,2877,3519,2447,2342,2161,1088,388,63,6
서울특별시 송파구 삼전동(1171061000),30034,30034,1358,1889,5062,6323,4917,4273,3708,1775,622,105,2,14080,14080,704,978,2275,3030,2369,1988,1650,848,216,22,0,15954,15954,654,911,2787,3293,2548,2285,2058,927,406,83,2
서울특별시 송파구 가락본동(1171062000),26042,26042,1555,1693,3845,4546,3737,4509,3842,1592,625,95,3,12928,12928,803,860,1879,2309,1882,2197,1915,787,265,30,1,13114,13114,752,833,1966,2237,1855,2312,1927,805,360,65,2
서울특별시 송파구 가락1동(1171063100),27406,27406,3075,2371,3019,4825,4592,3897,3638,1559,359,67,4,13275,13275,1617,1177,1489,2250,2230,1842,1712,795,150,13,0,14131,14131,1458,1194,1530,2575,2362,2055,1926,764,209,54,4
서울특별시 송파구 가락2동(1171063200),31714,31714,2303,3311,4302,4584,5345,5089,4244,1733,687,111,5,15519,15519,1190,1759,2127,2200,2599,2471,1997,869,276,30,1,16195,16195,1113,1552,2175,2384,2746,2618,2247,864,411,81,4
서울특별시 송파구 문정1동(1171064100),19885,19885,1216,1436,2988,3390,2831,3238,3038,1237,433,76,2,9850,9850,629,752,1500,1744,1412,1524,1476,618,179,16,0,10035,10035,587,684,1488,1646,1419,1714,1562,619,254,60,2
서울특별시 송파구 문정2동(1171064200),28758,28758,1523,1416,4959,7171,4424,3503,3238,1702,690,128,4,13163,13163,750,718,1916,3199,2124,1692,1516,878,319,48,3,15595,15595,773,698,3043,3972,2300,1811,1722,824,371,80,1
서울특별시 송파구 장지동(1171064600),29270,29270,2175,2528,3895,4514,4577,4778,4084,1848,721,143,7,14152,14152,1103,1304,1972,2266,2262,2200,1905,866,249,25,0,15118,15118,1072,1224,1923,2248,2315,2578,2179,982,472,118,7
서울특별시 송파구 위례동(1171064700),43271,43271,6967,5656,4014,7180,8784,5394,3310,1380,472,111,3,21116,21116,3564,2858,1969,3315,4376,2695,1521,657,150,11,0,22155,22155,3403,2798,2045,3865,4408,2699,1789,723,322,100,3
서울특별시 송파구 잠실본동(1171065000),27869,27869,1136,1637,4969,6001,4318,4019,3506,1652,545,82,4,13301,13301,569,817,2252,2953,2116,1937,1631,774,228,23,1,14568,14568,567,820,2717,3048,2202,2082,1875,878,317,59,3
서울특별시 송파구 잠실2동(1171067000),34870,34870,3633,5711,3255,3420,8228,5231,2999,1760,558,71,4,16651,16651,1863,2880,1532,1347,3785,2810,1364,815,239,16,0,18219,18219,1770,2831,1723,2073,4443,2421,1635,945,319,55,4
서울특별시 송파구 잠실3동(1171068000),34172,34172,2895,4035,3659,3755,6162,5329,4715,2698,794,127,3,16273,16273,1510,2026,1786,1581,2867,2620,2152,1339,362,29,1,17899,17899,1385,2009,1873,2174,3295,2709,2563,1359,432,98,2
서울특별시 송파구 잠실4동(1171069000),21315,21315,2535,2527,1895,2629,4408,3066,2526,1223,430,73,3,10240,10240,1298,1318,937,1067,2127,1510,1164,619,181,19,0,11075,11075,1237,1209,958,1562,2281,1556,1362,604,249,54,3
서울특별시 송파구 잠실6동(1171071000),16698,16698,1361,1710,1890,2052,2797,2653,2477,1171,488,93,6,7911,7911,686,863,919,915,1287,1223,1181,584,213,38,2,8787,8787,675,847,971,1137,1510,1430,1296,587,275,55,4
서울특별시 송파구 잠실7동(1171072000),9492,9492,541,935,1198,935,1289,1674,1469,934,429,85,3,4417,4417,274,388,599,398,567,790,687,474,215,25,0,5075,5075,267,547,599,537,722,884,782,460,214,60,3
서울특별시 강동구 (1174000000),461228,461228,33509,38765,59508,70080,74898,71581,66986,32263,11692,1867,79,226057,226057,17410,20439,28932,34678,37399,35155,31442,15541,4646,395,20,235171,235171,16099,18326,30576,35402,37499,36426,35544,16722,7046,1472,59
서울특별시 강동구 강일동(1174051500),32774,32774,2987,3579,3574,4493,5380,4747,4669,2259,913,167,6,15732,15732,1570,1840,1809,2120,2642,2253,2048,1075,331,43,1,17042,17042,1417,1739,1765,2373,2738,2494,2621,1184,582,124,5
서울특별시 강동구 상일제1동(1174052500),38805,38805,4900,4182,3754,5575,7520,5456,4985,1810,517,101,5,19114,19114,2511,2149,1908,2550,3761,2656,2407,955,200,16,1,19691,19691,2389,2033,1846,3025,3759,2800,2578,855,317,85,4
서울특별시 강동구 상일제2동(1174052600),10709,10709,910,1313,1579,1505,1609,1577,1149,676,322,65,4,5025,5025,450,677,709,700,766,779,504,303,122,14,1,5684,5684,460,636,870,805,843,798,645,373,200,51,3
서울특별시 강동구 명일제1동(1174053000),25757,25757,2136,2430,2929,3903,4229,3959,3754,1708,587,119,3,12536,12536,1080,1303,1489,1919,2008,1947,1708,828,232,21,1,13221,13221,1056,1127,1440,1984,2221,2012,2046,880,355,98,2
서울특별시 강동구 명일제2동(1174054000),17453,17453,1108,2441,2230,1950,3063,2656,2541,1045,331,85,3,8535,8535,566,1332,1086,930,1376,1319,1210,573,125,17,1,8918,8918,542,1109,1144,1020,1687,1337,1331,472,206,68,2
서울특별시 강동구 고덕제1동(1174055000),23872,23872,2500,3549,2091,2702,5194,3395,2767,1124,433,114,3,12135,12135,1333,2021,1139,1253,2540,1761,1344,552,167,25,0,11737,11737,1167,1528,952,1449,2654,1634,1423,572,266,89,3
서울특별시 강동구 고덕제2동(1174056000),22428,22428,2540,2071,2191,3649,4068,3248,2959,1220,413,67,2,11305,11305,1338,1090,1148,1748,2086,1642,1424,630,180,18,1,11123,11123,1202,981,1043,1901,1982,1606,1535,590,233,49,1
서울특별시 강동구 암사제1동(1174057000),34315,34315,1932,2504,4639,4868,5360,5913,5166,2768,1006,154,5,17014,17014,964,1274,2425,2544,2760,2895,2476,1241,402,32,1,17301,17301,968,1230,2214,2324,2600,3018,2690,1527,604,122,4
서울특별시 강동구 암사제2동(1174058000),15137,15137,1287,1045,1821,2749,2418,2242,2020,1113,393,46,3,7321,7321,673,530,868,1331,1211,1080,921,531,169,5,2,7816,7816,614,515,953,1418,1207,1162,1099,582,224,41,1
서울특별시 강동구 암사제3동(1174059000),17715,17715,1752,1938,1865,2259,3227,2666,2413,1139,389,62,5,8677,8677,902,1001,950,1033,1589,1293,1143,585,167,11,3,9038,9038,850,937,915,1226,1638,1373,1270,554,222,51,2
서울특별시 강동구 천호제1동(1174060000),26659,26659,1287,1653,3580,3918,3916,4450,4571,2316,839,125,4,13076,13076,645,865,1774,2068,2025,2127,2145,1074,337,16,0,13583,13583,642,788,1806,1850,1891,2323,2426,1242,502,109,4
서울특별시 강동구 천호제2동(1174061000),32961,32961,1544,1680,4850,6062,4767,5286,5020,2639,989,122,2,16141,16141,817,869,2209,3086,2447,2652,2406,1244,384,27,0,16820,16820,727,811,2641,2976,2320,2634,2614,1395,605,95,2
서울특별시 강동구 천호제3동(1174062000),26377,26377,1232,1171,4443,4887,3678,4057,3981,2056,770,95,7,12820,12820,661,614,1891,2409,1893,2094,1961,975,301,19,2,13557,13557,571,557,2552,2478,1785,1963,2020,1081,469,76,5
서울특별시 강동구 성내제1동(1174064000),19925,19925,1457,1658,2684,3155,3291,3040,2692,1372,507,67,2,9586,9586,789,817,1311,1509,1609,1432,1235,649,216,18,1,10339,10339,668,841,1373,1646,1682,1608,1457,723,291,49,1
서울특별시 강동구 성내제2동(1174065000),23310,23310,957,1098,3708,4123,3260,3660,3694,1953,761,89,7,11477,11477,500,555,1668,2153,1696,1861,1756,942,320,24,2,11833,11833,457,543,2040,1970,1564,1799,1938,1011,441,65,5
서울특별시 강동구 성내제3동(1174066000),22953,22953,1123,1667,3459,3397,3516,3931,3393,1744,639,79,5,11222,11222,584,980,1747,1744,1707,1874,1498,819,250,17,2,11731,11731,539,687,1712,1653,1809,2057,1895,925,389,62,3
서울특별시 강동구 길동(1174068500),45444,45444,2234,2802,6789,7305,6753,7236,7360,3559,1207,191,8,22211,22211,1171,1478,3138,3780,3466,3519,3426,1707,485,40,1,23233,23233,1063,1324,3651,3525,3287,3717,3934,1852,722,151,7
서울특별시 강동구 둔촌제1동(1174069000),132,132,3,6,14,14,25,19,27,14,5,4,1,74,74,2,3,9,7,11,11,16,8,5,2,0,58,58,1,3,5,7,14,8,11,6,0,2,1
서울특별시 강동구 둔촌제2동(1174070000),24502,24502,1620,1978,3308,3566,3624,4043,3825,1748,671,115,4,12056,12056,854,1041,1654,1794,1806,1960,1814,850,253,30,0,12446,12446,766,937,1654,1772,1818,2083,2011,898,418,85,4
부산광역시  (2600000000),3340214,3340214,215153,265497,408673,401742,500825,552008,550633,301763,127647,15849,424,1633170,1633170,110351,136647,211544,206221,252719,269307,259671,136256,46958,3418,78,1707044,1707044,104802,128850,197129,195521,248106,282701,290962,165507,80689,12431,346
부산광역시 중구 (2611000000),40585,40585,1087,1861,5924,4499,5067,6666,7938,5003,2208,324,8,19745,19745,577,931,2815,2402,2791,3419,3775,2162,789,83,1,20840,20840,510,930,3109,2097,2276,3247,4163,2841,1419,241,7
부산광역시 중구 중앙동(2611051000),3149,3149,33,61,952,704,356,371,381,184,90,17,0,1480,1480,18,34,345,343,202,204,201,91,40,2,0,1669,1669,15,27,607,361,154,167,180,93,50,15,0
부산광역시 중구 동광동(2611052000),2626,2626,62,84,280,224,300,468,562,425,191,29,1,1348,1348,28,38,151,130,178,247,286,208,75,6,1,1278,1278,34,46,129,94,122,221,276,217,116,23,0
부산광역시 중구 대청동(2611053000),6187,6187,164,348,911,622,826,995,1206,741,306,67,1,2887,2887,87,158,435,331,425,488,557,288,106,12,0,3300,3300,77,190,476,291,401,507,649,453,200,55,1
부산광역시 중구 보수동(2611054500),10522,10522,326,533,1494,1119,1353,1755,2050,1226,589,75,2,5086,5086,168,272,723,576,747,876,964,521,216,23,0,5436,5436,158,261,771,543,606,879,1086,705,373,52,2
부산광역시 중구 부평동(2611056000),4508,4508,86,188,543,453,554,751,1015,626,253,37,2,2126,2126,48,102,251,251,296,373,442,277,82,4,0,2382,2382,38,86,292,202,258,378,573,349,171,33,2
부산광역시 중구 광복동(2611057000),961,961,21,40,87,84,103,178,239,128,65,15,1,491,491,13,19,51,44,56,96,124,57,24,7,0,470,470,8,21,36,40,47,82,115,71,41,8,1
부산광역시 중구 남포동(2611058000),899,899,9,24,52,64,92,187,279,135,50,6,1,524,524,6,12,30,39,60,127,163,70,13,4,0,375,375,3,12,22,25,32,60,116,65,37,2,1
부산광역시 중구 영주제1동(2611059000),4729,4729,155,195,867,648,623,708,768,512,223,30,0,2415,2415,80,101,432,369,369,376,384,223,71,10,0,2314,2314,75,94,435,279,254,332,384,289,152,20,0
부산광역시 중구 영주제2동(2611060000),7004,7004,231,388,738,581,860,1253,1438,1026,441,48,0,3388,3388,129,195,397,319,458,632,654,427,162,15,0,3616,3616,102,193,341,262,402,621,784,599,279,33,0
부산광역시 서구 (2614000000),103961,103961,5094,7061,12713,10267,13930,16930,19143,12255,5827,722,19,50263,50263,2670,3588,6209,5276,7176,8704,8969,5366,2154,144,7,53698,53698,2424,3473,6504,4991,6754,8226,10174,6889,3673,578,12
부산광역시 서구 동대신제1동(2614051000),5608,5608,347,365,658,685,780,907,934,569,317,45,1,2743,2743,192,187,329,364,419,455,432,246,111,8,0,2865,2865,155,178,329,321,361,452,502,323,206,37,1
부산광역시 서구 동대신제2동(2614052000),7178,7178,252,458,735,559,925,1230,1405,1019,530,64,1,3481,3481,126,231,377,317,471,623,651,452,221,12,0,3697,3697,126,227,358,242,454,607,754,567,309,52,1
부산광역시 서구 동대신제3동(2614053000),7701,7701,404,519,1214,820,1033,1144,1275,826,408,56,2,3610,3610,209,246,536,440,510,569,587,343,155,14,1,4091,4091,195,273,678,380,523,575,688,483,253,42,1
부산광역시 서구 서대신제1동(2614054000),13618,13618,1052,1094,1638,1698,2132,2088,1935,1278,615,88,0,6421,6421,565,547,790,784,1042,1012,890,547,224,20,0,7197,7197,487,547,848,914,1090,1076,1045,731,391,68,0
부산광역시 서구 서대신제3동(2614056000),7937,7937,518,822,865,796,1260,1295,1255,733,339,53,1,3649,3649,263,392,403,383,585,605,568,326,113,11,0,4288,4288,255,430,462,413,675,690,687,407,226,42,1
부산광역시 서구 서대신제4동(2614057000),7666,7666,569,765,835,794,1187,1244,1214,674,331,52,1,3692,3692,312,403,441,357,560,611,569,304,123,11,1,3974,3974,257,362,394,437,627,633,645,370,208,41,0
부산광역시 서구 부민동(2614059000),7509,7509,396,560,1481,885,986,1080,1146,624,306,41,4,3548,3548,203,277,667,425,495,542,536,282,113,7,1,3961,3961,193,283,814,460,491,538,610,342,193,34,3
부산광역시 서구 아미동(2614061500),6423,6423,79,262,699,449,710,1083,1484,1036,558,57,6,3255,3255,38,146,352,261,418,636,743,454,193,10,4,3168,3168,41,116,347,188,292,447,741,582,365,47,2
부산광역시 서구 초장동(2614063000),4190,4190,98,159,381,292,511,735,941,672,361,40,0,2127,2127,49,74,215,170,296,425,469,305,116,8,0,2063,2063,49,85,166,122,215,310,472,367,245,32,0
부산광역시 서구 충무동(2614064000),9816,9816,432,505,1418,1068,1258,1609,1821,1142,514,48,1,4676,4676,220,260,628,551,653,822,846,485,202,9,0,5140,5140,212,245,790,517,605,787,975,657,312,39,1
부산광역시 서구 남부민제1동(2614065000),4817,4817,130,160,423,424,528,857,1141,757,352,45,0,2444,2444,66,88,217,236,310,485,545,347,140,10,0,2373,2373,64,72,206,188,218,372,596,410,212,35,0
부산광역시 서구 남부민제2동(2614066000),8893,8893,279,444,780,651,1073,1565,2000,1440,594,65,2,4439,4439,146,247,428,362,586,871,961,620,207,11,0,4454,4454,133,197,352,289,487,694,1039,820,387,54,2
부산광역시 서구 암남동(2614068000),12605,12605,538,948,1586,1146,1547,2093,2592,1485,602,68,0,6178,6178,281,490,826,626,831,1048,1172,655,236,13,0,6427,6427,257,458,760,520,716,1045,1420,830,366,55,0
부산광역시 동구 (2617000000),88257,88257,3955,4813,10312,10532,11600,14403,16153,10736,5097,636,20,43114,43114,2092,2482,5132,5551,6252,7433,7608,4639,1773,149,3,45143,45143,1863,2331,5180,4981,5348,6970,8545,6097,3324,487,17
부산광역시 동구 초량제1동(2617051000),5007,5007,149,280,724,562,706,834,891,574,263,22,2,2508,2508,68,148,371,304,398,459,408,260,90,2,0,2499,2499,81,132,353,258,308,375,483,314,173,20,2
부산광역시 동구 초량제2동(2617052000),5699,5699,128,253,606,545,699,988,1195,840,379,65,1,2826,2826,73,128,297,326,397,545,542,362,133,22,1,2873,2873,55,125,309,219,302,443,653,478,246,43,0
부산광역시 동구 초량제3동(2617053000),13056,13056,1248,782,1880,2640,2063,1814,1501,735,333,57,3,6335,6335,672,411,805,1290,1059,914,724,336,109,15,0,6721,6721,576,371,1075,1350,1004,900,777,399,224,42,3
부산광역시 동구 초량제6동(2617055000),5849,5849,141,369,553,453,733,992,1176,896,464,71,1,2852,2852,70,203,309,258,379,534,551,379,158,11,0,2997,2997,71,166,244,195,354,458,625,517,306,60,1
부산광역시 동구 수정제1동(2617056000),4126,4126,170,290,467,404,561,663,738,554,253,23,3,2014,2014,94,146,255,219,283,355,324,231,104,3,0,2112,2112,76,144,212,185,278,308,414,323,149,20,3
부산광역시 동구 수정제2동(2617057000),9782,9782,392,523,1082,1132,1184,1638,1871,1320,577,62,1,4644,4644,199,266,509,613,622,800,861,557,205,12,0,5138,5138,193,257,573,519,562,838,1010,763,372,50,1
부산광역시 동구 수정제4동(2617059000),3815,3815,82,174,336,290,395,657,793,689,355,44,0,1867,1867,48,97,186,157,227,365,392,268,116,11,0,1948,1948,34,77,150,133,168,292,401,421,239,33,0
부산광역시 동구 수정제5동(2617060000),5245,5245,132,335,515,363,643,895,1071,840,396,54,1,2507,2507,70,172,276,206,348,451,474,376,122,12,0,2738,2738,62,163,239,157,295,444,597,464,274,42,1
부산광역시 동구 좌천동(2617064500),11735,11735,480,635,1390,1319,1495,1954,2148,1518,720,72,4,5703,5703,247,323,756,683,814,931,1025,644,263,15,2,6032,6032,233,312,634,636,681,1023,1123,874,457,57,2
부산광역시 동구 범일제1동(2617065000),11696,11696,313,565,1271,1149,1343,1987,2580,1570,828,88,2,5755,5755,161,274,670,647,760,1041,1198,704,275,25,0,5941,5941,152,291,601,502,583,946,1382,866,553,63,2
부산광역시 동구 범일제2동(2617066000),7954,7954,375,360,1080,1108,1083,1383,1465,746,311,43,0,3983,3983,202,189,507,567,579,726,738,334,127,14,0,3971,3971,173,171,573,541,504,657,727,412,184,29,0
부산광역시 동구 범일제5동(2617068000),4293,4293,345,247,408,567,695,598,724,454,218,35,2,2120,2120,188,125,191,281,386,312,371,188,71,7,0,2173,2173,157,122,217,286,309,286,353,266,147,28,2
부산광역시 영도구 (2620000000),109407,109407,4686,6953,11113,9994,14343,18356,22181,14640,6416,705,20,53883,53883,2377,3554,6116,5416,7480,9481,10619,6417,2272,149,2,55524,55524,2309,3399,4997,4578,6863,8875,11562,8223,4144,556,18
부산광역시 영도구 남항동(2620053000),10846,10846,369,498,1084,1041,1332,1870,2283,1567,711,91,0,5427,5427,194,250,570,587,726,1051,1111,674,245,19,0,5419,5419,175,248,514,454,606,819,1172,893,466,72,0
부산광역시 영도구 영선제1동(2620054000),3938,3938,149,229,394,344,480,668,846,558,242,27,1,1886,1886,75,112,204,178,250,322,381,261,97,6,0,2052,2052,74,117,190,166,230,346,465,297,145,21,1
부산광역시 영도구 영선제2동(2620055000),8131,8131,326,501,797,761,968,1364,1632,1196,514,72,0,3948,3948,169,263,451,404,486,672,769,515,201,18,0,4183,4183,157,238,346,357,482,692,863,681,313,54,0
부산광역시 영도구 신선동(2620058500),8152,8152,193,408,682,552,963,1418,1764,1385,723,64,0,4085,4085,106,214,382,318,559,817,855,580,246,8,0,4067,4067,87,194,300,234,404,601,909,805,477,56,0
부산광역시 영도구 봉래제1동(2620059000),6682,6682,304,366,648,642,873,1046,1443,880,421,56,3,3320,3320,165,185,348,355,474,558,686,393,142,14,0,3362,3362,139,181,300,287,399,488,757,487,279,42,3
부산광역시 영도구 봉래제2동(2620060500),7888,7888,496,513,741,871,1165,1263,1316,1042,440,40,1,3834,3834,238,256,393,447,607,656,609,447,173,8,0,4054,4054,258,257,348,424,558,607,707,595,267,32,1
부산광역시 영도구 청학제1동(2620063000),6024,6024,288,389,521,530,871,965,1202,853,361,44,0,2946,2946,155,202,274,273,463,504,578,363,124,10,0,3078,3078,133,187,247,257,408,461,624,490,237,34,0
부산광역시 영도구 청학제2동(2620064000),17342,17342,857,1329,1716,1634,2442,2975,3353,2085,857,90,4,8582,8582,415,695,934,910,1234,1511,1588,965,316,13,1,8760,8760,442,634,782,724,1208,1464,1765,1120,541,77,3
부산광역시 영도구 동삼제1동(2620065000),27274,27274,1292,2049,3184,2575,3698,4668,5310,3044,1304,145,5,13317,13317,632,1047,1752,1367,1836,2259,2573,1357,459,35,0,13957,13957,660,1002,1432,1208,1862,2409,2737,1687,845,110,5
부산광역시 영도구 동삼제2동(2620066000),3392,3392,153,174,563,286,445,458,654,473,172,13,1,1803,1803,81,84,373,156,259,252,321,212,59,5,1,1589,1589,72,90,190,130,186,206,333,261,113,8,0
부산광역시 영도구 동삼제3동(2620067000),9738,9738,259,497,783,758,1106,1661,2378,1557,671,63,5,4735,4735,147,246,435,421,586,879,1148,650,210,13,0,5003,5003,112,251,348,337,520,782,1230,907,461,50,5
부산광역시 부산진구 (2623000000),351022,351022,19451,23854,50493,46580,49586,56132,57238,31855,14210,1591,32,169057,169057,9851,12095,24390,23714,25156,27340,26761,14177,5207,361,5,181965,181965,9600,11759,26103,22866,24430,28792,30477,17678,9003,1230,27
부산광역시 부산진구 부전제1동(2623051000),15817,15817,616,554,3563,2566,1778,2412,2407,1274,588,58,1,7886,7886,309,291,1562,1362,987,1324,1225,593,220,13,0,7931,7931,307,263,2001,1204,791,1088,1182,681,368,45,1
부산광역시 부산진구 부전제2동(2623052000),10253,10253,611,474,2174,1782,1514,1516,1358,565,210,47,2,5078,5078,321,233,1005,940,817,752,658,268,73,10,1,5175,5175,290,241,1169,842,697,764,700,297,137,37,1
부산광역시 부산진구 연지동(2623054000),20439,20439,1363,1756,1986,2188,3217,3247,3516,2142,919,105,0,9677,9677,675,898,1029,1114,1542,1532,1578,921,363,25,0,10762,10762,688,858,957,1074,1675,1715,1938,1221,556,80,0
부산광역시 부산진구 초읍동(2623055000),21813,21813,1210,1563,2073,2242,3110,3531,4039,2705,1199,137,4,10500,10500,620,875,1086,1125,1563,1754,1775,1210,457,34,1,11313,11313,590,688,987,1117,1547,1777,2264,1495,742,103,3
부산광역시 부산진구 양정제1동(2623056000),19768,19768,1048,1439,2650,2436,2783,3492,3196,1753,876,92,3,9291,9291,523,713,1300,1185,1384,1631,1496,734,298,27,0,10477,10477,525,726,1350,1251,1399,1861,1700,1019,578,65,3
부산광역시 부산진구 양정제2동(2623057000),11860,11860,464,511,2894,2133,1594,1452,1437,896,429,47,3,5455,5455,241,242,1139,1024,827,743,665,389,174,9,2,6405,6405,223,269,1755,1109,767,709,772,507,255,38,1
부산광역시 부산진구 전포제1동(2623060000),21689,21689,1410,1273,4471,4321,3089,2655,2374,1352,664,80,0,10392,10392,716,632,1953,2211,1591,1301,1128,588,254,18,0,11297,11297,694,641,2518,2110,1498,1354,1246,764,410,62,0
부산광역시 부산진구 전포제2동(2623061000),20778,20778,833,1123,3411,2904,2817,3030,3409,2152,999,99,1,9704,9704,430,560,1569,1457,1348,1477,1527,937,380,19,0,11074,11074,403,563,1842,1447,1469,1553,1882,1215,619,80,1
부산광역시 부산진구 부암제1동(2623064000),23214,23214,1839,1897,2639,3093,3776,3779,3415,1922,769,80,5,11283,11283,967,972,1292,1505,1904,1838,1620,891,270,23,1,11931,11931,872,925,1347,1588,1872,1941,1795,1031,499,57,4
부산광역시 부산진구 부암제3동(2623066000),17261,17261,995,1808,1830,1556,2735,3205,2927,1515,626,63,1,8474,8474,507,913,1028,786,1307,1582,1421,679,243,8,0,8787,8787,488,895,802,770,1428,1623,1506,836,383,55,1
부산광역시 부산진구 당감제1동(2623067000),22836,22836,1046,1830,2674,2271,3128,4259,4231,2204,1052,139,2,10908,10908,504,937,1437,1190,1534,2004,1986,947,344,25,0,11928,11928,542,893,1237,1081,1594,2255,2245,1257,708,114,2
부산광역시 부산진구 당감제2동(2623068000),10203,10203,703,676,1256,1570,1491,1452,1675,959,383,38,0,4878,4878,351,351,596,791,749,699,751,420,159,11,0,5325,5325,352,325,660,779,742,753,924,539,224,27,0
부산광역시 부산진구 당감제4동(2623070000),11212,11212,620,843,1182,1210,1617,2135,1990,1080,487,48,0,5465,5465,326,414,637,622,833,1020,966,473,163,11,0,5747,5747,294,429,545,588,784,1115,1024,607,324,37,0
부산광역시 부산진구 가야제1동(2623071000),19031,19031,762,1198,2907,2169,2551,3146,3464,1961,803,70,0,9555,9555,374,610,1603,1174,1402,1587,1608,901,287,9,0,9476,9476,388,588,1304,995,1149,1559,1856,1060,516,61,0
부산광역시 부산진구 가야제2동(2623072000),16718,16718,932,1333,2030,1779,2275,2774,3020,1789,697,87,2,8127,8127,460,687,1094,933,1114,1326,1359,838,292,24,0,8591,8591,472,646,936,846,1161,1448,1661,951,405,63,2
부산광역시 부산진구 개금제1동(2623074000),16705,16705,1131,992,3058,2630,2411,2456,2231,1198,547,50,1,8029,8029,565,469,1364,1345,1269,1211,1024,552,215,15,0,8676,8676,566,523,1694,1285,1142,1245,1207,646,332,35,1
부산광역시 부산진구 개금제2동(2623075000),10837,10837,538,777,1476,1087,1414,1855,1959,1155,529,46,1,5280,5280,258,384,786,588,729,892,931,505,199,8,0,5557,5557,280,393,690,499,685,963,1028,650,330,38,1
부산광역시 부산진구 개금제3동(2623076000),28514,28514,1686,2354,3346,3238,3993,5073,5287,2339,1059,137,2,13735,13735,881,1167,1752,1599,1994,2362,2538,1064,347,31,0,14779,14779,805,1187,1594,1639,1999,2711,2749,1275,712,106,2
부산광역시 부산진구 범천제1동(2623077000),11917,11917,493,424,2483,2373,1526,1625,1636,862,435,60,0,5599,5599,229,210,1058,1205,756,822,771,373,159,16,0,6318,6318,264,214,1425,1168,770,803,865,489,276,44,0
부산광역시 부산진구 범천제2동(2623078000),20157,20157,1151,1029,2390,3032,2767,3038,3667,2032,939,108,4,9741,9741,594,537,1100,1558,1506,1483,1734,894,310,25,0,10416,10416,557,492,1290,1474,1261,1555,1933,1138,629,83,4
부산광역시 동래구 (2626000000),273976,273976,19997,25184,31291,32999,44015,44008,42633,23354,9295,1170,30,132996,132996,10279,13124,16153,16548,21599,21102,19633,10692,3590,272,4,140980,140980,9718,12060,15138,16451,22416,22906,23000,12662,5705,898,26
부산광역시 동래구 수민동(2626051000),32114,32114,2405,2759,3593,4100,4996,5142,5079,2761,1134,144,1,15563,15563,1216,1474,1916,2047,2487,2399,2291,1264,436,33,0,16551,16551,1189,1285,1677,2053,2509,2743,2788,1497,698,111,1
부산광역시 동래구 복산동(2626052000),9280,9280,281,566,944,803,1110,1621,1987,1262,621,84,1,4537,4537,149,308,517,450,590,797,934,548,227,17,0,4743,4743,132,258,427,353,520,824,1053,714,394,67,1
부산광역시 동래구 명륜동(2626054500),24408,24408,2432,3246,2333,2736,4990,3672,2736,1537,638,87,1,11995,11995,1272,1788,1192,1289,2390,1844,1249,704,248,19,0,12413,12413,1160,1458,1141,1447,2600,1828,1487,833,390,68,1
부산광역시 동래구 온천제1동(2626055000),22236,22236,1218,1264,3587,3770,3379,3388,2965,1767,802,87,9,10480,10480,609,628,1539,1902,1645,1668,1384,762,316,25,2,11756,11756,609,636,2048,1868,1734,1720,1581,1005,486,62,7
부산광역시 동래구 온천제2동(2626056000),23849,23849,2712,2241,2254,3260,3947,3362,3223,1832,870,146,2,11476,11476,1314,1138,1206,1594,1930,1604,1485,838,327,40,0,12373,12373,1398,1103,1048,1666,2017,1758,1738,994,543,106,2
부산광역시 동래구 온천제3동(2626057000),38263,38263,2413,2772,5255,5057,5511,6433,6168,3276,1235,140,3,18674,18674,1241,1487,2629,2607,2744,3039,2883,1485,521,38,0,19589,19589,1172,1285,2626,2450,2767,3394,3285,1791,714,102,3
부산광역시 동래구 사직제1동(2626058000),10507,10507,736,968,1209,1266,1738,1625,1528,946,440,50,1,5036,5036,382,468,636,630,852,799,662,416,178,13,0,5471,5471,354,500,573,636,886,826,866,530,262,37,1
부산광역시 동래구 사직제2동(2626059000),26327,26327,2318,3909,2839,2391,5317,4404,3125,1472,482,68,2,12699,12699,1175,1899,1503,1133,2451,2174,1501,682,176,5,0,13628,13628,1143,2010,1336,1258,2866,2230,1624,790,306,63,2
부산광역시 동래구 사직제3동(2626060000),17190,17190,1349,1844,1751,1730,3159,2584,2580,1553,582,57,1,8497,8497,755,1051,908,830,1573,1296,1164,685,223,12,0,8693,8693,594,793,843,900,1586,1288,1416,868,359,45,1
부산광역시 동래구 안락제1동(2626074000),14323,14323,722,947,1537,1574,1933,2387,2890,1634,624,75,0,7069,7069,396,505,830,830,994,1168,1313,761,258,14,0,7254,7254,326,442,707,744,939,1219,1577,873,366,61,0
부산광역시 동래구 안락제2동(2626075000),26869,26869,1704,2698,2900,2974,4121,4574,4602,2340,845,106,5,13080,13080,888,1383,1597,1505,1978,2140,2140,1127,296,25,1,13789,13789,816,1315,1303,1469,2143,2434,2462,1213,549,81,4
부산광역시 동래구 명장제1동(2626076100),13944,13944,923,1008,1451,1559,1930,2327,2689,1466,525,62,4,6743,6743,466,481,786,782,997,1072,1245,690,209,14,1,7201,7201,457,527,665,777,933,1255,1444,776,316,48,3
부산광역시 동래구 명장제2동(2626076200),14666,14666,784,962,1638,1779,1884,2489,3061,1508,497,64,0,7147,7147,416,514,894,949,968,1102,1382,730,175,17,0,7519,7519,368,448,744,830,916,1387,1679,778,322,47,0
부산광역시 남구 (2629000000),260617,260617,16000,22638,33761,27589,40072,42043,41455,25366,10424,1237,32,127312,127312,8174,11595,17880,14274,20088,20664,19051,11239,4070,273,4,133305,133305,7826,11043,15881,13315,19984,21379,22404,14127,6354,964,28
부산광역시 남구 대연제1동(2629051000),15811,15811,436,954,3664,1786,1944,2212,2317,1696,724,76,2,7997,7997,215,470,2030,1047,1045,1101,1010,735,324,20,0,7814,7814,221,484,1634,739,899,1111,1307,961,400,56,2
부산광역시 남구 대연제3동(2629053000),32793,32793,2468,3345,6582,3882,5527,4677,3535,1867,791,115,4,16078,16078,1271,1696,3417,1956,2698,2253,1592,853,321,20,1,16715,16715,1197,1649,3165,1926,2829,2424,1943,1014,470,95,3
부산광역시 남구 대연제4동(2629054000),12238,12238,990,860,1148,1582,1845,1802,2032,1359,554,64,2,5982,5982,497,463,603,804,985,878,924,599,211,18,0,6256,6256,493,397,545,778,860,924,1108,760,343,46,2
부산광역시 남구 대연제5동(2629055000),16970,16970,984,1377,2821,1905,2580,2488,2461,1592,687,74,1,8145,8145,530,686,1333,981,1275,1227,1115,694,284,19,1,8825,8825,454,691,1488,924,1305,1261,1346,898,403,55,0
부산광역시 남구 대연제6동(2629056000),15166,15166,1615,1617,1581,1918,2800,2240,1845,1067,428,53,2,7305,7305,803,831,818,906,1354,1084,823,487,188,11,0,7861,7861,812,786,763,1012,1446,1156,1022,580,240,42,2
부산광역시 남구 용호제1동(2629057000),43914,43914,3088,5006,4648,3770,7340,7946,6658,3684,1547,223,4,21035,21035,1540,2542,2501,1799,3405,3809,3154,1622,604,59,0,22879,22879,1548,2464,2147,1971,3935,4137,3504,2062,943,164,4
부산광역시 남구 용호제2동(2629058000),16596,16596,1252,1746,1552,1600,2741,2671,2793,1606,555,80,0,8109,8109,627,896,857,796,1342,1323,1279,768,212,9,0,8487,8487,625,850,695,804,1399,1348,1514,838,343,71,0
부산광역시 남구 용호제3동(2629059000),12125,12125,445,844,1300,1054,1603,2059,2512,1639,606,60,3,5869,5869,223,434,701,584,827,993,1129,748,217,13,0,6256,6256,222,410,599,470,776,1066,1383,891,389,47,3
부산광역시 남구 용호제4동(2629060000),8469,8469,458,640,842,959,1299,1327,1621,937,341,41,4,4077,4077,253,321,435,501,666,631,702,421,129,16,2,4392,4392,205,319,407,458,633,696,919,516,212,25,2
부산광역시 남구 용당동(2629061000),8219,8219,483,743,998,793,1208,1503,1384,782,291,33,1,4135,4135,245,384,580,415,604,767,677,339,118,6,0,4084,4084,238,359,418,378,604,736,707,443,173,27,1
부산광역시 남구 감만제1동(2629062000),12726,12726,555,892,1319,1243,1789,2137,2554,1538,640,58,1,6501,6501,295,475,774,691,988,1101,1232,683,249,13,0,6225,6225,260,417,545,552,801,1036,1322,855,391,45,1
부산광역시 남구 감만제2동(2629063000),6682,6682,265,443,624,580,966,1107,1302,963,394,37,1,3278,3278,131,250,351,312,518,589,564,401,154,8,0,3404,3404,134,193,273,268,448,518,738,562,240,29,1
부산광역시 남구 우암동(2629064500),12705,12705,526,874,1189,1131,1760,2008,2709,1740,665,101,2,6270,6270,290,465,654,613,951,1014,1226,794,249,14,0,6435,6435,236,409,535,518,809,994,1483,946,416,87,2
부산광역시 남구 문현제1동(2629068000),13371,13371,653,1123,1555,1196,1987,2456,2319,1442,580,60,0,6518,6518,354,568,831,623,1006,1202,1097,617,209,11,0,6853,6853,299,555,724,573,981,1254,1222,825,371,49,0
부산광역시 남구 문현제2동(2629069000),8435,8435,330,355,1180,1322,1137,1230,1408,921,500,49,3,4156,4156,175,186,509,725,627,661,690,398,174,11,0,4279,4279,155,169,671,597,510,569,718,523,326,38,3
부산광역시 남구 문현제3동(2629070000),16311,16311,1186,1338,1842,2140,2524,2724,2421,1462,609,65,0,7936,7936,592,670,984,1123,1261,1321,1103,639,228,15,0,8375,8375,594,668,858,1017,1263,1403,1318,823,381,50,0
부산광역시 남구 문현제4동(2629071000),8086,8086,266,481,916,728,1022,1456,1584,1071,512,48,2,3921,3921,133,258,502,398,536,710,734,441,199,10,0,4165,4165,133,223,414,330,486,746,850,630,313,38,2
부산광역시 북구 (2632000000),280852,280852,17776,22172,34593,33274,39341,51751,49043,22540,9184,1149,29,138535,138535,9148,11577,18388,17479,19610,24442,24089,10369,3229,201,3,142317,142317,8628,10595,16205,15795,19731,27309,24954,12171,5955,948,26
부산광역시 북구 구포제1동(2632051000),16180,16180,891,748,2092,2303,1970,2953,3166,1429,556,69,3,8123,8123,435,371,1079,1268,1062,1453,1566,677,197,14,1,8057,8057,456,377,1013,1035,908,1500,1600,752,359,55,2
부산광역시 북구 구포제2동(2632052000),25070,25070,1230,1656,3239,3041,3279,4847,4803,2080,811,80,4,12797,12797,651,875,1744,1690,1741,2361,2419,1006,301,9,0,12273,12273,579,781,1495,1351,1538,2486,2384,1074,510,71,4
부산광역시 북구 구포제3동(2632052100),19431,19431,753,1392,2685,1826,2635,4100,3740,1669,561,68,2,10021,10021,401,757,1521,1043,1382,2051,1864,769,224,9,0,9410,9410,352,635,1164,783,1253,2049,1876,900,337,59,2
부산광역시 북구 금곡동(2632053000),37636,37636,1906,2870,4134,3653,4844,7170,7054,3757,2017,227,4,18213,18213,982,1489,2221,1963,2388,3354,3573,1584,612,47,0,19423,19423,924,1381,1913,1690,2456,3816,3481,2173,1405,180,4
부산광역시 북구 화명제1동(2632054100),41072,41072,3760,4255,5247,5111,6318,7948,5805,1889,640,96,3,20102,20102,1917,2197,2767,2463,2933,3624,3035,930,226,10,0,20970,20970,1843,2058,2480,2648,3385,4324,2770,959,414,86,3
부산광역시 북구 화명제2동(2632054200),17030,17030,1169,1367,2321,2108,2210,3367,2678,1208,522,76,4,8289,8289,605,698,1251,1109,1053,1503,1336,541,179,12,2,8741,8741,564,669,1070,999,1157,1864,1342,667,343,64,2
부산광역시 북구 화명제3동(2632054300),29398,29398,2315,3675,3722,3107,5126,5405,3387,1776,784,100,1,14357,14357,1182,1931,1968,1495,2342,2633,1673,793,313,27,0,15041,15041,1133,1744,1754,1612,2784,2772,1714,983,471,73,1
부산광역시 북구 덕천제1동(2632055000),11033,11033,352,472,1358,1216,1268,1936,2392,1319,634,82,4,5425,5425,172,251,722,695,672,959,1110,602,224,18,0,5608,5608,180,221,636,521,596,977,1282,717,410,64,4
부산광역시 북구 덕천제2동(2632056000),11872,11872,382,564,1713,1471,1399,2157,2442,1191,482,71,0,5895,5895,199,277,875,881,746,1048,1164,526,166,13,0,5977,5977,183,287,838,590,653,1109,1278,665,316,58,0
부산광역시 북구 덕천제3동(2632056100),10640,10640,369,625,1289,1079,1398,1851,2149,1300,529,51,0,5200,5200,197,336,679,596,768,903,992,557,163,9,0,5440,5440,172,289,610,483,630,948,1157,743,366,42,0
부산광역시 북구 만덕제1동(2632057100),16662,16662,1424,1029,1719,2985,2340,2556,2859,1292,409,48,1,8188,8188,730,547,857,1550,1205,1149,1380,618,150,2,0,8474,8474,694,482,862,1435,1135,1407,1479,674,259,46,1
부산광역시 북구 만덕제2동(2632057200),26351,26351,2124,2256,2903,3238,4046,4282,4647,2042,702,111,0,12930,12930,1090,1171,1527,1633,2037,2020,2185,993,256,18,0,13421,13421,1034,1085,1376,1605,2009,2262,2462,1049,446,93,0
부산광역시 북구 만덕제3동(2632057300),18477,18477,1101,1263,2171,2136,2508,3179,3921,1588,537,70,3,8995,8995,587,677,1177,1093,1281,1384,1792,773,218,13,0,9482,9482,514,586,994,1043,1227,1795,2129,815,319,57,3
부산광역시 해운대구 (2635000000),393130,393130,26316,36412,45490,44375,63177,69274,60353,31597,14207,1871,58,188911,188911,13597,18726,23742,21766,30160,32904,28383,14091,5113,411,18,204219,204219,12719,17686,21748,22609,33017,36370,31970,17506,9094,1460,40
부산광역시 해운대구 우제1동(2635051000),22134,22134,1171,1503,2814,2771,3248,3837,3670,2149,856,113,2,10507,10507,586,753,1380,1394,1561,1794,1668,994,354,22,1,11627,11627,585,750,1434,1377,1687,2043,2002,1155,502,91,1
부산광역시 해운대구 우제2동(2635052000),30578,30578,2750,3051,3228,3629,5166,5387,4092,2164,963,143,5,14524,14524,1437,1579,1644,1650,2360,2554,1899,1003,370,28,0,16054,16054,1313,1472,1584,1979,2806,2833,2193,1161,593,115,5
부산광역시 해운대구 우제3동(2635052500),28591,28591,2851,3159,2606,3256,5031,4761,4033,1899,874,118,3,13527,13527,1463,1587,1377,1407,2330,2178,1901,893,359,30,2,15064,15064,1388,1572,1229,1849,2701,2583,2132,1006,515,88,1
부산광역시 해운대구 중제1동(2635053000),27896,27896,2189,2535,3386,3552,4808,4925,3602,1903,883,110,3,13398,13398,1150,1302,1715,1665,2259,2380,1686,857,351,32,1,14498,14498,1039,1233,1671,1887,2549,2545,1916,1046,532,78,2
부산광역시 해운대구 중제2동(2635054000),15839,15839,1222,1184,1576,2136,2686,2803,2560,1146,435,83,8,7562,7562,592,638,810,1034,1312,1308,1173,504,169,20,2,8277,8277,630,546,766,1102,1374,1495,1387,642,266,63,6
부산광역시 해운대구 좌제1동(2635055100),17928,17928,1115,1936,2623,2110,3017,3237,2041,1070,690,87,2,8305,8305,553,1017,1224,982,1294,1546,993,424,233,38,1,9623,9623,562,919,1399,1128,1723,1691,1048,646,457,49,1
부산광역시 해운대구 좌제2동(2635055200),31816,31816,1931,2719,4841,4419,4778,5701,4195,1974,1098,158,2,14691,14691,1007,1376,2303,2112,2131,2512,1995,810,400,43,2,17125,17125,924,1343,2538,2307,2647,3189,2200,1164,698,115,0
부산광역시 해운대구 좌제3동(2635055300),15997,15997,1008,1688,1843,1605,2375,2962,2364,1259,776,115,2,7515,7515,509,873,1020,778,1060,1351,1100,513,278,32,1,8482,8482,499,815,823,827,1315,1611,1264,746,498,83,1
부산광역시 해운대구 좌제4동(2635055400),22961,22961,1627,2836,2786,2424,3812,4316,2900,1379,775,101,5,10902,10902,866,1437,1452,1147,1666,2032,1421,576,284,19,2,12059,12059,761,1399,1334,1277,2146,2284,1479,803,491,82,3
부산광역시 해운대구 송정동(2635056000),9885,9885,467,486,1087,1167,1342,1690,2018,1050,502,74,2,4761,4761,253,269,589,624,707,777,902,467,163,10,0,5124,5124,214,217,498,543,635,913,1116,583,339,64,2
부산광역시 해운대구 반여제1동(2635057000),34062,34062,2339,3947,4015,3383,5817,6258,4836,2373,958,132,4,16768,16768,1209,2054,2176,1644,2698,3102,2391,1123,341,29,1,17294,17294,1130,1893,1839,1739,3119,3156,2445,1250,617,103,3
부산광역시 해운대구 반여제2동(2635058000),12522,12522,454,557,1301,1461,1638,2249,2544,1581,666,69,2,6101,6101,217,291,735,820,900,1072,1161,673,218,14,0,6421,6421,237,266,566,641,738,1177,1383,908,448,55,2
부산광역시 해운대구 반여제3동(2635059000),8399,8399,180,442,907,736,1018,1582,1871,1103,515,45,0,4115,4115,104,232,505,451,545,794,839,466,171,8,0,4284,4284,76,210,402,285,473,788,1032,637,344,37,0
부산광역시 해운대구 반여제4동(2635059500),15911,15911,1194,1489,1871,1871,2526,2881,2588,1088,359,43,1,7853,7853,630,752,1001,938,1274,1344,1234,556,118,6,0,8058,8058,564,737,870,933,1252,1537,1354,532,241,37,1
부산광역시 해운대구 반송제1동(2635061000),13619,13619,323,659,1473,1057,1629,2541,2842,2046,954,92,3,6829,6829,157,334,823,647,930,1342,1391,838,351,16,0,6790,6790,166,325,650,410,699,1199,1451,1208,603,76,3
부산광역시 해운대구 반송제2동(2635062000),22938,22938,777,1323,2184,1783,2931,3936,5183,3224,1399,191,7,11158,11158,410,701,1237,977,1611,1942,2447,1351,447,32,3,11780,11780,367,622,947,806,1320,1994,2736,1873,952,159,4
부산광역시 해운대구 재송제1동(2635065000),37645,37645,3618,4962,4029,4276,7658,5706,4395,2178,722,97,4,18496,18496,1888,2549,2136,2031,3633,2840,2058,1070,274,16,1,19149,19149,1730,2413,1893,2245,4025,2866,2337,1108,448,81,3
부산광역시 해운대구 재송제2동(2635066000),24409,24409,1100,1936,2920,2739,3697,4502,4619,2011,782,100,3,11899,11899,566,982,1615,1465,1889,2036,2124,973,232,16,1,12510,12510,534,954,1305,1274,1808,2466,2495,1038,550,84,2
부산광역시 사하구 (2638000000),305556,305556,17938,24376,37484,34841,44639,52870,53802,27485,10708,1392,21,151933,151933,9227,12565,20160,18549,22926,25934,25788,12710,3806,266,2,153623,153623,8711,11811,17324,16292,21713,26936,28014,14775,6902,1126,19
부산광역시 사하구 괴정제1동(2638051000),19209,19209,950,1497,2130,2035,2597,3271,3507,2143,938,137,4,9202,9202,499,772,1120,1073,1280,1495,1602,1010,324,27,0,10007,10007,451,725,1010,962,1317,1776,1905,1133,614,110,4
부산광역시 사하구 괴정제2동(2638052000),15367,15367,980,1218,1641,1674,2362,2432,2770,1638,585,67,0,7482,7482,498,590,853,877,1196,1203,1284,765,209,7,0,7885,7885,482,628,788,797,1166,1229,1486,873,376,60,0
부산광역시 사하구 괴정제3동(2638053000),12181,12181,461,701,1315,1397,1512,2040,2581,1471,633,70,0,5823,5823,243,360,682,747,807,973,1142,625,223,21,0,6358,6358,218,341,633,650,705,1067,1439,846,410,49,0
부산광역시 사하구 괴정제4동(2638054000),12032,12032,685,904,1366,1265,1730,1992,2289,1249,488,63,1,5855,5855,369,441,746,664,851,946,1026,593,210,9,0,6177,6177,316,463,620,601,879,1046,1263,656,278,54,1
부산광역시 사하구 당리동(2638055000),26055,26055,1411,2214,3144,2740,3728,4562,4812,2418,898,128,0,12712,12712,722,1159,1636,1433,1861,2070,2291,1181,332,27,0,13343,13343,689,1055,1508,1307,1867,2492,2521,1237,566,101,0
부산광역시 사하구 하단제1동(2638056100),21355,21355,1078,1591,3433,2773,2927,3524,3560,1715,665,89,0,10658,10658,539,810,1825,1542,1507,1665,1696,800,264,10,0,10697,10697,539,781,1608,1231,1420,1859,1864,915,401,79,0
부산광역시 사하구 하단제2동(2638056200),25275,25275,1306,1951,5163,3130,3455,3971,3721,1811,691,73,3,12671,12671,706,953,2842,1720,1788,1887,1686,800,272,16,1,12604,12604,600,998,2321,1410,1667,2084,2035,1011,419,57,2
부산광역시 사하구 신평제1동(2638057100),16660,16660,1011,1069,1690,1936,2419,3025,3163,1647,631,67,2,8599,8599,524,571,927,1090,1335,1621,1562,745,215,9,0,8061,8061,487,498,763,846,1084,1404,1601,902,416,58,2
부산광역시 사하구 신평제2동(2638057200),17616,17616,1192,1419,2246,2534,2637,3095,2899,1136,392,66,0,8825,8825,617,731,1173,1345,1371,1459,1407,564,143,15,0,8791,8791,575,688,1073,1189,1266,1636,1492,572,249,51,0
부산광역시 사하구 장림제1동(2638058000),10592,10592,806,936,1010,1320,1899,1742,1623,920,311,25,0,5479,5479,414,485,562,682,1062,967,785,409,110,3,0,5113,5113,392,451,448,638,837,775,838,511,201,22,0
부산광역시 사하구 장림제2동(2638059000),27104,27104,1673,2363,3293,3333,4330,4732,4550,2101,656,72,1,13760,13760,876,1233,1755,1832,2223,2363,2237,996,233,12,0,13344,13344,797,1130,1538,1501,2107,2369,2313,1105,423,60,1
부산광역시 사하구 다대제1동(2638060100),38295,38295,2620,3769,4169,3967,6105,6934,6234,3041,1274,180,2,19160,19160,1319,1995,2327,2002,3023,3476,3148,1412,414,44,0,19135,19135,1301,1774,1842,1965,3082,3458,3086,1629,860,136,2
부산광역시 사하구 다대제2동(2638060200),26911,26911,1523,2257,3021,2437,3806,5102,5151,2387,1065,161,1,13207,13207,757,1165,1696,1240,1835,2509,2571,1059,340,35,0,13704,13704,766,1092,1325,1197,1971,2593,2580,1328,725,126,1
부산광역시 사하구 구평동(2638061000),12887,12887,1366,978,1416,2281,2064,1976,1781,768,215,40,2,6579,6579,725,532,718,1188,1096,1000,859,383,74,4,0,6308,6308,641,446,698,1093,968,976,922,385,141,36,2
부산광역시 사하구 감천제1동(2638062000),18202,18202,760,1294,1972,1644,2405,3369,3898,2023,744,91,2,8948,8948,374,657,1026,889,1289,1637,1855,942,262,17,0,9254,9254,386,637,946,755,1116,1732,2043,1081,482,74,2
부산광역시 사하구 감천제2동(2638063000),5815,5815,116,215,475,375,663,1103,1263,1017,522,63,3,2973,2973,45,111,272,225,402,663,637,426,181,10,1,2842,2842,71,104,203,150,261,440,626,591,341,53,2
부산광역시 금정구 (2641000000),225033,225033,11551,16951,31148,23590,30675,38484,39569,22150,9651,1231,33,110036,110036,5927,8701,16869,12415,15263,18429,18493,10054,3606,274,5,114997,114997,5624,8250,14279,11175,15412,20055,21076,12096,6045,957,28
부산광역시 금정구 서제1동(2641051000),5202,5202,80,222,451,396,677,975,1263,743,361,34,0,2689,2689,43,123,254,264,410,517,611,338,125,4,0,2513,2513,37,99,197,132,267,458,652,405,236,30,0
부산광역시 금정구 서제2동(2641052000),9068,9068,264,442,1001,887,1063,1719,2166,1089,399,38,0,4540,4540,138,225,545,478,571,861,1056,520,137,9,0,4528,4528,126,217,456,409,492,858,1110,569,262,29,0
부산광역시 금정구 서제3동(2641053000),11082,11082,311,492,1149,1087,1274,2107,2536,1477,586,62,1,5542,5542,163,246,639,623,701,1056,1215,649,239,11,0,5540,5540,148,246,510,464,573,1051,1321,828,347,51,1
부산광역시 금정구 금사회동동(2641055500),7751,7751,219,325,730,712,887,1446,1937,1069,386,39,1,4071,4071,125,164,411,408,533,752,994,528,148,8,0,3680,3680,94,161,319,304,354,694,943,541,238,31,1
부산광역시 금정구 부곡제1동(2641057000),8161,8161,270,413,777,765,1027,1363,1747,1219,523,57,0,3953,3953,152,206,420,436,577,676,786,518,169,13,0,4208,4208,118,207,357,329,450,687,961,701,354,44,0
부산광역시 금정구 부곡제2동(2641058000),17855,17855,930,1513,2584,1947,2585,3096,2865,1543,691,99,2,8521,8521,485,778,1306,990,1219,1454,1325,688,250,26,0,9334,9334,445,735,1278,957,1366,1642,1540,855,441,73,2
부산광역시 금정구 부곡제3동(2641059000),15581,15581,993,1324,2055,1838,2250,2662,2510,1247,612,89,1,7476,7476,501,656,1069,956,1078,1260,1138,579,215,24,0,8105,8105,492,668,986,882,1172,1402,1372,668,397,65,1
부산광역시 금정구 부곡제4동(2641059100),12647,12647,485,734,1423,1346,1677,2179,2617,1572,559,53,2,6085,6085,246,405,768,713,870,1016,1145,707,208,7,0,6562,6562,239,329,655,633,807,1163,1472,865,351,46,2
부산광역시 금정구 장전제1동(2641060000),17969,17969,750,1258,5875,1930,2139,2185,2018,1199,544,70,1,9366,9366,351,624,3428,1119,1103,1073,915,520,217,16,0,8603,8603,399,634,2447,811,1036,1112,1103,679,327,54,1
부산광역시 금정구 장전제2동(2641061000),26301,26301,2390,2494,3171,3356,4625,3694,3401,2053,957,155,5,12690,12690,1251,1371,1646,1624,2253,1748,1503,898,373,22,1,13611,13611,1139,1123,1525,1732,2372,1946,1898,1155,584,133,4
부산광역시 금정구 선두구동(2641063500),2298,2298,67,89,198,198,220,463,550,316,172,23,2,1227,1227,43,51,109,121,123,248,309,147,70,6,0,1071,1071,24,38,89,77,97,215,241,169,102,17,2
부산광역시 금정구 청룡노포동(2641066500),9709,9709,479,664,981,919,1148,1714,1916,1252,564,68,4,4741,4741,252,346,568,478,559,800,880,595,233,29,1,4968,4968,227,318,413,441,589,914,1036,657,331,39,3
부산광역시 금정구 남산동(2641067000),28406,28406,1015,1872,4290,2770,3371,5271,5307,2998,1345,162,5,13875,13875,528,940,2319,1507,1680,2515,2506,1316,531,32,1,14531,14531,487,932,1971,1263,1691,2756,2801,1682,814,130,4
부산광역시 금정구 구서제1동(2641068000),19441,19441,1215,1888,2350,2123,2965,3532,3073,1532,688,74,1,9207,9207,624,918,1216,1043,1396,1619,1431,718,229,13,0,10234,10234,591,970,1134,1080,1569,1913,1642,814,459,61,1
부산광역시 금정구 구서제2동(2641069000),32539,32539,2029,3102,4041,3249,4609,5920,5446,2723,1214,199,7,15559,15559,1003,1580,2134,1622,2117,2750,2571,1276,452,52,2,16980,16980,1026,1522,1907,1627,2492,3170,2875,1447,762,147,5
부산광역시 금정구 금성동(2641070000),1023,1023,54,119,72,67,158,158,217,118,50,9,1,494,494,22,68,37,33,73,84,108,57,10,2,0,529,529,32,51,35,34,85,74,109,61,40,7,1
부산광역시 강서구 (2644000000),143638,143638,19419,13299,12597,26286,26848,17168,17250,7357,2922,479,13,74360,74360,10045,6773,6822,13366,14888,8956,8695,3690,1029,94,2,69278,69278,9374,6526,5775,12920,11960,8212,8555,3667,1893,385,11
부산광역시 강서구 대저1동(2644051000),6451,6451,160,265,564,545,657,1140,1646,998,409,66,1,3545,3545,77,144,334,324,409,658,914,519,154,12,0,2906,2906,83,121,230,221,248,482,732,479,255,54,1
부산광역시 강서구 대저2동(2644052000),7034,7034,458,458,828,885,909,1017,1375,704,343,56,1,3950,3950,242,249,538,520,551,591,759,363,131,6,0,3084,3084,216,209,290,365,358,426,616,341,212,50,1
부산광역시 강서구 강동동(2644053000),4184,4184,78,109,307,325,329,753,1322,648,263,48,2,2240,2240,45,59,197,189,209,412,716,324,80,9,0,1944,1944,33,50,110,136,120,341,606,324,183,39,2
부산광역시 강서구 명지1동(2644053500),53656,53656,9635,4925,4539,12764,10525,4885,4252,1507,527,95,2,26944,26944,4915,2420,2251,6232,5749,2382,2036,760,181,18,0,26712,26712,4720,2505,2288,6532,4776,2503,2216,747,346,77,2
부산광역시 강서구 명지2동(2644054500),30363,30363,4721,4541,2361,4354,7004,3488,2602,925,312,54,1,15144,15144,2467,2336,1204,1961,3549,1787,1243,462,117,17,1,15219,15219,2254,2205,1157,2393,3455,1701,1359,463,195,37,0
부산광역시 강서구 가락동(2644055000),2315,2315,43,59,164,180,190,422,614,412,200,29,2,1241,1241,23,36,91,113,124,240,321,217,69,7,0,1074,1074,20,23,73,67,66,182,293,195,131,22,2
부산광역시 강서구 녹산동(2644056000),35612,35612,4209,2800,3527,6861,6779,4675,4365,1664,636,94,2,19175,19175,2215,1463,2014,3799,4010,2478,2170,792,213,21,0,16437,16437,1994,1337,1513,3062,2769,2197,2195,872,423,73,2
부산광역시 강서구 가덕도동(2644058000),4023,4023,115,142,307,372,455,788,1074,499,232,37,2,2121,2121,61,66,193,228,287,408,536,253,84,4,1,1902,1902,54,76,114,144,168,380,538,246,148,33,1
부산광역시 연제구 (2647000000),206677,206677,13714,16142,24509,26268,31444,33455,33604,18863,7766,885,27,99362,99362,6916,8256,12327,13214,15510,15899,15394,8581,3066,193,6,107315,107315,6798,7886,12182,13054,15934,17556,18210,10282,4700,692,21
부산광역시 연제구 거제제1동(2647061000),28822,28822,2241,3449,3159,2744,5267,4808,3713,2353,989,93,6,13891,13891,1171,1820,1660,1282,2404,2375,1692,1041,427,17,2,14931,14931,1070,1629,1499,1462,2863,2433,2021,1312,562,76,4
부산광역시 연제구 거제제2동(2647062000),12074,12074,944,1563,1241,1126,2221,1979,1661,934,362,42,1,5741,5741,433,744,630,547,1038,986,771,435,144,12,1,6333,6333,511,819,611,579,1183,993,890,499,218,30,0
부산광역시 연제구 거제제3동(2647063000),9864,9864,432,630,1076,1050,1235,1577,1854,1273,657,79,1,4664,4664,237,322,519,546,626,741,838,557,255,23,0,5200,5200,195,308,557,504,609,836,1016,716,402,56,1
부산광역시 연제구 거제제4동(2647064000),10284,10284,600,994,1118,1026,1564,1780,1809,939,396,56,2,5037,5037,309,541,602,544,750,840,838,457,143,11,2,5247,5247,291,453,516,482,814,940,971,482,253,45,0
부산광역시 연제구 연산제1동(2647065000),16789,16789,1221,1267,1755,2205,2562,2700,2906,1534,570,66,3,8182,8182,618,685,925,1119,1287,1260,1329,713,227,18,1,8607,8607,603,582,830,1086,1275,1440,1577,821,343,48,2
부산광역시 연제구 연산제2동(2647066000),20238,20238,1881,1278,2201,3334,3110,3034,2855,1725,725,91,4,9704,9704,955,625,1105,1626,1568,1432,1293,797,278,25,0,10534,10534,926,653,1096,1708,1542,1602,1562,928,447,66,4
부산광역시 연제구 연산제3동(2647067000),10792,10792,782,567,1057,1662,1545,1621,1954,1127,441,35,1,5238,5238,429,280,540,876,779,765,874,515,172,8,0,5554,5554,353,287,517,786,766,856,1080,612,269,27,1
부산광역시 연제구 연산제4동(2647068000),15947,15947,578,882,2208,1858,2117,2610,3156,1747,706,83,2,7690,7690,277,429,1056,996,1086,1285,1440,808,291,22,0,8257,8257,301,453,1152,862,1031,1325,1716,939,415,61,2
부산광역시 연제구 연산제5동(2647069000),16574,16574,713,641,3387,3207,2255,2369,2228,1243,495,35,1,7883,7883,338,345,1392,1616,1189,1169,1048,561,220,5,0,8691,8691,375,296,1995,1591,1066,1200,1180,682,275,30,1
부산광역시 연제구 연산제6동(2647070000),16596,16596,979,955,1797,2176,2249,2551,3030,1901,863,94,1,7970,7970,478,491,978,1108,1205,1202,1358,807,324,19,0,8626,8626,501,464,819,1068,1044,1349,1672,1094,539,75,1
부산광역시 연제구 연산제8동(2647072000),13902,13902,1103,1103,1436,1725,2181,2317,2362,1222,397,56,0,6772,6772,562,549,768,848,1099,1130,1105,560,142,9,0,7130,7130,541,554,668,877,1082,1187,1257,662,255,47,0
부산광역시 연제구 연산제9동(2647073000),34795,34795,2240,2813,4074,4155,5138,6109,6076,2865,1165,155,5,16590,16590,1109,1425,2152,2106,2479,2714,2808,1330,443,24,0,18205,18205,1131,1388,1922,2049,2659,3395,3268,1535,722,131,5
부산광역시 수영구 (2650000000),174633,174633,9600,11362,23602,23426,24807,26961,28979,17478,7436,951,31,82285,82285,4897,5874,11298,11692,12192,12578,12783,7795,2914,254,8,92348,92348,4703,5488,12304,11734,12615,14383,16196,9683,4522,697,23
부산광역시 수영구 남천제1동(2650066000),13852,13852,686,1126,1811,1644,1957,2454,2150,1279,643,101,1,6372,6372,315,577,879,812,907,1138,947,521,246,29,1,7480,7480,371,549,932,832,1050,1316,1203,758,397,72,0
부산광역시 수영구 남천제2동(2650067000),12000,12000,801,1146,1234,1138,1880,2135,2020,1112,448,82,4,5625,5625,403,611,645,549,828,958,910,519,187,15,0,6375,6375,398,535,589,589,1052,1177,1110,593,261,67,4
부산광역시 수영구 수영동(2650073000),14543,14543,539,661,1641,1680,1835,2220,2936,2031,901,98,1,6962,6962,282,342,818,869,992,1087,1270,924,357,21,0,7581,7581,257,319,823,811,843,1133,1666,1107,544,77,1
부산광역시 수영구 망미제1동(2650074000),27302,27302,1600,1900,2841,3193,3784,4148,5176,3102,1378,178,2,13000,13000,833,980,1476,1566,1889,1914,2290,1445,543,64,0,14302,14302,767,920,1365,1627,1895,2234,2886,1657,835,114,2
부산광역시 수영구 망미제2동(2650075000),10540,10540,602,746,1077,1255,1538,1752,1925,1177,412,54,2,5194,5194,318,410,583,678,804,837,869,507,180,7,1,5346,5346,284,336,494,577,734,915,1056,670,232,47,1
부산광역시 수영구 광안제1동(2650076000),25803,25803,1069,1493,5153,4166,3436,3495,3688,2265,910,120,8,11980,11980,561,807,2211,2100,1674,1603,1610,1014,362,36,2,13823,13823,508,686,2942,2066,1762,1892,2078,1251,548,84,6
부산광역시 수영구 광안제2동(2650077000),18817,18817,1000,1218,2908,2850,2818,2711,2703,1747,768,85,9,8715,8715,497,607,1321,1420,1366,1273,1176,728,299,25,3,10102,10102,503,611,1587,1430,1452,1438,1527,1019,469,60,6
부산광역시 수영구 광안제3동(2650078000),9595,9595,233,382,2012,1483,1157,1282,1574,1018,410,43,1,4514,4514,114,187,868,771,582,647,743,431,160,11,0,5081,5081,119,195,1144,712,575,635,831,587,250,32,1
부산광역시 수영구 광안제4동(2650079000),13702,13702,913,904,1652,1998,2112,2119,2077,1238,630,58,1,6192,6192,461,449,783,946,951,945,867,547,226,17,0,7510,7510,452,455,869,1052,1161,1174,1210,691,404,41,1
부산광역시 수영구 민락동(2650080000),28479,28479,2157,1786,3273,4019,4290,4645,4730,2509,936,132,2,13731,13731,1113,904,1714,1981,2199,2176,2101,1159,354,29,1,14748,14748,1044,882,1559,2038,2091,2469,2629,1350,582,103,1
부산광역시 사상구 (2653000000),206365,206365,10773,14272,27004,23855,28152,38266,38722,18038,6579,681,23,103983,103983,5523,7405,14385,12907,14776,19083,19156,8294,2328,122,4,102382,102382,5250,6867,12619,10948,13376,19183,19566,9744,4251,559,19
부산광역시 사상구 삼락동(2653058000),5704,5704,216,269,566,557,651,1197,1286,676,259,26,1,3046,3046,117,139,321,308,372,695,692,305,95,2,0,2658,2658,99,130,245,249,279,502,594,371,164,24,1
부산광역시 사상구 모라제1동(2653059100),27832,27832,1448,1867,3370,3279,3656,5124,5564,2543,878,99,4,13884,13884,730,999,1790,1738,1891,2508,2682,1199,325,22,0,13948,13948,718,868,1580,1541,1765,2616,2882,1344,553,77,4
부산광역시 사상구 모라제3동(2653059300),10209,10209,230,383,726,689,1157,1924,2502,1706,815,74,3,4855,4855,118,193,430,389,691,1018,1182,607,217,10,0,5354,5354,112,190,296,300,466,906,1320,1099,598,64,3
부산광역시 사상구 덕포제1동(2653060000),8557,8557,439,608,978,894,1163,1687,1607,843,310,28,0,4373,4373,222,327,575,486,610,886,776,375,109,7,0,4184,4184,217,281,403,408,553,801,831,468,201,21,0
부산광역시 사상구 덕포제2동(2653061000),12800,12800,650,901,1555,1389,1709,2430,2618,1139,362,46,1,6479,6479,329,470,837,733,926,1160,1307,566,141,9,1,6321,6321,321,431,718,656,783,1270,1311,573,221,37,0
부산광역시 사상구 괘법동(2653062000),22580,22580,991,1002,4422,3357,2748,3952,3918,1639,497,49,5,11680,11680,520,534,2107,1888,1508,2086,2023,818,191,4,1,10900,10900,471,468,2315,1469,1240,1866,1895,821,306,45,4
부산광역시 사상구 감전동(2653064500),13153,13153,454,641,1452,1521,1634,2644,2831,1427,492,54,3,6958,6958,240,333,803,883,942,1433,1471,653,192,7,1,6195,6195,214,308,649,638,692,1211,1360,774,300,47,2
부산광역시 사상구 주례제1동(2653065000),14980,14980,858,1079,1931,1705,1923,2942,2866,1206,425,45,0,7626,7626,441,562,1051,928,994,1407,1467,599,171,6,0,7354,7354,417,517,880,777,929,1535,1399,607,254,39,0
부산광역시 사상구 주례제2동(2653066000),22907,22907,1272,1807,3903,2935,3352,3695,3509,1701,663,68,2,11474,11474,641,915,2019,1576,1752,1793,1719,784,263,11,1,11433,11433,631,892,1884,1359,1600,1902,1790,917,400,57,1
부산광역시 사상구 주례제3동(2653066100),12995,12995,643,1029,1678,1438,1718,2344,2470,1139,490,46,0,6360,6360,343,521,891,789,850,1083,1181,518,176,8,0,6635,6635,300,508,787,649,868,1261,1289,621,314,38,0
부산광역시 사상구 학장동(2653067000),28010,28010,1632,2178,3148,3056,4209,5168,5328,2373,823,92,3,13943,13943,829,1164,1730,1617,2160,2502,2564,1081,269,27,0,14067,14067,803,1014,1418,1439,2049,2666,2764,1292,554,65,3
부산광역시 사상구 엄궁동(2653068000),26638,26638,1940,2508,3275,3035,4232,5159,4223,1646,565,54,1,13305,13305,993,1248,1831,1572,2080,2512,2092,789,179,9,0,13333,13333,947,1260,1444,1463,2152,2647,2131,857,386,45,1
부산광역시 기장군 (2671000000),176505,176505,17796,18147,16639,23367,33129,25241,22570,13046,5717,825,28,87395,87395,9051,9401,8858,11652,16852,12939,10474,5980,2012,172,4,89110,89110,8745,8746,7781,11715,16277,12302,12096,7066,3705,653,24
부산광역시 기장군 기장읍(2671025000),52787,52787,2901,4238,6093,5635,7875,9447,8630,5122,2496,339,11,25717,25717,1521,2206,3222,2997,3942,4674,4030,2187,861,76,1,27070,27070,1380,2032,2871,2638,3933,4773,4600,2935,1635,263,10
부산광역시 기장군 장안읍(2671025300),8538,8538,425,397,970,1019,958,1514,1674,953,533,91,4,4614,4614,217,220,597,607,568,875,845,495,172,17,1,3924,3924,208,177,373,412,390,639,829,458,361,74,3
부산광역시 기장군 정관읍(2671025600),81563,81563,10880,11159,6536,11802,19016,9150,7101,4205,1485,225,4,40331,40331,5537,5788,3319,5622,9606,4821,3070,1956,571,41,0,41232,41232,5343,5371,3217,6180,9410,4329,4031,2249,914,184,4
부산광역시 기장군 일광읍(2671025900),25726,25726,3254,1916,2379,4303,4312,3797,3345,1623,685,106,6,12716,12716,1614,968,1307,2101,2198,1879,1645,758,223,21,2,13010,13010,1640,948,1072,2202,2114,1918,1700,865,462,85,4
부산광역시 기장군 철마면(2671033000),7891,7891,336,437,661,608,968,1333,1820,1143,518,64,3,4017,4017,162,219,413,325,538,690,884,584,185,17,0,3874,3874,174,218,248,283,430,643,936,559,333,47,3
대구광역시  (2700000000),2378573,2378573,164310,217935,305021,282403,369656,418743,344346,180239,85195,10463,262,1171451,1171451,84169,113106,162164,148705,182594,204864,163885,79150,30469,2314,31,1207122,1207122,80141,104829,142857,133698,187062,213879,180461,101089,54726,8149,231
대구광역시 중구 (2711000000),77842,77842,5389,5278,11817,11311,11093,11482,10352,7055,3537,504,24,37357,37357,2731,2698,5532,5890,5588,5696,4817,2942,1331,130,2,40485,40485,2658,2580,6285,5421,5505,5786,5535,4113,2206,374,22
대구광역시 중구 동인동(2711051700),7929,7929,255,436,1389,1085,999,1234,1180,839,434,72,6,3965,3965,115,221,675,600,549,675,582,357,169,22,0,3964,3964,140,215,714,485,450,559,598,482,265,50,6
대구광역시 중구 삼덕동(2711054500),6538,6538,354,372,1839,1231,863,685,620,359,190,24,1,3085,3085,179,184,780,670,440,339,264,153,69,7,0,3453,3453,175,188,1059,561,423,346,356,206,121,17,1
대구광역시 중구 성내1동(2711056500),4940,4940,135,214,1512,786,521,579,564,386,205,36,2,2353,2353,71,108,602,447,277,315,289,159,76,8,1,2587,2587,64,106,910,339,244,264,275,227,129,28,1
대구광역시 중구 성내2동(2711057500),4489,4489,113,188,881,607,456,675,750,526,247,45,1,2253,2253,60,86,398,373,256,363,380,226,98,13,0,2236,2236,53,102,483,234,200,312,370,300,149,32,1
대구광역시 중구 성내3동(2711058500),4700,4700,549,212,505,883,704,635,637,381,172,19,3,2353,2353,269,108,267,440,378,318,324,187,60,2,0,2347,2347,280,104,238,443,326,317,313,194,112,17,3
대구광역시 중구 대신동(2711059500),7758,7758,802,536,756,1183,1202,1198,1088,657,291,45,0,3777,3777,397,295,384,584,616,574,517,280,118,12,0,3981,3981,405,241,372,599,586,624,571,377,173,33,0
대구광역시 중구 남산1동(2711064000),4681,4681,231,276,851,609,608,713,680,465,222,26,0,2262,2262,117,133,402,328,305,375,324,196,76,6,0,2419,2419,114,143,449,281,303,338,356,269,146,20,0
대구광역시 중구 남산2동(2711065000),6717,6717,712,482,813,1118,1041,987,733,541,250,37,3,3197,3197,336,230,376,543,531,499,347,230,100,5,0,3520,3520,376,252,437,575,510,488,386,311,150,32,3
대구광역시 중구 남산3동(2711066000),6623,6623,473,546,659,833,1090,1014,956,672,336,43,1,3059,3059,255,281,329,419,521,483,399,256,106,10,0,3564,3564,218,265,330,414,569,531,557,416,230,33,1
대구광역시 중구 남산4동(2711067000),12875,12875,1031,1144,1309,1638,2004,1984,1806,1246,631,77,5,6015,6015,549,616,662,806,960,908,764,509,223,18,0,6860,6860,482,528,647,832,1044,1076,1042,737,408,59,5
대구광역시 중구 대봉1동(2711068000),6759,6759,432,574,896,755,967,1159,867,628,416,64,1,3164,3164,221,279,445,371,458,551,405,232,178,23,1,3595,3595,211,295,451,384,509,608,462,396,238,41,0
대구광역시 중구 대봉2동(2711069000),3833,3833,302,298,407,583,638,619,471,355,143,16,1,1874,1874,162,157,212,309,297,296,222,157,58,4,0,1959,1959,140,141,195,274,341,323,249,198,85,12,1
대구광역시 동구 (2714000000),341142,341142,23400,26230,39989,42943,50872,56491,53786,31169,14554,1667,41,167669,167669,11947,13650,21204,22905,26068,27602,24980,13669,5266,371,7,173473,173473,11453,12580,18785,20038,24804,28889,28806,17500,9288,1296,34
대구광역시 동구 신암1동(2714051000),8991,8991,524,464,1021,1059,1166,1485,1534,1071,600,66,1,4507,4507,264,270,564,603,652,755,723,445,221,10,0,4484,4484,260,194,457,456,514,730,811,626,379,56,1
대구광역시 동구 신암2동(2714052000),10288,10288,898,847,922,1268,1758,1555,1446,1013,525,56,0,4878,4878,463,461,495,622,891,756,611,380,182,17,0,5410,5410,435,386,427,646,867,799,835,633,343,39,0
대구광역시 동구 신암3동(2714053000),11620,11620,1297,746,1155,2022,1709,1745,1544,931,421,46,4,5698,5698,672,402,576,1016,886,851,693,432,160,10,0,5922,5922,625,344,579,1006,823,894,851,499,261,36,4
대구광역시 동구 신암4동(2714054000),11366,11366,325,564,1638,1325,1469,2128,2107,1235,511,61,3,5702,5702,174,299,832,761,815,1101,979,531,190,19,1,5664,5664,151,265,806,564,654,1027,1128,704,321,42,2
대구광역시 동구 신암5동(2714054100),6256,6256,189,359,722,517,741,1203,1286,802,408,29,0,2949,2949,86,185,412,278,383,569,553,330,146,7,0,3307,3307,103,174,310,239,358,634,733,472,262,22,0
대구광역시 동구 신천1.2동(2714055500),12774,12774,666,854,1427,1404,1791,2170,2171,1465,734,92,0,6042,6042,356,458,761,721,919,1007,947,576,270,27,0,6732,6732,310,396,666,683,872,1163,1224,889,464,65,0
대구광역시 동구 신천3동(2714057000),11823,11823,794,980,1495,1492,1807,2116,1660,930,495,52,2,5856,5856,414,563,799,777,868,1050,806,379,187,13,0,5967,5967,380,417,696,715,939,1066,854,551,308,39,2
대구광역시 동구 신천4동(2714058000),8384,8384,324,396,1410,1340,1092,1344,1293,803,343,37,2,4165,4165,162,219,625,759,609,690,605,360,127,8,1,4219,4219,162,177,785,581,483,654,688,443,216,29,1
대구광역시 동구 효목1동(2714059000),13550,13550,444,735,1659,1296,1588,2440,2744,1737,835,70,2,6712,6712,263,399,885,739,849,1216,1275,740,326,19,1,6838,6838,181,336,774,557,739,1224,1469,997,509,51,1
대구광역시 동구 효목2동(2714060000),13129,13129,609,895,1649,1425,1808,2243,2325,1421,656,95,3,6274,6274,293,456,857,795,910,1046,1041,606,243,26,1,6855,6855,316,439,792,630,898,1197,1284,815,413,69,2
대구광역시 동구 도평동(2714061500),3994,3994,162,212,569,430,433,683,769,469,240,26,1,2131,2131,76,114,376,267,246,344,403,215,86,4,0,1863,1863,86,98,193,163,187,339,366,254,154,22,1
대구광역시 동구 불로.봉무동(2714062000),21168,21168,1974,2337,2151,2483,3937,3281,2837,1474,597,94,3,10404,10404,981,1193,1172,1227,1967,1603,1349,681,216,15,0,10764,10764,993,1144,979,1256,1970,1678,1488,793,381,79,3
대구광역시 동구 지저동(2714064000),14419,14419,591,836,1793,1461,1688,2771,2945,1583,683,66,2,7187,7187,300,440,991,844,909,1361,1376,719,233,14,0,7232,7232,291,396,802,617,779,1410,1569,864,450,52,2
대구광역시 동구 동촌동(2714065500),15603,15603,755,881,2026,1830,1999,2765,2891,1625,739,91,1,7840,7840,383,459,1108,1036,1074,1342,1419,724,272,23,0,7763,7763,372,422,918,794,925,1423,1472,901,467,68,1
대구광역시 동구 방촌동(2714067000),18721,18721,808,1254,2341,1800,2268,3555,3556,2032,998,104,5,8998,8998,406,666,1273,972,1147,1625,1624,887,370,28,0,9723,9723,402,588,1068,828,1121,1930,1932,1145,628,76,5
대구광역시 동구 해안동(2714068500),15111,15111,684,893,1840,1527,1885,2713,2861,1793,822,91,2,7560,7560,340,485,1026,865,1009,1397,1336,803,279,19,1,7551,7551,344,408,814,662,876,1316,1525,990,543,72,1
대구광역시 동구 안심1동(2714072000),41965,41965,3224,3663,4880,5178,6622,6741,6537,3330,1580,206,4,20526,20526,1670,1907,2587,2695,3371,3313,2968,1467,514,34,0,21439,21439,1554,1756,2293,2483,3251,3428,3569,1863,1066,172,4
대구광역시 동구 안심2동(2714073000),10970,10970,586,624,1267,1306,1341,2109,2042,1153,487,55,0,5478,5478,284,337,680,721,726,1027,963,509,219,12,0,5492,5492,302,287,587,585,615,1082,1079,644,268,43,0
대구광역시 동구 안심3동(2714074200),21962,21962,2233,2770,2359,3077,4308,3090,2095,1368,601,60,1,10656,10656,1133,1355,1167,1565,2067,1582,928,620,222,17,0,11306,11306,1100,1415,1192,1512,2241,1508,1167,748,379,43,1
대구광역시 동구 안심4동(2714074700),28755,28755,2238,2902,3609,3829,4735,4741,3788,1982,837,93,1,14206,14206,1154,1464,1935,2039,2304,2306,1803,883,298,19,1,14549,14549,1084,1438,1674,1790,2431,2435,1985,1099,539,74,0
대구광역시 동구 혁신동(2714075500),18634,18634,2750,1611,1816,4276,3724,1800,1601,745,274,33,4,9255,9255,1419,800,847,2215,1975,836,737,329,93,3,1,9379,9379,1331,811,969,2061,1749,964,864,416,181,30,3
대구광역시 동구 공산동(2714076000),21659,21659,1325,1407,2240,2598,3003,3813,3754,2207,1168,144,0,10645,10645,654,718,1236,1388,1491,1825,1841,1053,412,27,0,11014,11014,671,689,1004,1210,1512,1988,1913,1154,756,117,0
대구광역시 서구 (2717000000),162325,162325,6470,9881,19230,16437,20878,31684,31818,17474,7637,796,20,81051,81051,3345,5100,10480,9388,11269,16051,14917,7655,2707,138,1,81274,81274,3125,4781,8750,7049,9609,15633,16901,9819,4930,658,19
대구광역시 서구 내당1동(2717051000),8287,8287,273,435,1217,921,995,1587,1545,894,380,39,1,4086,4086,152,238,643,508,548,746,697,407,139,8,0,4201,4201,121,197,574,413,447,841,848,487,241,31,1
대구광역시 서구 내당2.3동(2717052500),9621,9621,284,447,1142,925,1127,1853,1977,1212,607,47,0,4621,4621,147,236,565,542,634,927,882,477,200,11,0,5000,5000,137,211,577,383,493,926,1095,735,407,36,0
대구광역시 서구 내당4동(2717054000),16403,16403,607,1108,2164,1968,2139,2918,3068,1648,698,84,1,7895,7895,292,571,1142,1114,1059,1347,1369,726,256,18,1,8508,8508,315,537,1022,854,1080,1571,1699,922,442,66,0
대구광역시 서구 비산1동(2717055000),9566,9566,247,622,1063,832,1204,2016,1897,1145,492,47,1,4878,4878,127,328,615,492,664,1074,915,481,174,8,0,4688,4688,120,294,448,340,540,942,982,664,318,39,1
대구광역시 서구 비산2.3동(2717056500),9166,9166,259,444,937,759,1030,1754,1952,1313,660,55,3,4530,4530,133,247,515,438,601,917,923,526,222,8,0,4636,4636,126,197,422,321,429,837,1029,787,438,47,3
대구광역시 서구 비산4동(2717058000),9690,9690,332,528,1149,928,1223,1950,2006,1084,446,44,0,4735,4735,157,275,619,540,659,955,896,475,149,10,0,4955,4955,175,253,530,388,564,995,1110,609,297,34,0
대구광역시 서구 비산5동(2717059000),6012,6012,163,285,609,539,667,1190,1307,846,375,31,0,3065,3065,91,137,341,321,378,667,633,347,141,9,0,2947,2947,72,148,268,218,289,523,674,499,234,22,0
대구광역시 서구 비산6동(2717060000),7555,7555,201,424,904,680,907,1570,1566,847,413,41,2,3715,3715,110,230,500,391,464,803,697,359,151,10,0,3840,3840,91,194,404,289,443,767,869,488,262,31,2
대구광역시 서구 비산7동(2717061000),9863,9863,348,489,1084,998,1191,2071,2015,1140,482,43,2,5223,5223,183,240,619,577,713,1180,1019,516,171,5,0,4640,4640,165,249,465,421,478,891,996,624,311,38,2
대구광역시 서구 평리1동(2717062000),7747,7747,263,449,941,716,967,1534,1563,847,422,43,2,3891,3891,127,224,540,415,544,800,749,347,141,4,0,3856,3856,136,225,401,301,423,734,814,500,281,39,2
대구광역시 서구 평리2동(2717063000),7914,7914,538,588,828,875,1170,1428,1440,731,292,24,0,3843,3843,278,280,429,477,587,689,666,322,112,3,0,4071,4071,260,308,399,398,583,739,774,409,180,21,0
대구광역시 서구 평리3동(2717064000),9852,9852,325,535,1128,977,1223,2034,2050,1070,462,48,0,4964,4964,169,296,598,573,675,1025,978,484,160,6,0,4888,4888,156,239,530,404,548,1009,1072,586,302,42,0
대구광역시 서구 평리4동(2717065000),17891,17891,1139,1245,2129,2106,2593,3375,3089,1531,597,85,2,8880,8880,591,621,1140,1134,1373,1659,1443,696,209,14,0,9011,9011,548,624,989,972,1220,1716,1646,835,388,71,2
대구광역시 서구 평리5동(2717066000),1733,1733,52,105,228,166,228,333,348,193,77,2,1,941,941,32,61,161,94,130,165,169,89,39,1,0,792,792,20,44,67,72,98,168,179,104,38,1,1
대구광역시 서구 평리6동(2717066100),3597,3597,83,196,404,322,398,782,859,371,160,22,0,1955,1955,39,109,237,215,238,430,452,179,53,3,0,1642,1642,44,87,167,107,160,352,407,192,107,19,0
대구광역시 서구 상중이동(2717067500),19890,19890,1117,1614,2430,2041,2846,3794,3661,1658,628,97,4,9993,9993,605,844,1329,1140,1449,1863,1724,806,221,12,0,9897,9897,512,770,1101,901,1397,1931,1937,852,407,85,4
대구광역시 서구 원대동(2717069500),7538,7538,239,367,873,684,970,1495,1475,944,446,44,1,3836,3836,112,163,487,417,553,804,705,418,169,8,0,3702,3702,127,204,386,267,417,691,770,526,277,36,1
대구광역시 남구 (2720000000),141805,141805,6125,8878,19475,16450,18987,23898,24218,14961,7806,986,21,68045,68045,3170,4638,9637,8810,9575,11725,11072,6335,2857,226,0,73760,73760,2955,4240,9838,7640,9412,12173,13146,8626,4949,760,21
대구광역시 남구 이천동(2720051500),11845,11845,691,957,1176,1135,1833,1987,1762,1377,795,132,0,5577,5577,387,517,606,575,900,977,766,533,287,29,0,6268,6268,304,440,570,560,933,1010,996,844,508,103,0
대구광역시 남구 봉덕1동(2720053000),9087,9087,308,488,1099,1071,1272,1588,1605,997,582,75,2,4353,4353,158,255,531,572,655,790,758,412,204,18,0,4734,4734,150,233,568,499,617,798,847,585,378,57,2
대구광역시 남구 봉덕2동(2720054000),12350,12350,920,1002,1161,1496,1777,1976,2020,1201,704,91,2,5856,5856,477,470,608,753,851,917,944,540,269,27,0,6494,6494,443,532,553,743,926,1059,1076,661,435,64,2
대구광역시 남구 봉덕3동(2720055000),16474,16474,799,1214,1970,1739,2345,2851,2847,1643,937,126,3,7874,7874,411,652,1000,909,1114,1425,1262,702,364,35,0,8600,8600,388,562,970,830,1231,1426,1585,941,573,91,3
대구광역시 남구 대명1동(2720056000),11214,11214,434,717,1667,1338,1473,1989,1906,1127,501,58,4,5465,5465,231,379,826,735,749,956,888,500,185,16,0,5749,5749,203,338,841,603,724,1033,1018,627,316,42,4
대구광역시 남구 대명2동(2720057100),10272,10272,333,588,2032,1247,1226,1583,1571,1061,570,61,0,4842,4842,159,289,913,688,631,779,734,438,201,10,0,5430,5430,174,299,1119,559,595,804,837,623,369,51,0
대구광역시 남구 대명3동(2720058600),10798,10798,303,572,1573,1151,1372,1862,1988,1298,613,65,1,5315,5315,170,308,769,669,750,977,920,527,216,9,0,5483,5483,133,264,804,482,622,885,1068,771,397,56,1
대구광역시 남구 대명4동(2720059000),10880,10880,413,606,1524,1156,1244,1967,2138,1201,566,62,3,5291,5291,204,322,807,651,645,967,980,521,185,9,0,5589,5589,209,284,717,505,599,1000,1158,680,381,53,3
대구광역시 남구 대명5동(2720060000),6209,6209,197,426,1308,710,702,952,958,625,292,39,0,2946,2946,116,216,592,369,366,466,431,272,110,8,0,3263,3263,81,210,716,341,336,486,527,353,182,31,0
대구광역시 남구 대명6동(2720061000),9523,9523,469,606,1430,1214,1394,1545,1484,868,457,55,1,4546,4546,224,312,689,631,675,773,696,375,163,8,0,4977,4977,245,294,741,583,719,772,788,493,294,47,1
대구광역시 남구 대명9동(2720064000),15527,15527,672,844,2292,2085,2209,2597,2519,1490,713,104,2,7595,7595,355,452,1144,1102,1143,1271,1180,646,275,27,0,7932,7932,317,392,1148,983,1066,1326,1339,844,438,77,2
대구광역시 남구 대명10동(2720065000),9030,9030,295,450,1232,1115,1139,1490,1662,1030,550,65,2,4279,4279,144,249,604,594,577,715,741,434,203,18,0,4751,4751,151,201,628,521,562,775,921,596,347,47,2
대구광역시 남구 대명11동(2720066000),8596,8596,291,408,1011,993,1001,1511,1758,1043,526,53,1,4106,4106,134,217,548,562,519,712,772,435,195,12,0,4490,4490,157,191,463,431,482,799,986,608,331,41,1
대구광역시 북구 (2723000000),436386,436386,31034,41796,61177,52032,69339,78383,58177,29260,13595,1556,37,217065,217065,15850,21584,33038,27652,34068,38763,28291,12640,4853,325,1,219321,219321,15184,20212,28139,24380,35271,39620,29886,16620,8742,1231,36
대구광역시 북구 고성동(2723051000),4865,4865,359,332,532,695,672,750,775,498,218,32,2,2371,2371,178,161,287,355,364,395,339,210,73,8,1,2494,2494,181,171,245,340,308,355,436,288,145,24,1
대구광역시 북구 칠성동(2723052600),23323,23323,2181,2039,2792,3517,4093,3325,2746,1627,881,122,0,11162,11162,1058,1026,1324,1752,2020,1609,1312,695,339,27,0,12161,12161,1123,1013,1468,1765,2073,1716,1434,932,542,95,0
대구광역시 북구 침산1동(2723055000),4061,4061,158,193,429,449,457,817,901,443,186,26,2,2165,2165,82,112,242,279,264,427,479,217,54,9,0,1896,1896,76,81,187,170,193,390,422,226,132,17,2
대구광역시 북구 침산2동(2723056000),18512,18512,1943,2263,1930,2451,3586,2822,1945,1022,493,54,3,8898,8898,983,1150,981,1153,1699,1385,892,431,208,16,0,9614,9614,960,1113,949,1298,1887,1437,1053,591,285,38,3
대구광역시 북구 침산3동(2723057000),19675,19675,1576,2159,2233,2097,3312,3459,2545,1519,706,66,3,9478,9478,821,1106,1176,1015,1559,1662,1203,655,265,16,0,10197,10197,755,1053,1057,1082,1753,1797,1342,864,441,50,3
대구광역시 북구 산격1동(2723061000),9087,9087,218,399,907,724,1014,1750,2036,1357,632,48,2,4528,4528,111,219,528,427,592,904,995,520,221,11,0,4559,4559,107,180,379,297,422,846,1041,837,411,37,2
대구광역시 북구 산격2동(2723062000),10719,10719,521,822,1536,1135,1346,2147,1832,934,393,52,1,5215,5215,251,425,842,622,639,990,894,413,124,15,0,5504,5504,270,397,694,513,707,1157,938,521,269,37,1
대구광역시 북구 산격3동(2723063000),9478,9478,226,610,2864,1130,1010,1203,1266,769,354,45,1,4974,4974,117,301,1566,732,584,623,595,317,126,13,0,4504,4504,109,309,1298,398,426,580,671,452,228,32,1
대구광역시 북구 산격4동(2723063100),8312,8312,256,446,1225,986,997,1429,1610,917,397,48,1,4354,4354,128,260,699,621,578,728,743,424,165,8,0,3958,3958,128,186,526,365,419,701,867,493,232,40,1
대구광역시 북구 대현동(2723064500),17496,17496,984,1129,2876,1954,2471,2771,2626,1687,885,113,0,8833,8833,473,565,1752,1091,1292,1406,1206,704,315,29,0,8663,8663,511,564,1124,863,1179,1365,1420,983,570,84,0
대구광역시 북구 복현1동(2723067100),7772,7772,161,389,2547,1049,791,1141,988,461,223,22,0,4287,4287,88,200,1502,668,470,577,482,208,85,7,0,3485,3485,73,189,1045,381,321,564,506,253,138,15,0
대구광역시 북구 복현2동(2723067200),31076,31076,2365,3193,4430,4112,4882,5397,4110,1725,758,101,3,15436,15436,1221,1651,2434,2194,2307,2572,1984,770,288,15,0,15640,15640,1144,1542,1996,1918,2575,2825,2126,955,470,86,3
대구광역시 북구 검단동(2723068000),6384,6384,246,370,685,718,811,1100,1344,726,347,37,0,3187,3187,126,189,392,423,451,553,608,314,128,3,0,3197,3197,120,181,293,295,360,547,736,412,219,34,0
대구광역시 북구 무태조야동(2723069500),36199,36199,3246,3722,4170,4426,6749,6515,4310,2181,784,95,1,18423,18423,1705,1890,2221,2302,3406,3472,2117,1001,297,12,0,17776,17776,1541,1832,1949,2124,3343,3043,2193,1180,487,83,1
대구광역시 북구 관문동(2723071500),36412,36412,4197,3198,3607,5670,6455,5905,4554,1960,761,102,3,18156,18156,2166,1616,1954,2848,3341,2869,2226,873,249,14,0,18256,18256,2031,1582,1653,2822,3114,3036,2328,1087,512,88,3
대구광역시 북구 태전1동(2723072500),22284,22284,1175,1818,3996,2532,2950,4101,3307,1559,744,101,1,11167,11167,611,906,2117,1429,1492,1997,1614,695,288,18,0,11117,11117,564,912,1879,1103,1458,2104,1693,864,456,83,1
대구광역시 북구 태전2동(2723073500),24308,24308,1431,2284,3572,2624,3668,4605,3611,1689,749,74,1,11951,11951,756,1213,1890,1423,1774,2175,1709,711,284,16,0,12357,12357,675,1071,1682,1201,1894,2430,1902,978,465,58,1
대구광역시 북구 구암동(2723074500),34699,34699,2246,4516,5120,3243,6032,7212,3742,1650,852,84,2,17033,17033,1094,2363,2755,1675,2737,3559,1882,679,275,14,0,17666,17666,1152,2153,2365,1568,3295,3653,1860,971,577,70,2
대구광역시 북구 관음동(2723075000),16314,16314,754,1411,2210,1542,2230,3458,2802,1198,652,53,4,8243,8243,388,738,1248,881,1140,1678,1408,545,208,9,0,8071,8071,366,673,962,661,1090,1780,1394,653,444,44,4
대구광역시 북구 읍내동(2723077000),26582,26582,1551,2283,4112,3173,3527,5285,3961,1699,893,94,4,13139,13139,806,1236,2193,1702,1652,2510,1971,743,307,19,0,13443,13443,745,1047,1919,1471,1875,2775,1990,956,586,75,4
대구광역시 북구 동천동(2723078000),27602,27602,1953,3934,3993,2658,5174,5670,2341,1180,644,55,0,13398,13398,1013,2048,2140,1302,2221,2832,1179,435,214,14,0,14204,14204,940,1886,1853,1356,2953,2838,1162,745,430,41,0
대구광역시 북구 노원동(2723079000),11411,11411,549,546,1196,1415,1490,2163,2300,1286,412,53,1,5941,5941,270,282,650,838,845,1127,1156,593,165,15,0,5470,5470,279,264,546,577,645,1036,1144,693,247,38,1
대구광역시 북구 국우동(2723080000),29815,29815,2738,3740,4215,3732,5622,5358,2525,1173,631,79,2,14726,14726,1404,1927,2145,1920,2641,2713,1297,487,175,17,0,15089,15089,1334,1813,2070,1812,2981,2645,1228,686,456,62,2
대구광역시 수성구 (2726000000),415694,415694,28207,48708,51727,41598,69419,74829,54553,29550,14990,2051,62,200938,200938,14573,25546,27764,20578,31713,36001,25777,12903,5574,499,10,214756,214756,13634,23162,23963,21020,37706,38828,28776,16647,9416,1552,52
대구광역시 수성구 범어1동(2726051000),16516,16516,1586,2167,1815,1790,3065,2772,1668,1059,526,66,2,7849,7849,773,1044,939,817,1407,1339,846,435,224,25,0,8667,8667,813,1123,876,973,1658,1433,822,624,302,41,2
대구광역시 수성구 범어2동(2726052000),15308,15308,974,1741,2185,1825,2549,2668,1840,988,479,58,1,7413,7413,500,893,1119,868,1155,1301,902,455,210,10,0,7895,7895,474,848,1066,957,1394,1367,938,533,269,48,1
대구광역시 수성구 범어3동(2726053000),16776,16776,1997,2099,1978,2070,3412,2719,1369,740,350,41,1,8075,8075,1010,1000,1035,926,1623,1361,659,316,131,14,0,8701,8701,987,1099,943,1144,1789,1358,710,424,219,27,1
대구광역시 수성구 범어4동(2726054000),19877,19877,1565,4508,1891,1258,4860,3124,1408,820,391,51,1,9757,9757,827,2423,1024,537,2140,1656,647,343,151,8,1,10120,10120,738,2085,867,721,2720,1468,761,477,240,43,0
대구광역시 수성구 만촌1동(2726055000),22533,22533,1638,2343,2792,2239,3477,4032,3158,1787,938,125,4,10934,10934,857,1212,1534,1103,1602,1934,1491,792,371,38,0,11599,11599,781,1131,1258,1136,1875,2098,1667,995,567,87,4
대구광역시 수성구 만촌2동(2726056000),10875,10875,462,1023,1737,1157,1538,2051,1554,846,454,50,3,5406,5406,226,589,929,646,710,1004,734,381,177,10,0,5469,5469,236,434,808,511,828,1047,820,465,277,40,3
대구광역시 수성구 만촌3동(2726056100),19408,19408,1202,3661,2423,1212,4141,3552,1704,995,454,63,1,10115,10115,682,2344,1457,572,1797,1824,813,433,173,20,0,9293,9293,520,1317,966,640,2344,1728,891,562,281,43,1
대구광역시 수성구 수성1가동(2726057000),17696,17696,1085,2077,2020,1510,2887,3173,2283,1637,893,127,4,8120,8120,517,963,1051,746,1286,1501,1036,648,346,26,0,9576,9576,568,1114,969,764,1601,1672,1247,989,547,101,4
대구광역시 수성구 수성2.3가동(2726058000),11780,11780,907,1687,1244,963,2277,1932,1440,877,408,43,2,5729,5729,477,864,643,459,1057,1007,671,380,161,10,0,6051,6051,430,823,601,504,1220,925,769,497,247,33,2
대구광역시 수성구 수성4가동(2726059000),14253,14253,739,1309,1873,1343,1992,2815,2185,1205,701,89,2,6633,6633,384,621,983,655,868,1291,1014,529,253,35,0,7620,7620,355,688,890,688,1124,1524,1171,676,448,54,2
대구광역시 수성구 황금1동(2726060100),23489,23489,1918,3928,2557,1798,4565,4230,2559,1243,596,89,6,11239,11239,997,1974,1387,822,1978,2114,1174,551,221,20,1,12250,12250,921,1954,1170,976,2587,2116,1385,692,375,69,5
대구광역시 수성구 황금2동(2726060200),11251,11251,669,840,1600,1518,1787,1842,1537,985,417,55,1,5431,5431,321,410,781,787,898,917,698,430,175,14,0,5820,5820,348,430,819,731,889,925,839,555,242,41,1
대구광역시 수성구 중동(2726061000),12294,12294,959,829,1476,1672,2045,2070,1731,973,473,65,1,6158,6158,515,451,751,877,1038,1069,813,444,186,14,0,6136,6136,444,378,725,795,1007,1001,918,529,287,51,1
대구광역시 수성구 상동(2726062000),16082,16082,878,1238,1955,1806,2386,2760,2698,1521,726,114,0,7811,7811,465,639,1015,954,1154,1333,1269,693,269,20,0,8271,8271,413,599,940,852,1232,1427,1429,828,457,94,0
대구광역시 수성구 파동(2726063000),12411,12411,907,959,1092,1358,1852,2022,2164,1364,600,87,6,5938,5938,446,528,606,666,898,965,946,633,232,18,0,6473,6473,461,431,486,692,954,1057,1218,731,368,69,6
대구광역시 수성구 두산동(2726064000),14158,14158,806,1072,2181,1992,2179,2722,1889,869,390,56,2,6897,6897,412,552,1147,988,1059,1274,902,395,151,17,0,7261,7261,394,520,1034,1004,1120,1448,987,474,239,39,2
대구광역시 수성구 지산1동(2726065100),21659,21659,861,1670,3033,2161,2872,4125,3633,2081,1058,162,3,10292,10292,471,916,1630,1156,1323,1866,1651,867,371,40,1,11367,11367,390,754,1403,1005,1549,2259,1982,1214,687,122,2
대구광역시 수성구 지산2동(2726065200),18466,18466,955,1697,2352,1772,2625,3515,3056,1528,850,115,1,8701,8701,490,865,1244,899,1171,1608,1405,680,309,30,0,9765,9765,465,832,1108,873,1454,1907,1651,848,541,85,1
대구광역시 수성구 범물1동(2726066100),11255,11255,322,586,1189,889,1196,2021,2459,1601,871,115,6,5107,5107,159,288,649,463,602,920,1132,631,242,18,3,6148,6148,163,298,540,426,594,1101,1327,970,629,97,3
대구광역시 수성구 범물2동(2726066200),17002,17002,1212,1822,2000,1719,2765,3122,2678,1139,479,63,3,8235,8235,602,968,1111,864,1259,1446,1260,546,168,9,2,8767,8767,610,854,889,855,1506,1676,1418,593,311,54,1
대구광역시 수성구 고산1동(2726067000),31083,31083,2162,4444,4098,2877,5315,5852,3741,1604,876,111,3,15053,15053,1146,2259,2203,1421,2349,2741,1854,728,326,25,1,16030,16030,1016,2185,1895,1456,2966,3111,1887,876,550,86,2
대구광역시 수성구 고산2동(2726068000),28603,28603,2216,3140,3752,3361,4522,5049,3717,1760,925,155,6,14174,14174,1144,1696,2103,1710,2083,2443,1817,790,343,45,0,14429,14429,1072,1444,1649,1651,2439,2606,1900,970,582,110,6
대구광역시 수성구 고산3동(2726069000),32919,32919,2187,3868,4484,3308,5112,6661,4082,1928,1135,151,3,15871,15871,1152,2047,2423,1642,2256,3087,2043,803,384,33,1,17048,17048,1035,1821,2061,1666,2856,3574,2039,1125,751,118,2
대구광역시 달서구 (2729000000),540693,540693,35657,52356,73641,61771,83993,100837,78416,35828,16166,1987,41,266123,266123,18274,26994,39067,32613,40824,48563,37673,16066,5605,438,6,274570,274570,17383,25362,34574,29158,43169,52274,40743,19762,10561,1549,35
대구광역시 달서구 성당동(2729051500),22913,22913,1407,1951,2634,2449,3485,3956,3909,2144,874,96,8,11122,11122,671,912,1338,1311,1766,1981,1857,965,303,18,0,11791,11791,736,1039,1296,1138,1719,1975,2052,1179,571,78,8
대구광역시 달서구 두류1.2동(2729053500),14309,14309,513,679,2277,1838,1744,2439,2535,1509,700,73,2,6982,6982,262,334,1085,953,987,1247,1195,646,262,11,0,7327,7327,251,345,1192,885,757,1192,1340,863,438,62,2
대구광역시 달서구 두류3동(2729055000),8136,8136,334,538,1161,894,1068,1397,1398,892,406,47,1,3944,3944,187,278,578,479,548,668,658,380,153,15,0,4192,4192,147,260,583,415,520,729,740,512,253,32,1
대구광역시 달서구 감삼동(2729055500),25935,25935,1875,2145,3724,3449,3810,4900,3737,1617,613,62,3,12611,12611,914,1102,1859,1772,1860,2314,1780,760,235,14,1,13324,13324,961,1043,1865,1677,1950,2586,1957,857,378,48,2
대구광역시 달서구 죽전동(2729056300),13445,13445,539,877,2212,1701,1764,2631,2281,984,411,45,0,6631,6631,262,458,1134,975,902,1223,1085,440,135,17,0,6814,6814,277,419,1078,726,862,1408,1196,544,276,28,0
대구광역시 달서구 장기동(2729056800),17015,17015,1166,1573,2298,2051,2606,3361,2382,1102,428,47,1,8367,8367,614,812,1221,1074,1266,1601,1111,521,136,11,0,8648,8648,552,761,1077,977,1340,1760,1271,581,292,36,1
대구광역시 달서구 용산1동(2729057100),30638,30638,1765,3257,4675,3124,4737,6684,4017,1626,684,68,1,15361,15361,902,1737,2529,1653,2226,3242,2019,775,263,14,1,15277,15277,863,1520,2146,1471,2511,3442,1998,851,421,54,0
대구광역시 달서구 용산2동(2729057200),28521,28521,1585,2680,4368,3180,4230,6358,3917,1440,702,60,1,14295,14295,820,1416,2397,1717,2028,2993,2037,619,256,12,0,14226,14226,765,1264,1971,1463,2202,3365,1880,821,446,48,1
대구광역시 달서구 이곡1동(2729057600),22879,22879,1147,2239,3863,2465,3397,5121,2924,1131,531,59,2,11483,11483,617,1118,2092,1351,1597,2467,1538,501,187,15,0,11396,11396,530,1121,1771,1114,1800,2654,1386,630,344,44,2
대구광역시 달서구 이곡2동(2729057700),16263,16263,780,1246,2339,2011,2193,3384,2901,975,397,36,1,8207,8207,398,630,1270,1143,1091,1577,1480,464,147,7,0,8056,8056,382,616,1069,868,1102,1807,1421,511,250,29,1
대구광역시 달서구 신당동(2729058500),31915,31915,1269,2382,7076,3633,4091,6274,4181,1921,968,119,1,16314,16314,680,1171,3686,2209,2152,3183,2083,831,297,22,0,15601,15601,589,1211,3390,1424,1939,3091,2098,1090,671,97,1
대구광역시 달서구 본리동(2729059000),20351,20351,1921,2166,2157,2612,3753,3535,2653,1067,426,58,3,10030,10030,947,1044,1155,1331,1872,1729,1268,512,162,8,2,10321,10321,974,1122,1002,1281,1881,1806,1385,555,264,50,1
대구광역시 달서구 월성1동(2729060100),37040,37040,3604,7130,3848,3259,8777,5837,2713,1266,519,86,1,18097,18097,1809,3632,2106,1456,3926,3126,1280,564,181,17,0,18943,18943,1795,3498,1742,1803,4851,2711,1433,702,338,69,1
대구광역시 달서구 월성2동(2729060200),15737,15737,498,1052,1618,1183,2021,2950,3186,2106,1007,113,3,7509,7509,274,548,888,671,1038,1480,1451,833,299,27,0,8228,8228,224,504,730,512,983,1470,1735,1273,708,86,3
대구광역시 달서구 진천동(2729061500),51088,51088,3891,4705,6766,6401,7733,9386,7303,3260,1455,185,3,25018,25018,1987,2494,3646,3309,3696,4351,3471,1484,539,41,0,26070,26070,1904,2211,3120,3092,4037,5035,3832,1776,916,144,3
대구광역시 달서구 유천동(2729061700),33515,33515,5645,5202,2577,5208,8133,3744,1959,773,239,32,3,16490,16490,2929,2637,1318,2353,3974,1929,926,331,86,6,1,17025,17025,2716,2565,1259,2855,4159,1815,1033,442,153,26,2
대구광역시 달서구 상인1동(2729062400),35751,35751,2470,4276,4642,3520,5652,6767,5090,2168,1017,149,0,17476,17476,1247,2374,2553,1771,2521,3192,2415,996,374,33,0,18275,18275,1223,1902,2089,1749,3131,3575,2675,1172,643,116,0
대구광역시 달서구 상인2동(2729062500),19625,19625,1031,1332,3186,2817,2469,3632,3209,1277,586,85,1,9714,9714,556,716,1673,1599,1209,1652,1531,573,192,13,0,9911,9911,475,616,1513,1218,1260,1980,1678,704,394,72,1
대구광역시 달서구 상인3동(2729062600),11040,11040,304,531,1060,928,1163,2041,2778,1427,694,113,1,5279,5279,169,280,607,517,615,947,1273,664,179,28,0,5761,5761,135,251,453,411,548,1094,1505,763,515,85,1
대구광역시 달서구 도원동(2729062800),35112,35112,1966,3261,4612,3629,4737,7079,6160,2372,1141,154,1,16986,16986,1017,1682,2476,1915,2240,3167,2956,1098,396,39,0,18126,18126,949,1579,2136,1714,2497,3912,3204,1274,745,115,1
대구광역시 달서구 송현1동(2729063000),19314,19314,774,1175,2731,2203,2516,3679,3451,1835,853,95,2,9560,9560,405,617,1393,1243,1302,1785,1618,853,323,21,0,9754,9754,369,558,1338,960,1214,1894,1833,982,530,74,2
대구광역시 달서구 송현2동(2729064000),17950,17950,649,1113,2319,1884,2225,3291,3508,1865,977,117,2,8617,8617,329,560,1235,1046,1134,1553,1590,800,339,30,1,9333,9333,320,553,1084,838,1091,1738,1918,1065,638,87,1
대구광역시 달서구 본동(2729065000),12201,12201,524,846,1498,1332,1689,2391,2224,1071,538,88,0,6030,6030,278,442,828,765,874,1156,1051,456,161,19,0,6171,6171,246,404,670,567,815,1235,1173,615,377,69,0
대구광역시 달성군 (2771000000),262686,262686,28028,24808,27965,39861,45075,41139,33026,14942,6910,916,16,133203,133203,14279,12896,15442,20869,23489,20463,16358,6940,2276,187,4,129483,129483,13749,11912,12523,18992,21586,20676,16668,8002,4634,729,12
대구광역시 달성군 화원읍(2771025000),46433,46433,2867,4153,5918,4833,6531,9420,7618,3447,1472,172,2,23013,23013,1479,2123,3252,2622,3154,4501,3749,1568,533,31,1,23420,23420,1388,2030,2666,2211,3377,4919,3869,1879,939,141,1
대구광역시 달성군 논공읍(2771025300),4709,4709,278,177,436,607,534,909,937,504,283,42,2,2544,2544,145,84,261,357,328,497,534,232,94,12,0,2165,2165,133,93,175,250,206,412,403,272,189,30,2
대구광역시 달성군 논공읍공단출장소(2771025400),13062,13062,699,1250,1714,1266,2257,2985,1818,666,363,44,0,6946,6946,349,670,1031,694,1226,1622,955,292,95,12,0,6116,6116,350,580,683,572,1031,1363,863,374,268,32,0
대구광역시 달성군 다사읍(2771025600),50709,50709,5309,6142,5459,6708,9640,8028,5790,2554,939,139,1,24957,24957,2681,3190,2893,3301,4724,3810,2776,1207,349,26,0,25752,25752,2628,2952,2566,3407,4916,4218,3014,1347,590,113,1
대구광역시 달성군 다사읍서재출장소(2771025700),39402,39402,6075,3756,3756,7932,7744,5106,3379,1196,409,47,2,20016,20016,3084,1936,1970,3990,4173,2515,1666,556,119,7,0,19386,19386,2991,1820,1786,3942,3571,2591,1713,640,290,40,2
대구광역시 달성군 유가읍(2771025900),29433,29433,4848,3718,2287,5462,6350,3145,2268,897,394,63,1,14926,14926,2476,1941,1258,2704,3257,1621,1084,446,121,18,0,14507,14507,2372,1777,1029,2758,3093,1524,1184,451,273,45,1
대구광역시 달성군 옥포읍(2771026200),24939,24939,2413,1786,2381,3697,3706,4190,3998,1860,806,102,0,12568,12568,1255,936,1245,1933,1994,2050,1978,868,284,25,0,12371,12371,1158,850,1136,1764,1712,2140,2020,992,522,77,0
대구광역시 달성군 현풍읍(2771026500),23207,23207,2274,1844,3147,4200,3706,3079,2778,1403,702,73,1,12196,12196,1161,974,1829,2417,2070,1565,1357,605,206,12,0,11011,11011,1113,870,1318,1783,1636,1514,1421,798,496,61,1
대구광역시 달성군 가창면(2771031000),7748,7748,385,484,613,567,908,1291,1682,1060,639,114,5,3854,3854,197,258,371,292,470,688,828,517,211,20,2,3894,3894,188,226,242,275,438,603,854,543,428,94,3
대구광역시 달성군 하빈면(2771033000),3546,3546,85,115,233,242,291,768,890,502,360,58,2,1924,1924,43,59,153,144,185,458,516,252,101,12,1,1622,1622,42,56,80,98,106,310,374,250,259,46,1
대구광역시 달성군 구지면(2771038000),19498,19498,2795,1383,2021,4347,3408,2218,1868,853,543,62,0,10259,10259,1409,725,1179,2415,1908,1136,915,397,163,12,0,9239,9239,1386,658,842,1932,1500,1082,953,456,380,50,0
인천광역시  (2800000000),2953260,2953260,213853,270869,386184,401509,481836,511252,406279,182505,85361,13183,429,1478514,1478514,109635,139258,201198,208170,246809,255445,200967,84040,30145,2763,84,1474746,1474746,104218,131611,184986,193339,235027,255807,205312,98465,55216,10420,345
인천광역시 중구 (2811000000),146380,146380,11682,13455,18803,22376,25865,21918,17775,9577,4220,683,26,76038,76038,6044,6923,9684,12185,13983,12138,8919,4455,1550,149,8,70342,70342,5638,6532,9119,10191,11882,9780,8856,5122,2670,534,18
인천광역시 중구 연안동(2811052000),6038,6038,201,308,598,610,745,1210,1359,633,319,51,4,3263,3263,106,150,347,372,453,704,714,295,111,10,1,2775,2775,95,158,251,238,292,506,645,338,208,41,3
인천광역시 중구 신포동(2811053000),4988,4988,226,350,498,499,765,849,825,595,317,62,2,2537,2537,129,179,265,280,431,446,414,261,118,14,0,2451,2451,97,171,233,219,334,403,411,334,199,48,2
인천광역시 중구 신흥동(2811054000),13364,13364,787,1124,1594,1539,2033,2299,2158,1187,567,74,2,6804,6804,395,599,848,840,1087,1215,1066,530,208,16,0,6560,6560,392,525,746,699,946,1084,1092,657,359,58,2
인천광역시 중구 도원동(2811056000),3918,3918,101,243,421,337,514,707,771,564,222,37,1,2003,2003,48,133,254,184,282,386,362,261,86,7,0,1915,1915,53,110,167,153,232,321,409,303,136,30,1
인천광역시 중구 율목동(2811057000),3172,3172,70,170,322,273,438,625,634,425,178,37,0,1629,1629,40,84,181,160,249,355,318,176,60,6,0,1543,1543,30,86,141,113,189,270,316,249,118,31,0
인천광역시 중구 동인천동(2811058500),5810,5810,171,274,585,636,743,1079,1135,702,397,83,5,3084,3084,97,136,327,360,445,628,600,329,139,22,1,2726,2726,74,138,258,276,298,451,535,373,258,61,4
인천광역시 중구 개항동(2811061500),6991,6991,229,441,724,677,907,1244,1384,924,400,60,1,3492,3492,119,213,402,380,508,681,643,403,126,17,0,3499,3499,110,228,322,297,399,563,741,521,274,43,1
인천광역시 중구 영종동(2811062000),19302,19302,1197,1522,2466,3045,3199,3293,2828,1139,512,96,5,10554,10554,613,793,1355,1803,1827,1869,1514,572,186,19,3,8748,8748,584,729,1111,1242,1372,1424,1314,567,326,77,2
인천광역시 중구 영종1동(2811062200),44439,44439,6737,5440,3615,8348,10103,4906,3234,1509,470,75,2,22289,22289,3464,2756,1803,4030,5244,2569,1488,732,184,18,1,22150,22150,3273,2684,1812,4318,4859,2337,1746,777,286,57,1
인천광역시 중구 운서동(2811062800),34491,34491,1889,3483,7746,6140,6006,4873,2383,1299,613,56,3,18226,18226,998,1831,3746,3609,3188,2778,1238,580,245,11,2,16265,16265,891,1652,4000,2531,2818,2095,1145,719,368,45,1
인천광역시 중구 용유동(2811063000),3867,3867,74,100,234,272,412,833,1064,600,225,52,1,2157,2157,35,49,156,167,269,507,562,316,87,9,0,1710,1710,39,51,78,105,143,326,502,284,138,43,1
인천광역시 중구영종출장소 (2811400000),0,0,0,0,0,0,0,0,0,0,0,0,0,0,0,0,0,0,0,0,0,0,0,0,0,0,0,0,0,0,0,0,0,0,0,0,0,0,0
인천광역시 중구용유출장소 (2811800000),0,0,0,0,0,0,0,0,0,0,0,0,0,0,0,0,0,0,0,0,0,0,0,0,0,0,0,0,0,0,0,0,0,0,0,0,0,0,0
인천광역시 동구 (2814000000),59856,59856,3289,4750,6142,6520,9455,9696,10165,6369,3003,455,12,30149,30149,1721,2483,3322,3502,5054,5185,4931,2785,1066,97,3,29707,29707,1568,2267,2820,3018,4401,4511,5234,3584,1937,358,9
인천광역시 동구 만석동(2814051000),6854,6854,415,556,705,753,1106,1183,1141,633,310,51,1,3547,3547,231,287,405,407,592,653,581,280,100,10,1,3307,3307,184,269,300,346,514,530,560,353,210,41,0
인천광역시 동구 화수1.화평동(2814052500),5939,5939,214,444,655,492,826,1056,1088,751,357,55,1,3018,3018,111,230,358,269,432,590,536,336,142,14,0,2921,2921,103,214,297,223,394,466,552,415,215,41,1
인천광역시 동구 화수2동(2814053000),7570,7570,276,596,745,688,1137,1203,1415,948,502,60,0,3708,3708,146,282,405,371,631,649,668,380,164,12,0,3862,3862,130,314,340,317,506,554,747,568,338,48,0
인천광역시 동구 송현1.2동(2814055500),10328,10328,731,848,1135,1280,1741,1579,1608,975,381,50,0,5070,5070,368,458,572,662,891,780,734,450,148,7,0,5258,5258,363,390,563,618,850,799,874,525,233,43,0
인천광역시 동구 송현3동(2814057000),3515,3515,101,190,360,319,447,633,735,439,256,34,1,1823,1823,50,99,203,181,265,363,391,173,89,9,0,1692,1692,51,91,157,138,182,270,344,266,167,25,1
인천광역시 동구 송림1동(2814058000),1560,1560,72,108,153,140,236,227,305,191,110,17,1,743,743,32,53,75,77,128,110,154,79,30,5,0,817,817,40,55,78,63,108,117,151,112,80,12,1
인천광역시 동구 송림2동(2814059000),2671,2671,61,146,235,198,322,445,590,409,231,33,1,1379,1379,34,75,153,121,185,260,286,175,81,8,1,1292,1292,27,71,82,77,137,185,304,234,150,25,0
인천광역시 동구 송림3.5동(2814060500),6577,6577,341,578,688,647,1125,1100,1066,664,320,46,2,3343,3343,193,306,397,349,581,594,495,297,118,13,0,3234,3234,148,272,291,298,544,506,571,367,202,33,2
인천광역시 동구 송림4동(2814061000),6092,6092,506,563,699,1085,1075,952,731,347,109,23,2,3146,3146,260,285,359,590,575,497,365,164,45,6,0,2946,2946,246,278,340,495,500,455,366,183,64,17,2
인천광역시 동구 송림6동(2814063000),6082,6082,482,565,535,693,1080,908,964,560,240,53,2,3047,3047,257,317,276,348,574,468,452,261,88,5,1,3035,3035,225,248,259,345,506,440,512,299,152,48,1
인천광역시 동구 금창동(2814064000),2668,2668,90,156,232,225,360,410,522,452,187,33,1,1325,1325,39,91,119,127,200,221,269,190,61,8,0,1343,1343,51,65,113,98,160,189,253,262,126,25,1
인천광역시 미추홀구 (2817700000),406835,406835,25372,31376,56206,55483,63321,67453,59588,31544,14385,2047,60,204830,204830,12938,16194,29492,29896,33581,34102,28487,14331,5337,459,13,202005,202005,12434,15182,26714,25587,29740,33351,31101,17213,9048,1588,47
인천광역시 미추홀구 숭의2동(2817751000),14839,14839,1062,929,1889,2190,2229,2375,2207,1250,614,90,4,7480,7480,536,478,981,1195,1230,1228,1059,540,209,23,1,7359,7359,526,451,908,995,999,1147,1148,710,405,67,3
인천광역시 미추홀구 숭의1.3동(2817752000),14195,14195,1061,845,2099,2472,2093,2223,1840,939,548,72,3,7055,7055,558,429,996,1311,1141,1110,899,411,190,9,1,7140,7140,503,416,1103,1161,952,1113,941,528,358,63,2
인천광역시 미추홀구 숭의4동(2817753000),15990,15990,974,1240,2060,2088,2419,2584,2479,1392,657,94,3,8014,8014,497,655,1087,1109,1251,1317,1204,635,230,28,1,7976,7976,477,585,973,979,1168,1267,1275,757,427,66,2
인천광역시 미추홀구 용현1.4동(2817754000),17523,17523,574,975,4131,1791,2028,2612,2732,1765,788,125,2,9560,9560,301,503,2662,1087,1163,1392,1302,799,320,30,1,7963,7963,273,472,1469,704,865,1220,1430,966,468,95,1
인천광역시 미추홀구 용현2동(2817755000),17841,17841,1250,1297,2468,2737,2659,2708,2477,1534,609,100,2,8929,8929,668,686,1223,1440,1409,1344,1197,713,227,20,2,8912,8912,582,611,1245,1297,1250,1364,1280,821,382,80,0
인천광역시 미추홀구 용현3동(2817756000),7644,7644,279,327,1024,909,952,1295,1429,902,467,58,2,4058,4058,143,178,604,542,576,724,677,407,192,15,0,3586,3586,136,149,420,367,376,571,752,495,275,43,2
인천광역시 미추홀구 용현5동(2817757000),47352,47352,3625,4918,6604,6112,8261,7829,5829,2743,1264,166,1,23476,23476,1831,2563,3314,3126,4183,3890,2819,1259,456,35,0,23876,23876,1794,2355,3290,2986,4078,3939,3010,1484,808,131,1
인천광역시 미추홀구 학익1동(2817758000),31931,31931,2101,3476,4093,3332,5440,5833,4432,2176,923,121,4,15941,15941,1053,1834,2179,1701,2698,2942,2165,988,357,24,0,15990,15990,1048,1642,1914,1631,2742,2891,2267,1188,566,97,4
인천광역시 미추홀구 학익2동(2817759000),18175,18175,950,1605,2273,2007,2710,3307,2842,1591,777,110,3,8883,8883,466,827,1223,1059,1349,1618,1328,701,283,29,0,9292,9292,484,778,1050,948,1361,1689,1514,890,494,81,3
인천광역시 미추홀구 도화1동(2817760000),23276,23276,1511,1533,3181,3512,3543,3873,3349,1839,833,100,2,11647,11647,808,749,1604,1880,1896,1944,1586,832,312,36,0,11629,11629,703,784,1577,1632,1647,1929,1763,1007,521,64,2
인천광역시 미추홀구 도화2.3동(2817761000),33072,33072,3104,2607,3786,5585,5555,4829,4490,2065,910,136,5,16796,16796,1559,1370,1927,2963,3020,2422,2224,951,337,22,1,16276,16276,1545,1237,1859,2622,2535,2407,2266,1114,573,114,4
인천광역시 미추홀구 주안1동(2817762000),20897,20897,1186,890,4121,4415,3199,3224,2411,928,457,65,1,10958,10958,602,447,2046,2482,1854,1675,1221,436,183,12,0,9939,9939,584,443,2075,1933,1345,1549,1190,492,274,53,1
인천광역시 미추홀구 주안2동(2817763000),16711,16711,853,1104,2084,2069,2373,2810,2858,1689,759,111,1,8427,8427,422,583,1126,1125,1274,1467,1324,797,285,24,0,8284,8284,431,521,958,944,1099,1343,1534,892,474,87,1
인천광역시 미추홀구 주안3동(2817764000),8697,8697,395,627,1188,949,1276,1454,1472,909,372,50,5,4402,4402,209,337,634,520,697,745,716,401,125,16,2,4295,4295,186,290,554,429,579,709,756,508,247,34,3
인천광역시 미추홀구 주안4동(2817765000),13240,13240,503,773,1575,1462,1732,2243,2503,1636,705,106,2,6604,6604,248,375,846,820,969,1172,1124,751,280,18,1,6636,6636,255,398,729,642,763,1071,1379,885,425,88,1
인천광역시 미추홀구 주안5동(2817766000),20787,20787,1065,1280,2921,3240,3073,3553,3150,1636,754,109,6,10372,10372,531,629,1464,1863,1634,1759,1489,726,260,17,0,10415,10415,534,651,1457,1377,1439,1794,1661,910,494,92,6
인천광역시 미추홀구 주안6동(2817767000),21876,21876,1753,1818,2727,3265,3780,3256,2992,1487,692,103,3,10911,10911,913,933,1392,1684,1999,1645,1368,686,271,20,0,10965,10965,840,885,1335,1581,1781,1611,1624,801,421,83,3
인천광역시 미추홀구 주안7동(2817768000),12434,12434,487,848,1435,1254,1802,2235,2333,1326,628,82,4,6037,6037,242,455,780,686,917,1075,1061,566,235,18,2,6397,6397,245,393,655,568,885,1160,1272,760,393,64,2
인천광역시 미추홀구 주안8동(2817769000),20919,20919,1064,1791,2762,2397,3120,3862,3379,1663,779,99,3,10192,10192,532,900,1454,1282,1579,1841,1563,734,277,30,0,10727,10727,532,891,1308,1115,1541,2021,1816,929,502,69,3
인천광역시 미추홀구 관교동(2817770000),14914,14914,832,1291,1861,1745,2218,2583,2550,1237,501,92,4,7279,7279,440,653,942,893,1119,1212,1202,614,178,25,1,7635,7635,392,638,919,852,1099,1371,1348,623,323,67,3
인천광역시 미추홀구 문학동(2817771000),14522,14522,743,1202,1924,1952,2859,2765,1834,837,348,58,0,7809,7809,379,610,1008,1128,1623,1580,959,384,130,8,0,6713,6713,364,592,916,824,1236,1185,875,453,218,50,0
인천광역시 연수구 (2818500000),388284,388284,36109,43366,49736,55478,68831,65102,44127,16207,7876,1402,50,192852,192852,18435,22221,25953,27301,33782,32125,22488,7560,2689,289,9,195432,195432,17674,21145,23783,28177,35049,32977,21639,8647,5187,1113,41
인천광역시 연수구 옥련1동(2818563000),19195,19195,1216,1807,2504,2165,2990,3687,2722,1325,675,103,1,9509,9509,625,955,1349,1117,1489,1791,1334,583,241,24,1,9686,9686,591,852,1155,1048,1501,1896,1388,742,434,79,0
인천광역시 연수구 옥련2동(2818564000),20231,20231,1326,2085,2732,2326,3238,3891,2761,1211,562,95,4,9983,9983,684,1075,1456,1149,1568,1870,1397,571,192,20,1,10248,10248,642,1010,1276,1177,1670,2021,1364,640,370,75,3
인천광역시 연수구 선학동(2818575000),17085,17085,822,1048,2281,2194,2308,3171,3260,1268,626,101,6,8869,8869,453,538,1293,1258,1265,1543,1682,601,215,21,0,8216,8216,369,510,988,936,1043,1628,1578,667,411,80,6
인천광역시 연수구 연수1동(2818576100),19175,19175,825,1463,2893,2435,3021,3891,2844,1195,527,77,4,10531,10531,428,808,1663,1465,1743,2118,1537,560,189,20,0,8644,8644,397,655,1230,970,1278,1773,1307,635,338,57,4
인천광역시 연수구 연수2동(2818576200),20906,20906,1246,1604,3047,3198,2985,3717,3096,1170,699,137,7,10263,10263,648,809,1631,1682,1476,1733,1534,520,200,29,1,10643,10643,598,795,1416,1516,1509,1984,1562,650,499,108,6
인천광역시 연수구 연수3동(2818576300),15988,15988,864,1131,2070,2173,2045,2915,2708,1209,724,144,5,7583,7583,450,570,1054,1136,978,1315,1330,519,208,22,1,8405,8405,414,561,1016,1037,1067,1600,1378,690,516,122,4
인천광역시 연수구 청학동(2818576600),24744,24744,1117,1655,3247,3058,3445,5089,4231,1818,927,151,6,12845,12845,547,848,1846,1762,1862,2608,2177,835,327,29,4,11899,11899,570,807,1401,1296,1583,2481,2054,983,600,122,2
인천광역시 연수구 동춘1동(2818578000),25305,25305,2228,2646,3188,3576,4159,4641,3328,984,457,94,4,12463,12463,1156,1318,1671,1766,2018,2144,1732,482,152,24,0,12842,12842,1072,1328,1517,1810,2141,2497,1596,502,305,70,4
인천광역시 연수구 동춘2동(2818579000),18173,18173,1252,1864,2443,2614,2733,3437,2463,829,477,59,2,8840,8840,631,966,1285,1329,1275,1596,1215,374,155,14,0,9333,9333,621,898,1158,1285,1458,1841,1248,455,322,45,2
인천광역시 연수구 동춘3동(2818579500),18373,18373,1370,2711,2452,1691,3192,3399,2182,851,436,87,2,8928,8928,681,1398,1282,756,1420,1669,1146,391,165,20,0,9445,9445,689,1313,1170,935,1772,1730,1036,460,271,67,2
인천광역시 연수구 송도1동(2818582000),38280,38280,2863,5753,6709,4260,6486,6448,3819,1248,563,129,2,18809,18809,1471,2956,3355,2040,2948,3214,1964,618,220,23,0,19471,19471,1392,2797,3354,2220,3538,3234,1855,630,343,106,2
인천광역시 연수구 송도2동(2818583000),36572,36572,4546,6424,3559,4164,8423,5733,2519,771,368,62,3,17988,17988,2289,3315,1836,1742,3908,3043,1361,344,137,13,0,18584,18584,2257,3109,1723,2422,4515,2690,1158,427,231,49,3
인천광역시 연수구 송도3동(2818584000),48781,48781,6418,6151,6066,8752,10061,6405,3354,1074,421,77,2,23916,23916,3244,3134,2957,4043,4937,3232,1691,515,146,16,1,24865,24865,3174,3017,3109,4709,5124,3173,1663,559,275,61,1
인천광역시 연수구 송도4동(2818585000),25464,25464,3671,3099,2734,4349,5451,3553,1845,538,191,32,1,12553,12553,1889,1536,1372,1997,2685,1786,934,270,76,8,0,12911,12911,1782,1563,1362,2352,2766,1767,911,268,115,24,1
인천광역시 연수구 송도5동(2818586000),40012,40012,6345,3925,3811,8523,8294,5125,2995,716,223,54,1,19772,19772,3239,1995,1903,4059,4210,2463,1454,377,66,6,0,20240,20240,3106,1930,1908,4464,4084,2662,1541,339,157,48,1
인천광역시 남동구 (2820000000),515474,515474,36691,48266,67713,67643,86398,88834,71800,31990,13933,2137,69,256042,256042,18910,24732,34987,34926,44077,43874,34651,14608,4871,397,9,259432,259432,17781,23534,32726,32717,42321,44960,37149,17382,9062,1740,60
인천광역시 남동구 구월1동(2820051000),31322,31322,2776,3091,3959,4301,5682,4965,4084,1654,677,128,5,15269,15269,1434,1502,1974,2083,2951,2324,1966,781,232,22,0,16053,16053,1342,1589,1985,2218,2731,2641,2118,873,445,106,5
인천광역시 남동구 구월2동(2820052000),35284,35284,3185,4399,4190,4073,6549,5774,4458,1840,689,119,8,17324,17324,1685,2276,2183,1903,3164,2831,2125,875,264,17,1,17960,17960,1500,2123,2007,2170,3385,2943,2333,965,425,102,7
인천광역시 남동구 구월3동(2820052100),30349,30349,1529,1794,6577,5816,4834,4524,3225,1398,577,74,1,15164,15164,786,931,2939,3160,2633,2294,1558,624,224,15,0,15185,15185,743,863,3638,2656,2201,2230,1667,774,353,59,1
인천광역시 남동구 구월4동(2820052200),14675,14675,543,907,2115,1605,2132,2871,2551,1290,570,90,1,7420,7420,290,503,1084,905,1171,1461,1224,567,201,14,0,7255,7255,253,404,1031,700,961,1410,1327,723,369,76,1
인천광역시 남동구 간석1동(2820053000),20140,20140,952,1388,2781,2829,3015,3498,3111,1708,731,125,2,9944,9944,501,720,1449,1528,1590,1711,1447,720,263,15,0,10196,10196,451,668,1332,1301,1425,1787,1664,988,468,110,2
인천광역시 남동구 간석2동(2820054000),21916,21916,1459,2028,2753,2691,3678,3868,3119,1589,627,102,2,10956,10956,760,1055,1434,1390,1833,1984,1512,724,234,30,0,10960,10960,699,973,1319,1301,1845,1884,1607,865,393,72,2
인천광역시 남동구 간석3동(2820055000),27433,27433,1411,1932,3857,3589,4027,5124,4394,2060,917,118,4,13647,13647,720,985,1958,1879,2155,2543,2118,924,340,23,2,13786,13786,691,947,1899,1710,1872,2581,2276,1136,577,95,2
인천광역시 남동구 간석4동(2820055100),29236,29236,1671,2297,4209,3955,4543,5213,4403,1963,837,140,5,14598,14598,841,1155,2139,2087,2326,2619,2161,945,294,31,0,14638,14638,830,1142,2070,1868,2217,2594,2242,1018,543,109,5
인천광역시 남동구 만수1동(2820056000),17026,17026,775,1020,2130,2161,2304,3180,2983,1527,839,106,1,8288,8288,384,509,1109,1175,1205,1580,1429,634,245,18,0,8738,8738,391,511,1021,986,1099,1600,1554,893,594,88,1
인천광역시 남동구 만수2동(2820057000),24118,24118,1552,2360,3124,2725,4016,4304,3676,1630,630,99,2,11820,11820,788,1165,1635,1428,2023,2052,1709,763,236,21,0,12298,12298,764,1195,1489,1297,1993,2252,1967,867,394,78,2
인천광역시 남동구 만수3동(2820058000),17664,17664,1231,1567,2421,2131,2837,3128,2648,1202,431,66,2,8928,8928,638,802,1297,1114,1494,1523,1326,570,152,12,0,8736,8736,593,765,1124,1017,1343,1605,1322,632,279,54,2
인천광역시 남동구 만수4동(2820058100),20798,20798,1272,1787,2626,2688,3166,3683,3367,1422,685,96,6,10162,10162,644,942,1407,1397,1579,1733,1570,659,210,19,2,10636,10636,628,845,1219,1291,1587,1950,1797,763,475,77,4
인천광역시 남동구 만수5동(2820058200),15371,15371,555,948,2146,1743,1984,2921,2882,1521,590,80,1,7676,7676,290,476,1128,996,1072,1437,1365,679,219,14,0,7695,7695,265,472,1018,747,912,1484,1517,842,371,66,1
인천광역시 남동구 만수6동(2820058300),24070,24070,1245,2133,3180,2677,3490,4718,3896,1639,934,152,6,11666,11666,636,1082,1673,1393,1684,2254,1897,723,296,28,0,12404,12404,609,1051,1507,1284,1806,2464,1999,916,638,124,6
인천광역시 남동구 장수서창동(2820065000),19820,19820,1402,2178,2246,2177,3284,3460,3119,1304,564,85,1,9881,9881,724,1132,1227,1107,1663,1666,1530,593,219,20,0,9939,9939,678,1046,1019,1070,1621,1794,1589,711,345,65,1
인천광역시 남동구 서창2동(2820065500),39327,39327,5292,4112,3464,6617,8005,4944,4457,1747,592,90,7,19508,19508,2717,2183,1739,3146,4178,2347,2137,848,201,11,1,19819,19819,2575,1929,1725,3471,3827,2597,2320,899,391,79,6
인천광역시 남동구 남촌도림동(2820066000),21046,21046,1112,1797,2801,2241,3142,4262,3419,1482,676,111,3,10809,10809,582,957,1546,1219,1654,2151,1732,706,244,18,0,10237,10237,530,840,1255,1022,1488,2111,1687,776,432,93,3
인천광역시 남동구 논현1동(2820069000),31882,31882,2604,3471,3953,4186,5770,5574,3891,1603,715,113,2,16078,16078,1342,1796,2127,2227,2892,2816,1881,723,251,22,1,15804,15804,1262,1675,1826,1959,2878,2758,2010,880,464,91,1
인천광역시 남동구 논현2동(2820070000),32893,32893,2224,3214,4533,4570,5475,5694,4109,1953,965,150,6,16610,16610,1164,1648,2488,2521,2765,2862,1942,867,324,28,1,16283,16283,1060,1566,2045,2049,2710,2832,2167,1086,641,122,5
인천광역시 남동구 논현고잔동(2820071000),41104,41104,3901,5843,4648,4868,8465,7129,4008,1458,687,93,4,20294,20294,1984,2913,2451,2268,4045,3686,2022,683,222,19,1,20810,20810,1917,2930,2197,2600,4420,3443,1986,775,465,74,3
인천광역시 부평구 (2823700000),484125,484125,29526,40796,65989,65678,74170,87375,71178,32132,15016,2183,82,238881,238881,15061,21154,33742,34010,37493,42497,34595,14673,5183,458,15,245244,245244,14465,19642,32247,31668,36677,44878,36583,17459,9833,1725,67
인천광역시 부평구 부평1동(2823751000),36439,36439,2133,2730,5623,5800,5516,6165,4897,2271,1124,173,7,17509,17509,1024,1357,2690,3042,2726,2880,2303,1004,433,49,1,18930,18930,1109,1373,2933,2758,2790,3285,2594,1267,691,124,6
인천광역시 부평구 부평2동(2823752000),14906,14906,745,1131,2047,2055,2261,2589,2246,1279,495,57,1,7427,7427,355,586,1052,1128,1180,1301,1040,591,178,15,1,7479,7479,390,545,995,927,1081,1288,1206,688,317,42,0
인천광역시 부평구 부평3동(2823753000),12675,12675,578,790,1571,1629,1816,2264,2200,1159,575,90,3,6312,6312,295,423,828,877,955,1131,1081,513,189,19,1,6363,6363,283,367,743,752,861,1133,1119,646,386,71,2
인천광역시 부평구 부평4동(2823754000),36990,36990,2286,2334,6001,6568,5565,6046,4769,2282,1011,125,3,18293,18293,1161,1228,2877,3489,2880,2923,2297,1055,357,26,0,18697,18697,1125,1106,3124,3079,2685,3123,2472,1227,654,99,3
인천광역시 부평구 부평5동(2823755000),31518,31518,2269,2163,4937,5672,5112,5005,3777,1708,766,106,3,15517,15517,1165,1057,2387,2993,2713,2396,1753,766,258,28,1,16001,16001,1104,1106,2550,2679,2399,2609,2024,942,508,78,2
인천광역시 부평구 부평6동(2823756000),14891,14891,969,883,1992,2329,2252,2553,2251,1050,546,66,0,7352,7352,521,471,957,1177,1218,1232,1080,477,207,12,0,7539,7539,448,412,1035,1152,1034,1321,1171,573,339,54,0
인천광역시 부평구 산곡1동(2823757000),12117,12117,666,877,1429,1678,1700,2189,2090,963,441,78,6,6075,6075,365,459,770,887,861,1121,991,455,152,14,0,6042,6042,301,418,659,791,839,1068,1099,508,289,64,6
인천광역시 부평구 산곡2동(2823758000),30837,30837,2399,3631,3766,3434,5340,5493,4185,1749,731,107,2,15170,15170,1238,1909,1977,1645,2540,2661,2067,839,271,23,0,15667,15667,1161,1722,1789,1789,2800,2832,2118,910,460,84,2
인천광역시 부평구 산곡3동(2823758100),21955,21955,1071,1927,2736,2293,2954,3962,3830,1946,1044,179,13,10630,10630,559,1019,1469,1168,1457,1872,1808,900,341,33,4,11325,11325,512,908,1267,1125,1497,2090,2022,1046,703,146,9
인천광역시 부평구 산곡4동(2823758200),17556,17556,1106,1682,2456,2065,2629,3243,2592,1076,616,89,2,8397,8397,564,872,1259,1014,1265,1474,1234,490,207,17,1,9159,9159,542,810,1197,1051,1364,1769,1358,586,409,72,1
인천광역시 부평구 청천1동(2823759100),6884,6884,292,475,853,808,1017,1451,1230,506,212,38,2,3690,3690,140,239,475,455,567,824,670,245,68,7,0,3194,3194,152,236,378,353,450,627,560,261,144,31,2
인천광역시 부평구 청천2동(2823759200),35288,35288,2606,2915,4676,5266,5277,6434,5027,2017,930,135,5,17640,17640,1367,1536,2404,2687,2766,3134,2451,933,334,27,1,17648,17648,1239,1379,2272,2579,2511,3300,2576,1084,596,108,4
인천광역시 부평구 갈산1동(2823764100),16468,16468,792,1211,2467,2218,2316,3260,2571,1076,483,69,5,8328,8328,392,669,1327,1206,1207,1609,1250,491,168,9,0,8140,8140,400,542,1140,1012,1109,1651,1321,585,315,60,5
인천광역시 부평구 갈산2동(2823764200),18550,18550,1035,1357,2313,2580,2432,3358,3309,1385,648,126,7,8985,8985,520,698,1206,1324,1223,1521,1627,654,188,22,2,9565,9565,515,659,1107,1256,1209,1837,1682,731,460,104,5
인천광역시 부평구 삼산1동(2823764600),32962,32962,2026,3317,4403,3720,5298,6342,4665,1941,1071,175,4,16134,16134,1061,1693,2322,1900,2587,3076,2322,847,286,38,2,16828,16828,965,1624,2081,1820,2711,3266,2343,1094,785,137,2
인천광역시 부평구 삼산2동(2823764800),28511,28511,2097,4012,3611,2773,5364,5466,3167,1284,633,99,5,13788,13788,1040,2075,1840,1329,2449,2714,1579,539,211,12,0,14723,14723,1057,1937,1771,1444,2915,2752,1588,745,422,87,5
인천광역시 부평구 부개1동(2823765000),16103,16103,764,1033,1961,1912,2295,2846,3019,1566,629,76,2,8083,8083,393,533,1079,1001,1251,1439,1407,723,235,22,0,8020,8020,371,500,882,911,1044,1407,1612,843,394,54,2
인천광역시 부평구 부개2동(2823766000),20001,20001,1390,1747,2598,2905,3150,3485,2821,1300,545,56,4,9786,9786,707,868,1319,1478,1576,1660,1360,604,200,13,1,10215,10215,683,879,1279,1427,1574,1825,1461,696,345,43,3
인천광역시 부평구 부개3동(2823766100),30384,30384,1618,2990,4517,3891,4752,5975,4042,1668,793,136,2,14593,14593,815,1527,2274,1900,2238,2799,2025,742,248,25,0,15791,15791,803,1463,2243,1991,2514,3176,2017,926,545,111,2
인천광역시 부평구 일신동(2823767000),12422,12422,895,1031,1504,1694,1801,2078,2131,870,373,45,0,6316,6316,463,562,838,899,968,982,1045,412,135,12,0,6106,6106,432,469,666,795,833,1096,1086,458,238,33,0
인천광역시 부평구 십정1동(2823768000),13858,13858,753,1102,1691,1574,2084,2623,2302,1126,527,73,3,7011,7011,408,576,897,844,1077,1359,1136,492,203,19,0,6847,6847,345,526,794,730,1007,1264,1166,634,324,54,3
인천광역시 부평구 십정2동(2823769000),22810,22810,1036,1458,2837,2814,3239,4548,4057,1910,823,85,3,11845,11845,508,797,1495,1567,1789,2389,2069,901,314,16,0,10965,10965,528,661,1342,1247,1450,2159,1988,1009,509,69,3
인천광역시 계양구 (2824500000),293734,293734,16668,24989,41424,37917,43979,58687,44578,16143,8101,1222,26,146343,146343,8461,12751,21802,19896,22085,28417,22619,7384,2657,267,4,147391,147391,8207,12238,19622,18021,21894,30270,21959,8759,5444,955,22
인천광역시 계양구 효성1동(2824560100),27548,27548,1572,2302,3665,3631,3927,5296,4509,1720,809,113,4,13825,13825,798,1204,1941,1864,2015,2575,2299,813,289,26,1,13723,13723,774,1098,1724,1767,1912,2721,2210,907,520,87,3
인천광역시 계양구 효성2동(2824560200),28818,28818,1627,2531,4000,3403,4194,5757,4655,1782,765,102,2,14556,14556,836,1285,2216,1814,2115,2771,2358,862,279,20,0,14262,14262,791,1246,1784,1589,2079,2986,2297,920,486,82,2
인천광역시 계양구 계산1동(2824561100),19110,19110,669,1141,2777,2427,2559,4072,3401,1369,613,81,1,10062,10062,357,595,1481,1404,1398,2164,1793,651,201,18,0,9048,9048,312,546,1296,1023,1161,1908,1608,718,412,63,1
인천광역시 계양구 계산2동(2824561200),15740,15740,571,899,2324,2117,1942,3212,3012,1104,479,78,2,7824,7824,275,474,1183,1161,997,1547,1493,514,162,18,0,7916,7916,296,425,1141,956,945,1665,1519,590,317,60,2
인천광역시 계양구 계산3동(2824561300),18937,18937,782,1374,3072,2835,2379,4031,3149,777,470,68,0,9086,9086,387,713,1601,1451,1112,1755,1570,352,132,13,0,9851,9851,395,661,1471,1384,1267,2276,1579,425,338,55,0
인천광역시 계양구 계산4동(2824561400),23010,23010,1386,2448,3573,2552,3764,5082,2903,672,510,117,3,11630,11630,701,1227,1865,1342,1851,2514,1640,322,147,21,0,11380,11380,685,1221,1708,1210,1913,2568,1263,350,363,96,3
인천광역시 계양구 작전1동(2824562100),27510,27510,1574,2570,3984,3359,4176,5545,4106,1396,702,97,1,13494,13494,794,1306,2100,1706,2033,2642,2038,634,214,26,1,14016,14016,780,1264,1884,1653,2143,2903,2068,762,488,71,0
인천광역시 계양구 작전2동(2824562200),19589,19589,908,1313,2696,2725,2609,3878,3428,1318,616,97,1,9682,9682,455,676,1404,1492,1329,1836,1666,590,213,21,0,9907,9907,453,637,1292,1233,1280,2042,1762,728,403,76,1
인천광역시 계양구 작전서운동(2824564000),34693,34693,2513,3441,5061,4718,5710,6933,4096,1314,782,122,3,17263,17263,1267,1723,2688,2452,2803,3358,2135,576,230,30,1,17430,17430,1246,1718,2373,2266,2907,3575,1961,738,552,92,2
인천광역시 계양구 계양1동(2824571000),20615,20615,1256,1631,2800,2523,2996,4091,3231,1298,675,113,1,10177,10177,654,830,1418,1285,1511,1978,1645,584,253,19,0,10438,10438,602,801,1382,1238,1485,2113,1586,714,422,94,1
인천광역시 계양구 계양2동(2824572000),32841,32841,1447,2437,4765,4282,4649,6790,5007,2147,1158,152,7,16243,16243,733,1218,2523,2302,2296,3324,2552,915,348,31,1,16598,16598,714,1219,2242,1980,2353,3466,2455,1232,810,121,6
인천광역시 계양구 계양3동(2824573000),25323,25323,2363,2902,2707,3345,5074,4000,3081,1246,522,82,1,12501,12501,1204,1500,1382,1623,2625,1953,1430,571,189,24,0,12822,12822,1159,1402,1325,1722,2449,2047,1651,675,333,58,1
인천광역시 서구 (2826000000),568102,568102,50498,58242,72592,83353,99843,97077,66950,26055,11565,1852,75,286713,286713,25984,29865,37476,42558,51222,49049,34043,12208,3930,361,17,281389,281389,24514,28377,35116,40795,48621,48028,32907,13847,7635,1491,58
인천광역시 서구 검암경서동(2826051500),45655,45655,4048,4395,6288,7862,8607,7261,4553,1826,693,117,5,23308,23308,2101,2297,3241,4110,4513,3649,2261,857,258,18,3,22347,22347,1947,2098,3047,3752,4094,3612,2292,969,435,99,2
인천광역시 서구 연희동(2826053000),40229,40229,2072,3244,6309,4780,5747,8380,5868,2298,1316,205,10,20520,20520,1032,1681,3399,2636,2963,4224,3057,1021,464,40,3,19709,19709,1040,1563,2910,2144,2784,4156,2811,1277,852,165,7
인천광역시 서구 청라1동(2826053600),31171,31171,3575,4388,3800,5464,6340,4386,2160,674,344,38,2,15492,15492,1855,2213,1831,2720,3086,2271,1103,284,124,5,0,15679,15679,1720,2175,1969,2744,3254,2115,1057,390,220,33,2
인천광역시 서구 청라2동(2826053700),48402,48402,5931,6618,5503,7494,10202,6960,3921,1199,495,73,6,24010,24010,3084,3428,2710,3561,4975,3504,1981,583,166,18,0,24392,24392,2847,3190,2793,3933,5227,3456,1940,616,329,55,6
인천광역시 서구 청라3동(2826053900),32781,32781,4746,4177,3480,5836,6865,4316,2416,669,218,56,2,16255,16255,2386,2127,1754,2746,3427,2178,1256,318,57,6,0,16526,16526,2360,2050,1726,3090,3438,2138,1160,351,161,50,2
인천광역시 서구 가정1동(2826054200),34057,34057,4263,2813,3842,5945,5887,5190,3944,1459,597,111,6,17096,17096,2273,1440,1954,2898,3129,2547,1948,700,184,20,3,16961,16961,1990,1373,1888,3047,2758,2643,1996,759,413,91,3
인천광역시 서구 가정2동(2826054300),6391,6391,311,348,988,879,752,1490,1164,299,126,33,1,3342,3342,151,180,552,472,428,760,614,146,35,4,0,3049,3049,160,168,436,407,324,730,550,153,91,29,1
인천광역시 서구 가정3동(2826054400),9523,9523,405,665,1482,1193,1209,2132,1635,508,256,35,3,4763,4763,196,349,783,644,632,984,872,227,68,6,2,4760,4760,209,316,699,549,577,1148,763,281,188,29,1
인천광역시 서구 석남1동(2826055000),22146,22146,1046,1474,3011,2885,3105,4402,3894,1586,630,110,3,11406,11406,547,774,1624,1630,1699,2220,1936,772,178,24,2,10740,10740,499,700,1387,1255,1406,2182,1958,814,452,86,1
인천광역시 서구 석남2동(2826056000),12891,12891,572,873,1577,1483,1766,2607,2417,1102,428,64,2,6671,6671,292,456,897,807,957,1316,1256,526,148,16,0,6220,6220,280,417,680,676,809,1291,1161,576,280,48,2
인천광역시 서구 석남3동(2826056100),13670,13670,519,1091,1999,1580,1937,2758,2333,964,425,62,2,6919,6919,289,536,1068,914,1026,1361,1146,438,133,8,0,6751,6751,230,555,931,666,911,1397,1187,526,292,54,2
인천광역시 서구 신현원창동(2826057500),31145,31145,2487,2916,3871,4155,4845,5710,4785,1670,595,106,5,15548,15548,1262,1438,2035,2104,2487,2791,2389,827,200,15,0,15597,15597,1225,1478,1836,2051,2358,2919,2396,843,395,91,5
인천광역시 서구 가좌1동(2826058000),12855,12855,653,858,1909,1753,1818,2508,2032,889,393,39,3,6813,6813,345,437,1016,1014,1027,1350,1072,414,127,10,1,6042,6042,308,421,893,739,791,1158,960,475,266,29,2
인천광역시 서구 가좌2동(2826059000),19742,19742,1202,1805,2661,2432,2885,3812,3165,1145,548,86,1,9636,9636,626,919,1397,1240,1373,1777,1565,555,164,20,0,10106,10106,576,886,1264,1192,1512,2035,1600,590,384,66,1
인천광역시 서구 가좌3동(2826060000),16564,16564,664,1180,2264,1900,2149,3265,3109,1311,620,99,3,8415,8415,333,625,1174,1032,1138,1642,1572,642,233,24,0,8149,8149,331,555,1090,868,1011,1623,1537,669,387,75,3
인천광역시 서구 가좌4동(2826061000),10392,10392,717,706,1179,1516,1535,1873,1796,694,314,60,2,5362,5362,358,379,603,791,836,971,951,357,100,16,0,5030,5030,359,327,576,725,699,902,845,337,214,44,2
인천광역시 서구 검단동(2826068000),33472,33472,2458,3367,4617,4638,5780,6133,3991,1628,757,98,5,17344,17344,1266,1721,2434,2533,3096,3185,2093,754,251,11,0,16128,16128,1192,1646,2183,2105,2684,2948,1898,874,506,87,5
인천광역시 서구 불로대곡동(2826069000),23238,23238,1703,2710,2902,2608,4329,4368,2486,1376,688,65,3,11847,11847,864,1397,1561,1359,2210,2303,1253,610,269,20,1,11391,11391,839,1313,1341,1249,2119,2065,1233,766,419,45,2
인천광역시 서구 원당동(2826070000),23869,23869,2144,3274,2808,3011,5171,3939,1954,1019,462,85,2,12100,12100,1113,1712,1451,1510,2548,2189,932,454,173,18,0,11769,11769,1031,1562,1357,1501,2623,1750,1022,565,289,67,2
인천광역시 서구 당하동(2826071000),27577,27577,2509,3191,3754,4174,5221,4676,2530,965,477,79,1,13731,13731,1302,1626,1862,2102,2616,2318,1283,410,185,26,1,13846,13846,1207,1565,1892,2072,2605,2358,1247,555,292,53,0
인천광역시 서구 오류왕길동(2826072000),25345,25345,2143,2690,3097,3258,4483,4476,3192,1286,590,125,5,12905,12905,1068,1386,1579,1665,2344,2304,1706,626,213,13,1,12440,12440,1075,1304,1518,1593,2139,2172,1486,660,377,112,4
인천광역시 서구 마전동(2826073000),22527,22527,1852,3005,3150,2624,4169,3978,2192,1039,441,75,2,11066,11066,966,1498,1554,1284,2039,1970,1107,482,151,15,0,11461,11461,886,1507,1596,1340,2130,2008,1085,557,290,60,2
인천광역시 서구 아라동(2826074000),24460,24460,4478,2454,2101,5883,5041,2457,1413,449,152,31,1,12164,12164,2275,1246,997,2786,2673,1235,690,205,49,8,0,12296,12296,2203,1208,1104,3097,2368,1222,723,244,103,23,1
인천광역시 서구검단출장소 (2826500000),0,0,0,0,0,0,0,0,0,0,0,0,0,0,0,0,0,0,0,0,0,0,0,0,0,0,0,0,0,0,0,0,0,0,0,0,0,0,0
인천광역시 강화군 (2871000000),69881,69881,3142,4531,5009,5212,7664,11611,15632,10070,6062,934,14,34963,34963,1646,2343,2855,2732,4096,6015,7812,4834,2402,225,3,34918,34918,1496,2188,2154,2480,3568,5596,7820,5236,3660,709,11
인천광역시 강화군 강화읍(2871025000),22762,22762,1406,2149,2146,2088,3197,3752,3963,2465,1406,188,2,11240,11240,762,1079,1184,1091,1617,1921,1914,1106,519,47,0,11522,11522,644,1070,962,997,1580,1831,2049,1359,887,141,2
인천광역시 강화군 선원면(2871031000),7977,7977,465,679,673,654,1069,1307,1614,904,519,92,1,3959,3959,213,348,394,331,536,673,793,450,203,18,0,4018,4018,252,331,279,323,533,634,821,454,316,74,1
인천광역시 강화군 불은면(2871032000),4979,4979,154,214,297,296,443,799,1370,811,492,102,1,2495,2495,77,111,162,150,247,415,682,436,192,23,0,2484,2484,77,103,135,146,196,384,688,375,300,79,1
인천광역시 강화군 길상면(2871033000),7272,7272,294,418,469,600,778,1310,1850,971,492,88,2,3661,3661,153,217,273,310,435,659,910,480,206,16,2,3611,3611,141,201,196,290,343,651,940,491,286,72,0
인천광역시 강화군 화도면(2871034000),4575,4575,146,188,254,321,392,741,1229,809,416,76,3,2321,2321,72,108,145,179,230,357,623,402,184,21,0,2254,2254,74,80,109,142,162,384,606,407,232,55,3
인천광역시 강화군 양도면(2871035000),4295,4295,156,208,221,243,399,727,1071,712,471,85,2,2162,2162,86,115,131,134,217,394,537,338,186,24,0,2133,2133,70,93,90,109,182,333,534,374,285,61,2
인천광역시 강화군 내가면(2871036000),3074,3074,84,109,163,192,231,504,812,601,334,43,1,1499,1499,49,57,86,97,126,246,403,287,135,12,1,1575,1575,35,52,77,95,105,258,409,314,199,31,0
인천광역시 강화군 하점면(2871037000),4074,4074,131,144,225,239,323,631,995,765,550,71,0,2095,2095,67,81,150,119,188,342,534,371,228,15,0,1979,1979,64,63,75,120,135,289,461,394,322,56,0
인천광역시 강화군 양사면(2871038000),1900,1900,67,71,90,79,147,338,454,357,266,31,0,938,938,36,34,52,38,74,192,231,164,111,6,0,962,962,31,37,38,41,73,146,223,193,155,25,0
인천광역시 강화군 송해면(2871039000),3268,3268,118,133,193,215,278,549,764,575,387,55,1,1639,1639,64,66,109,125,169,297,385,272,135,17,0,1629,1629,54,67,84,90,109,252,379,303,252,38,1
인천광역시 강화군 교동면(2871040000),2842,2842,54,102,142,145,188,486,708,582,381,53,1,1462,1462,28,52,92,83,116,266,370,280,160,15,0,1380,1380,26,50,50,62,72,220,338,302,221,38,1
인천광역시 강화군 삼산면(2871041000),2217,2217,55,97,110,107,186,365,612,389,260,36,0,1147,1147,33,63,61,58,117,194,327,180,107,7,0,1070,1070,22,34,49,49,69,171,285,209,153,29,0
인천광역시 강화군 서도면(2871042000),378,378,5,18,12,25,23,61,103,69,53,9,0,194,194,2,11,6,12,17,34,52,41,17,2,0,184,184,3,7,6,13,6,27,51,28,36,7,0
인천광역시 강화군 서도면볼음출장소(2871042500),268,268,7,1,14,8,10,41,87,60,35,5,0,151,151,4,1,10,5,7,25,51,27,19,2,0,117,117,3,0,4,3,3,16,36,33,16,3,0
인천광역시 옹진군 (2872000000),20589,20589,876,1098,2570,1849,2310,3499,4486,2418,1200,268,15,11703,11703,435,592,1885,1164,1436,2043,2422,1202,460,61,3,8886,8886,441,506,685,685,874,1456,2064,1216,740,207,12
인천광역시 옹진군 북도면(2872031000),1155,1155,28,50,77,69,110,189,362,174,76,15,5,603,603,12,21,47,37,65,104,193,92,28,3,1,552,552,16,29,30,32,45,85,169,82,48,12,4
인천광역시 옹진군 북도면장봉출장소(2872031500),996,996,24,29,53,57,108,200,270,167,65,21,2,528,528,13,16,34,39,62,115,137,85,25,1,1,468,468,11,13,19,18,46,85,133,82,40,20,1
인천광역시 옹진군 백령면(2872033000),4996,4996,300,291,964,582,611,672,840,415,255,63,3,2927,2927,148,141,748,359,390,397,441,196,89,18,0,2069,2069,152,150,216,223,221,275,399,219,166,45,3
인천광역시 옹진군 대청면(2872034000),1215,1215,39,64,177,118,121,203,246,155,80,12,0,703,703,21,32,136,74,81,120,133,64,38,4,0,512,512,18,32,41,44,40,83,113,91,42,8,0
인천광역시 옹진군 대청면소청출장소(2872034500),218,218,3,1,44,11,13,28,48,53,15,2,0,135,135,0,1,40,8,10,17,29,25,5,0,0,83,83,3,0,4,3,3,11,19,28,10,2,0
인천광역시 옹진군 덕적면(2872035000),1913,1913,40,95,130,73,153,358,497,345,178,44,0,1053,1053,19,63,82,46,94,222,282,167,70,8,0,860,860,21,32,48,27,59,136,215,178,108,36,0
인천광역시 옹진군 영흥면(2872036000),6669,6669,302,411,547,645,824,1270,1532,751,328,57,2,3725,3725,150,232,367,401,484,709,845,386,136,14,1,2944,2944,152,179,180,244,340,561,687,365,192,43,1
인천광역시 옹진군 자월면(2872037000),973,973,24,29,79,44,84,203,238,165,87,18,2,521,521,15,13,43,30,53,126,121,85,30,5,0,452,452,9,16,36,14,31,77,117,80,57,13,2
인천광역시 옹진군 자월면이작출장소(2872037500),376,376,9,20,23,18,35,65,104,57,34,11,0,193,193,5,9,13,12,17,39,56,32,8,2,0,183,183,4,11,10,6,18,26,48,25,26,9,0
인천광역시 옹진군 연평면(2872038000),2078,2078,107,108,476,232,251,311,349,136,82,25,1,1315,1315,52,64,375,158,180,194,185,70,31,6,0,763,763,55,44,101,74,71,117,164,66,51,19,1
광주광역시  (2900000000),1436916,1436916,111370,151272,203653,179137,236055,236971,173183,94924,44017,6154,180,710524,710524,57131,78300,106235,91817,117402,117622,82439,42245,15971,1342,20,726392,726392,54239,72972,97418,87320,118653,119349,90744,52679,28046,4812,160
광주광역시 동구 (2911000000),102984,102984,7212,7226,14607,13325,14107,15414,15085,10141,5152,695,20,50780,50780,3723,3707,7487,6865,7421,7657,7064,4504,2148,200,4,52204,52204,3489,3519,7120,6460,6686,7757,8021,5637,3004,495,16
광주광역시 동구 충장동(2911052500),4865,4865,68,125,1421,719,486,602,745,479,190,29,1,2452,2452,42,61,545,385,305,363,391,259,91,10,0,2413,2413,26,64,876,334,181,239,354,220,99,19,1
광주광역시 동구 동명동(2911054500),3834,3834,92,184,782,451,490,480,564,495,264,32,0,1937,1937,41,94,389,266,273,253,271,207,130,13,0,1897,1897,51,90,393,185,217,227,293,288,134,19,0
광주광역시 동구 계림1동(2911056000),10885,10885,966,604,1361,1844,1551,1683,1514,910,386,63,3,5666,5666,498,323,709,988,864,910,772,431,155,16,0,5219,5219,468,281,652,856,687,773,742,479,231,47,3
광주광역시 동구 계림2동(2911057000),9752,9752,1051,846,1042,1380,1538,1279,1164,910,486,54,2,4725,4725,547,435,575,689,755,621,516,369,201,16,1,5027,5027,504,411,467,691,783,658,648,541,285,38,1
광주광역시 동구 산수1동(2911059000),8534,8534,504,639,1131,1040,1204,1429,1235,846,446,58,2,4282,4282,270,333,627,529,658,726,586,365,172,16,0,4252,4252,234,306,504,511,546,703,649,481,274,42,2
광주광역시 동구 산수2동(2911060000),10506,10506,593,772,1291,1144,1377,1752,1737,1175,598,65,2,5102,5102,303,388,654,588,727,857,784,516,262,23,0,5404,5404,290,384,637,556,650,895,953,659,336,42,2
광주광역시 동구 지산1동(2911062000),4227,4227,155,324,875,468,544,599,576,405,254,27,0,2174,2174,94,173,483,272,306,293,272,174,102,5,0,2053,2053,61,151,392,196,238,306,304,231,152,22,0
광주광역시 동구 지산2동(2911063000),4484,4484,184,342,867,410,550,708,628,463,288,42,2,2293,2293,103,186,489,223,290,368,300,191,129,14,0,2191,2191,81,156,378,187,260,340,328,272,159,28,2
광주광역시 동구 서남동(2911065500),2974,2974,74,125,886,331,297,371,404,304,162,18,2,1582,1582,32,49,477,199,183,220,197,142,76,6,1,1392,1392,42,76,409,132,114,151,207,162,86,12,1
광주광역시 동구 학동(2911068500),7691,7691,701,547,1014,1004,1095,1149,1031,747,355,48,0,3662,3662,362,270,493,476,561,557,475,314,139,15,0,4029,4029,339,277,521,528,534,592,556,433,216,33,0
광주광역시 동구 학운동(2911071000),11392,11392,555,902,1228,1034,1386,1768,2047,1474,867,127,4,5373,5373,290,472,655,527,650,834,890,650,359,44,2,6019,6019,265,430,573,507,736,934,1157,824,508,83,2
광주광역시 동구 지원1동(2911073000),7735,7735,491,642,883,905,1071,1240,1301,812,337,53,0,3739,3739,259,337,458,443,570,580,591,361,130,10,0,3996,3996,232,305,425,462,501,660,710,451,207,43,0
광주광역시 동구 지원2동(2911074000),16105,16105,1778,1174,1826,2595,2518,2354,2139,1121,519,79,2,7793,7793,882,586,933,1280,1279,1075,1019,525,202,12,0,8312,8312,896,588,893,1315,1239,1279,1120,596,317,67,2
광주광역시 서구 (2914000000),289341,289341,19499,29434,43863,34566,46579,49645,36015,19542,8918,1238,42,141697,141697,10053,15492,22467,17622,22623,24291,16888,8687,3290,281,3,147644,147644,9446,13942,21396,16944,23956,25354,19127,10855,5628,957,39
광주광역시 서구 양동(2914057500),3613,3613,92,133,372,301,395,563,725,674,318,39,1,1782,1782,53,69,204,172,236,297,339,271,131,10,0,1831,1831,39,64,168,129,159,266,386,403,187,29,1
광주광역시 서구 양3동(2914059000),4532,4532,361,333,444,518,695,650,784,524,199,24,0,2203,2203,195,186,235,250,384,320,335,223,71,4,0,2329,2329,166,147,209,268,311,330,449,301,128,20,0
광주광역시 서구 농성1동(2914065000),11304,11304,587,629,1690,1607,1530,1822,1596,1208,568,65,2,5578,5578,309,342,844,823,789,959,722,546,227,17,0,5726,5726,278,287,846,784,741,863,874,662,341,48,2
광주광역시 서구 농성2동(2914066000),4806,4806,147,219,793,634,603,808,801,518,244,39,0,2528,2528,79,138,426,357,346,419,402,244,108,9,0,2278,2278,68,81,367,277,257,389,399,274,136,30,0
광주광역시 서구 광천동(2914073000),7904,7904,499,557,999,888,1194,1502,1223,693,306,41,2,4073,4073,267,281,528,475,675,795,600,329,115,8,0,3831,3831,232,276,471,413,519,707,623,364,191,33,2
광주광역시 서구 유덕동(2914074000),10924,10924,794,1205,1713,1424,1878,1952,1026,581,311,40,0,5572,5572,425,618,909,792,962,1028,499,219,113,7,0,5352,5352,369,587,804,632,916,924,527,362,198,33,0
광주광역시 서구 치평동(2914074500),30087,30087,2035,2836,5364,4185,4684,5438,3100,1510,839,92,4,14379,14379,997,1470,2573,2101,2183,2559,1531,630,307,28,0,15708,15708,1038,1366,2791,2084,2501,2879,1569,880,532,64,4
광주광역시 서구 상무1동(2914075100),24706,24706,1541,2338,4657,3430,3872,4028,2756,1458,543,81,2,12373,12373,768,1156,2360,1868,1955,2023,1295,716,211,21,0,12333,12333,773,1182,2297,1562,1917,2005,1461,742,332,60,2
광주광역시 서구 상무2동(2914075200),23728,23728,1063,1644,4411,2929,3126,3894,3493,2075,963,126,4,11530,11530,548,857,2091,1585,1616,1928,1657,892,327,29,0,12198,12198,515,787,2320,1344,1510,1966,1836,1183,636,97,4
광주광역시 서구 화정1동(2914076000),15425,15425,758,1028,3001,2311,2150,2306,1897,1243,635,94,2,7346,7346,382,536,1358,1181,1129,1117,821,542,257,23,0,8079,8079,376,492,1643,1130,1021,1189,1076,701,378,71,2
광주광역시 서구 화정2동(2914077000),20467,20467,2192,2502,2199,2706,3809,2839,2451,1249,456,62,2,10235,10235,1158,1480,1187,1306,1863,1364,1106,582,178,11,0,10232,10232,1034,1022,1012,1400,1946,1475,1345,667,278,51,2
광주광역시 서구 화정3동(2914078000),9993,9993,491,949,1525,1037,1342,1683,1626,868,406,63,3,4906,4906,276,520,828,538,663,794,708,401,163,15,0,5087,5087,215,429,697,499,679,889,918,467,243,48,3
광주광역시 서구 화정4동(2914079000),15293,15293,963,1507,2066,1566,2189,2534,2643,1232,509,79,5,7342,7342,512,820,1112,810,1010,1102,1205,573,177,19,2,7951,7951,451,687,954,756,1179,1432,1438,659,332,60,3
광주광역시 서구 서창동(2914080000),5724,5724,380,375,668,644,686,1207,996,465,251,50,2,2967,2967,196,193,374,342,361,652,530,234,77,8,0,2757,2757,184,182,294,302,325,555,466,231,174,42,2
광주광역시 서구 금호1동(2914082100),20131,20131,1169,2024,2778,1985,2929,3846,3146,1476,684,90,4,9572,9572,615,1093,1489,981,1313,1739,1481,647,198,16,0,10559,10559,554,931,1289,1004,1616,2107,1665,829,486,74,4
광주광역시 서구 금호2동(2914082400),28148,28148,2362,3991,3936,2921,5307,5302,2514,1194,529,89,3,13774,13774,1222,2011,2157,1393,2402,2628,1201,549,192,19,0,14374,14374,1140,1980,1779,1528,2905,2674,1313,645,337,70,3
광주광역시 서구 풍암동(2914083000),36470,36470,2636,4781,5367,3909,6931,6617,3480,1762,876,106,5,17910,17910,1329,2534,2799,1941,3217,3288,1690,747,337,27,1,18560,18560,1307,2247,2568,1968,3714,3329,1790,1015,539,79,4
광주광역시 서구 동천동(2914084000),16086,16086,1429,2383,1880,1571,3259,2654,1758,812,281,58,1,7627,7627,722,1188,993,707,1519,1279,766,342,101,10,0,8459,8459,707,1195,887,864,1740,1375,992,470,180,48,1
광주광역시 남구 (2915500000),214848,214848,16652,22630,27111,24873,34476,32976,29071,17758,8128,1139,34,103227,103227,8525,11300,13848,12372,16945,15779,13233,7910,3064,244,7,111621,111621,8127,11330,13263,12501,17531,17197,15838,9848,5064,895,27
광주광역시 남구 양림동(2915551000),6950,6950,402,727,801,589,1001,1102,1003,850,418,54,3,3163,3163,198,351,395,284,487,500,422,348,163,13,2,3787,3787,204,376,406,305,514,602,581,502,255,41,1
광주광역시 남구 방림1동(2915552000),6563,6563,480,638,803,749,1063,957,913,652,280,28,0,3142,3142,250,323,421,351,530,472,398,281,106,10,0,3421,3421,230,315,382,398,533,485,515,371,174,18,0
광주광역시 남구 방림2동(2915553000),8764,8764,431,715,1116,824,1175,1436,1396,1108,495,64,4,4168,4168,224,362,598,439,591,669,603,481,185,15,1,4596,4596,207,353,518,385,584,767,793,627,310,49,3
광주광역시 남구 봉선1동(2915553700),13382,13382,735,1269,1916,1480,2006,2145,1945,1137,645,101,3,6257,6257,381,632,970,745,978,978,862,461,223,27,0,7125,7125,354,637,946,735,1028,1167,1083,676,422,74,3
광주광역시 남구 봉선2동(2915553800),28765,28765,2865,4906,3020,2654,5672,4309,3017,1454,750,116,2,13443,13443,1425,2467,1575,1155,2546,1999,1339,644,266,27,0,15322,15322,1440,2439,1445,1499,3126,2310,1678,810,484,89,2
광주광역시 남구 사직동(2915554500),5144,5144,249,278,608,602,724,828,836,657,331,30,1,2661,2661,123,159,322,327,414,457,423,293,136,7,0,2483,2483,126,119,286,275,310,371,413,364,195,23,1
광주광역시 남구 월산동(2915560500),8960,8960,614,536,1055,1182,1297,1353,1301,1064,495,61,2,4574,4574,315,288,573,650,765,712,619,463,178,11,0,4386,4386,299,248,482,532,532,641,682,601,317,50,2
광주광역시 남구 월산4동(2915563000),8509,8509,317,524,1128,1003,1131,1438,1517,989,407,54,1,4383,4383,165,291,600,574,647,763,715,457,158,13,0,4126,4126,152,233,528,429,484,675,802,532,249,41,1
광주광역시 남구 월산5동(2915564000),6369,6369,226,322,895,713,814,1119,1226,728,291,35,0,3170,3170,116,166,459,401,468,550,573,327,103,7,0,3199,3199,110,156,436,312,346,569,653,401,188,28,0
광주광역시 남구 백운1동(2915567000),12127,12127,850,1138,1467,1311,1851,1911,1863,1140,507,88,1,5707,5707,456,536,748,654,890,901,812,479,213,18,0,6420,6420,394,602,719,657,961,1010,1051,661,294,70,1
광주광역시 남구 백운2동(2915568000),6336,6336,450,386,999,871,866,919,925,615,269,35,1,3124,3124,235,191,448,456,469,478,428,293,120,6,0,3212,3212,215,195,551,415,397,441,497,322,149,29,1
광주광역시 남구 주월1동(2915569000),22031,22031,1653,2283,3114,2607,3539,3585,2941,1606,616,86,1,10685,10685,866,1178,1557,1309,1721,1693,1368,742,239,11,1,11346,11346,787,1105,1557,1298,1818,1892,1573,864,377,75,0
광주광역시 남구 주월2동(2915570000),7982,7982,420,536,1018,878,1070,1349,1419,890,357,42,3,3943,3943,206,278,543,479,549,638,653,436,142,18,1,4039,4039,214,258,475,399,521,711,766,454,215,24,2
광주광역시 남구 진월동(2915570500),29034,29034,2045,3994,4066,2795,4852,4718,3464,2059,912,127,2,13556,13556,1000,1883,2107,1301,2149,2210,1560,940,377,28,1,15478,15478,1045,2111,1959,1494,2703,2508,1904,1119,535,99,1
광주광역시 남구 효덕동(2915571000),16012,16012,1454,1726,2057,2218,2722,2116,2055,1150,437,71,6,7687,7687,752,872,1007,1093,1351,983,915,538,162,14,0,8325,8325,702,854,1050,1125,1371,1133,1140,612,275,57,6
광주광역시 남구 송암동(2915572000),21446,21446,3080,2226,2510,3747,3856,2720,2049,835,357,64,2,10366,10366,1613,1116,1226,1799,1922,1262,930,376,116,6,0,11080,11080,1467,1110,1284,1948,1934,1458,1119,459,241,58,2
광주광역시 남구 대촌동(2915573000),6474,6474,381,426,538,650,837,971,1201,824,561,83,2,3198,3198,200,207,299,355,468,514,613,351,177,13,1,3276,3276,181,219,239,295,369,457,588,473,384,70,1
광주광역시 북구 (2917000000),426745,426745,31598,41065,60286,54375,65955,71598,56339,30183,13421,1875,50,211625,211625,16162,21602,31680,28255,33269,35065,26731,13574,4883,401,3,215120,215120,15436,19463,28606,26120,32686,36533,29608,16609,8538,1474,47
광주광역시 북구 중흥1동(2917051000),4753,4753,216,161,838,949,627,634,657,448,198,23,2,2451,2451,96,82,372,495,391,363,349,213,80,9,1,2302,2302,120,79,466,454,236,271,308,235,118,14,1
광주광역시 북구 중흥2동(2917052000),8323,8323,553,621,1565,1073,1130,1133,1042,795,365,45,1,4225,4225,273,322,783,609,589,599,508,359,163,20,0,4098,4098,280,299,782,464,541,534,534,436,202,25,1
광주광역시 북구 중흥3동(2917053000),6145,6145,484,419,1033,1024,949,797,679,513,224,23,0,3145,3145,234,224,527,559,534,432,323,214,90,8,0,3000,3000,250,195,506,465,415,365,356,299,134,15,0
광주광역시 북구 중앙동(2917055500),3865,3865,192,173,584,562,534,630,620,361,168,39,2,2041,2041,107,86,278,317,309,365,326,176,66,11,0,1824,1824,85,87,306,245,225,265,294,185,102,28,2
광주광역시 북구 임동(2917057000),9190,9190,689,571,1239,1431,1293,1372,1323,879,350,42,1,4519,4519,363,295,604,720,703,677,590,407,154,6,0,4671,4671,326,276,635,711,590,695,733,472,196,36,1
광주광역시 북구 신안동(2917058000),12346,12346,506,664,2299,1983,1564,1926,1779,1066,517,40,2,6495,6495,264,346,1172,1149,922,1036,895,490,214,7,0,5851,5851,242,318,1127,834,642,890,884,576,303,33,2
광주광역시 북구 용봉동(2917059000),38309,38309,2497,3564,7141,4735,5438,6635,4759,2436,975,126,3,19070,19070,1252,1859,3790,2534,2726,3129,2261,1107,376,36,0,19239,19239,1245,1705,3351,2201,2712,3506,2498,1329,599,90,3
광주광역시 북구 운암1동(2917060100),19245,19245,1661,2221,2387,2173,3080,3080,2747,1383,462,50,1,9277,9277,859,1127,1222,1044,1428,1439,1264,682,201,11,0,9968,9968,802,1094,1165,1129,1652,1641,1483,701,261,39,1
광주광역시 북구 운암2동(2917060200),11907,11907,476,841,1657,1296,1594,2048,2086,1289,553,65,2,6046,6046,230,417,892,747,848,1067,977,608,243,17,0,5861,5861,246,424,765,549,746,981,1109,681,310,48,2
광주광역시 북구 운암3동(2917060300),12528,12528,862,1321,1729,1403,1788,2184,1924,862,379,76,0,5997,5997,434,708,944,691,832,969,896,382,126,15,0,6531,6531,428,613,785,712,956,1215,1028,480,253,61,0
광주광역시 북구 동림동(2917061500),23088,23088,2026,2174,2922,3317,3796,3867,2936,1413,553,79,5,11310,11310,1043,1162,1538,1666,1910,1810,1308,649,208,15,1,11778,11778,983,1012,1384,1651,1886,2057,1628,764,345,64,4
광주광역시 북구 우산동(2917062000),10191,10191,346,615,1262,905,1194,1727,2045,1399,602,95,1,4945,4945,177,319,645,499,659,883,928,617,202,16,0,5246,5246,169,296,617,406,535,844,1117,782,400,79,1
광주광역시 북구 풍향동(2917063500),5674,5674,521,503,685,728,903,882,740,469,213,29,1,2837,2837,255,251,375,386,465,471,347,210,74,3,0,2837,2837,266,252,310,342,438,411,393,259,139,26,1
광주광역시 북구 문화동(2917065000),20712,20712,1612,1617,2519,2942,2904,3390,3095,1727,802,100,4,10198,10198,811,878,1337,1501,1527,1618,1459,758,291,17,1,10514,10514,801,739,1182,1441,1377,1772,1636,969,511,83,3
광주광역시 북구 문흥1동(2917065600),15766,15766,1037,1784,2184,1566,2333,2925,2323,1083,474,55,2,7640,7640,489,919,1168,812,1077,1372,1125,507,158,13,0,8126,8126,548,865,1016,754,1256,1553,1198,576,316,42,2
광주광역시 북구 문흥2동(2917065700),15553,15553,916,1401,2477,1887,2303,2528,2174,1174,604,87,2,7422,7422,479,723,1278,996,1133,1157,945,460,228,23,0,8131,8131,437,678,1199,891,1170,1371,1229,714,376,64,2
광주광역시 북구 두암1동(2917066100),7712,7712,266,562,1117,743,956,1323,1347,955,390,51,2,3834,3834,147,305,575,401,514,651,620,442,163,16,0,3878,3878,119,257,542,342,442,672,727,513,227,35,2
광주광역시 북구 두암2동(2917066200),15929,15929,768,1273,2166,1713,2127,2883,2740,1569,601,87,2,7865,7865,389,663,1129,913,1107,1422,1243,736,252,11,0,8064,8064,379,610,1037,800,1020,1461,1497,833,349,76,2
광주광역시 북구 두암3동(2917066300),13203,13203,405,736,1509,1217,1425,2440,2848,1663,839,120,1,6309,6309,199,390,775,648,759,1202,1377,686,243,30,0,6894,6894,206,346,734,569,666,1238,1471,977,596,90,1
광주광역시 북구 삼각동(2917066600),13881,13881,882,1580,2116,1624,2281,2692,1595,753,308,50,0,7172,7172,484,889,1199,856,1107,1366,803,339,119,10,0,6709,6709,398,691,917,768,1174,1326,792,414,189,40,0
광주광역시 북구 일곡동(2917066900),29549,29549,2171,4330,4501,2898,5283,5755,2651,1195,674,88,3,14462,14462,1127,2364,2444,1392,2302,2816,1281,492,221,23,0,15087,15087,1044,1966,2057,1506,2981,2939,1370,703,453,65,3
광주광역시 북구 매곡동(2917067300),13726,13726,1050,1650,1888,1604,2140,2458,1687,784,388,75,2,6708,6708,554,893,1004,795,1012,1119,806,371,139,15,0,7018,7018,496,757,884,809,1128,1339,881,413,249,60,2
광주광역시 북구 오치1동(2917067600),10807,10807,546,951,1632,1224,1539,2111,1622,796,332,51,3,5497,5497,267,511,869,671,807,1071,806,371,112,12,0,5310,5310,279,440,763,553,732,1040,816,425,220,39,3
광주광역시 북구 오치2동(2917067700),12386,12386,507,732,1799,1447,1479,2331,2243,1163,591,93,1,6063,6063,244,413,918,792,802,1111,1083,513,174,13,0,6323,6323,263,319,881,655,677,1220,1160,650,417,80,1
광주광역시 북구 석곡동(2917068500),2501,2501,71,123,229,210,207,476,583,353,219,29,1,1290,1290,32,72,137,124,121,258,311,157,73,5,0,1211,1211,39,51,92,86,86,218,272,196,146,24,1
광주광역시 북구 건국동(2917069500),22131,22131,2535,2549,2598,3239,4016,3431,2136,1016,526,83,2,11202,11202,1331,1308,1402,1630,2025,1797,1072,469,161,7,0,10929,10929,1204,1241,1196,1609,1991,1634,1064,547,365,76,2
광주광역시 북구 양산동(2917069600),37648,37648,3671,4034,5100,5574,6585,6018,3916,1819,800,127,4,18902,18902,1896,2072,2673,2943,3364,2972,1884,811,260,27,0,18746,18746,1775,1962,2427,2631,3221,3046,2032,1008,540,100,4
광주광역시 북구 신용동(2917069700),29677,29677,4132,3895,3110,4908,6487,3922,2042,820,314,47,0,14703,14703,2126,2004,1630,2365,3296,1893,944,348,92,5,0,14974,14974,2006,1891,1480,2543,3191,2029,1098,472,222,42,0
광주광역시 광산구 (2920000000),402998,402998,36409,50917,57786,51998,74938,67338,36673,17300,8398,1207,34,203195,203195,18668,26199,30753,26703,37144,34830,18523,7570,2586,216,3,199803,199803,17741,24718,27033,25295,37794,32508,18150,9730,5812,991,31
광주광역시 광산구 송정1동(2920051500),10867,10867,620,1059,1679,1128,1753,1901,1404,896,375,52,0,5518,5518,330,546,948,586,902,1007,678,364,141,16,0,5349,5349,290,513,731,542,851,894,726,532,234,36,0
광주광역시 광산구 송정2동(2920052500),6510,6510,314,342,977,862,812,1116,933,770,342,40,2,3242,3242,158,182,509,481,451,572,421,333,125,10,0,3268,3268,156,160,468,381,361,544,512,437,217,30,2
광주광역시 광산구 도산동(2920054000),15178,15178,1302,1559,2078,2024,2584,2499,1623,987,469,51,2,7639,7639,677,824,1145,1029,1343,1260,766,424,163,8,0,7539,7539,625,735,933,995,1241,1239,857,563,306,43,2
광주광역시 광산구 신흥동(2920055000),4535,4535,291,373,555,524,693,763,667,457,181,28,3,2301,2301,149,201,315,295,360,379,317,212,65,8,0,2234,2234,142,172,240,229,333,384,350,245,116,20,3
광주광역시 광산구 어룡동(2920056500),32831,32831,3679,3718,3957,5054,6233,4764,3257,1413,661,93,2,16825,16825,1909,1903,2213,2562,3362,2434,1595,634,201,12,0,16006,16006,1770,1815,1744,2492,2871,2330,1662,779,460,81,2
광주광역시 광산구 우산동(2920058000),29643,29643,2419,2194,4220,4760,4374,5227,3790,1638,886,135,0,15052,15052,1259,1111,2229,2594,2283,2664,1950,730,219,13,0,14591,14591,1160,1083,1991,2166,2091,2563,1840,908,667,122,0
광주광역시 광산구 월곡1동(2920060000),10708,10708,633,1039,1737,1223,1482,2172,1524,582,279,37,0,5441,5441,329,555,946,672,722,1070,763,289,87,8,0,5267,5267,304,484,791,551,760,1102,761,293,192,29,0
광주광역시 광산구 월곡2동(2920061000),15444,15444,935,1856,2346,1643,2616,3019,1878,781,332,37,1,7763,7763,494,953,1213,855,1272,1538,941,369,119,9,0,7681,7681,441,903,1133,788,1344,1481,937,412,213,28,1
광주광역시 광산구 비아동(2920062000),7591,7591,668,818,896,863,1433,1467,785,405,228,28,0,4001,4001,350,431,502,459,765,820,426,175,68,5,0,3590,3590,318,387,394,404,668,647,359,230,160,23,0
광주광역시 광산구 첨단1동(2920062400),27449,27449,1978,3304,4871,3534,4215,5528,2672,828,444,74,1,13644,13644,1034,1638,2573,1866,1941,2586,1471,368,155,11,1,13805,13805,944,1666,2298,1668,2274,2942,1201,460,289,63,0
광주광역시 광산구 첨단2동(2920062600),43163,43163,3452,5327,7887,5737,7673,7971,3241,1162,629,83,1,21824,21824,1757,2791,4187,3042,3620,4043,1704,490,174,16,0,21339,21339,1695,2536,3700,2695,4053,3928,1537,672,455,67,1
광주광역시 광산구 신가동(2920063000),18284,18284,1888,2733,2596,2179,3758,3033,1208,627,232,29,1,9263,9263,970,1401,1362,1111,1826,1664,580,273,71,5,0,9021,9021,918,1332,1234,1068,1932,1369,628,354,161,24,1
광주광역시 광산구 운남동(2920063500),30611,30611,2569,3685,4543,3712,5579,5683,2727,1372,658,80,3,14957,14957,1304,1934,2298,1853,2711,2796,1324,512,200,25,0,15654,15654,1265,1751,2245,1859,2868,2887,1403,860,458,55,3
광주광역시 광산구 수완동(2920063700),76891,76891,8924,13675,9613,9309,17801,10840,4233,1782,611,96,7,37869,37869,4550,6845,4986,4319,8460,5764,2025,732,174,13,1,39022,39022,4374,6830,4627,4990,9341,5076,2208,1050,437,83,6
광주광역시 광산구 하남동(2920064000),26338,26338,3043,3447,3531,3816,5393,3940,2135,697,280,55,1,13594,13594,1542,1809,1930,1951,2806,2015,1120,333,81,7,0,12744,12744,1501,1638,1601,1865,2587,1925,1015,364,199,48,1
광주광역시 광산구 임곡동(2920065000),2115,2115,55,111,148,121,167,382,482,329,263,56,1,1099,1099,19,56,87,72,105,228,276,154,96,6,0,1016,1016,36,55,61,49,62,154,206,175,167,50,1
광주광역시 광산구 동곡동(2920066000),1848,1848,42,67,148,142,171,299,409,348,197,25,0,953,953,22,41,81,92,111,173,212,166,52,3,0,895,895,20,26,67,50,60,126,197,182,145,22,0
광주광역시 광산구 평동(2920067000),4070,4070,128,138,418,445,491,647,824,573,341,61,4,2274,2274,64,80,254,271,346,422,441,287,96,13,0,1796,1796,64,58,164,174,145,225,383,286,245,48,4
광주광역시 광산구 삼도동(2920068000),2189,2189,45,124,147,139,198,370,476,350,290,49,1,1147,1147,19,69,97,89,113,237,271,167,76,9,0,1042,1042,26,55,50,50,85,133,205,183,214,40,1
광주광역시 광산구 본량동(2920069000),1986,1986,32,85,141,120,198,316,395,343,308,47,1,991,991,16,46,76,61,122,194,228,138,97,13,0,995,995,16,39,65,59,76,122,167,205,211,34,1
광주광역시 광산구 신창동(2920070000),34747,34747,3392,5263,5298,4663,7314,5401,2010,960,392,51,3,17798,17798,1716,2783,2802,2443,3523,2964,1014,420,126,6,1,16949,16949,1676,2480,2496,2220,3791,2437,996,540,266,45,2
대전광역시  (3000000000),1449360,1449360,105714,140935,207253,188455,229928,239743,192839,93333,44658,6323,179,723063,723063,54308,72903,108612,98929,114412,119817,93521,42664,16411,1459,27,726297,726297,51406,68032,98641,89526,115516,119926,99318,50669,28247,4864,152
대전광역시 동구 (3011000000),220313,220313,13710,19349,29520,24642,33068,36040,34393,19197,9160,1201,33,110985,110985,7111,9960,15706,13331,17283,18651,16647,8646,3345,298,7,109328,109328,6599,9389,13814,11311,15785,17389,17746,10551,5815,903,26
대전광역시 동구 중앙동(3011051500),4452,4452,112,116,308,366,458,837,1117,750,339,48,1,2506,2506,52,54,190,211,306,562,637,356,129,9,0,1946,1946,60,62,118,155,152,275,480,394,210,39,1
대전광역시 동구 효동(3011053000),24499,24499,2199,3311,2526,2603,4770,3612,3041,1620,699,115,3,12023,12023,1098,1722,1358,1290,2324,1825,1391,718,270,27,0,12476,12476,1101,1589,1168,1313,2446,1787,1650,902,429,88,3
대전광역시 동구 신인동(3011054500),11995,11995,817,863,1256,1497,1757,1915,2002,1246,574,66,2,5849,5849,416,459,634,783,933,905,908,559,232,19,1,6146,6146,401,404,622,714,824,1010,1094,687,342,47,1
대전광역시 동구 판암1동(3011055100),12279,12279,751,912,1401,1434,1637,2117,2073,1208,666,79,1,6004,6004,421,470,752,768,805,1032,996,515,223,22,0,6275,6275,330,442,649,666,832,1085,1077,693,443,57,1
대전광역시 동구 판암2동(3011055200),8405,8405,239,348,739,686,944,1405,1938,1282,726,97,1,4096,4096,123,187,419,402,542,734,912,533,223,20,1,4309,4309,116,161,320,284,402,671,1026,749,503,77,0
대전광역시 동구 용운동(3011056000),21872,21872,1651,1814,3249,2981,3205,3621,3131,1500,629,88,3,11030,11030,865,903,1745,1598,1643,1814,1520,699,223,19,1,10842,10842,786,911,1504,1383,1562,1807,1611,801,406,69,2
대전광역시 동구 대동(3011058500),14779,14779,1289,1450,1680,1835,2382,2346,2060,1099,552,84,2,7403,7403,675,769,869,950,1222,1185,1004,495,206,28,0,7376,7376,614,681,811,885,1160,1161,1056,604,346,56,2
대전광역시 동구 자양동(3011059000),10820,10820,359,834,2821,1048,1236,1578,1562,921,410,49,2,5746,5746,179,403,1569,642,711,857,777,428,170,10,0,5074,5074,180,431,1252,406,525,721,785,493,240,39,2
대전광역시 동구 가양1동(3011062000),13383,13383,685,1062,1888,1316,1942,2253,2259,1310,601,65,2,6908,6908,346,547,1050,726,1047,1221,1124,600,229,18,0,6475,6475,339,515,838,590,895,1032,1135,710,372,47,2
대전광역시 동구 가양2동(3011063000),18183,18183,844,1700,2798,1912,2588,3271,2823,1476,689,80,2,9103,9103,440,878,1421,1077,1324,1680,1336,682,249,16,0,9080,9080,404,822,1377,835,1264,1591,1487,794,440,64,2
대전광역시 동구 용전동(3011064000),20495,20495,994,1449,3976,2973,3078,3284,2737,1368,573,59,4,10488,10488,510,725,2021,1700,1653,1707,1329,621,209,12,1,10007,10007,484,724,1955,1273,1425,1577,1408,747,364,47,3
대전광역시 동구 성남동(3011066500),11546,11546,797,872,1226,1348,1664,1964,1951,1134,505,81,4,5732,5732,442,421,666,705,892,991,916,502,175,21,1,5814,5814,355,451,560,643,772,973,1035,632,330,60,3
대전광역시 동구 홍도동(3011067000),10987,10987,506,779,2086,1216,1472,1834,1766,856,414,58,0,5580,5580,285,417,1053,678,817,937,858,371,155,9,0,5407,5407,221,362,1033,538,655,897,908,485,259,49,0
대전광역시 동구 삼성동(3011069500),13885,13885,711,1166,1392,1314,2019,2465,2489,1510,734,83,2,7068,7068,357,597,783,710,1086,1310,1221,689,286,28,1,6817,6817,354,569,609,604,933,1155,1268,821,448,55,1
대전광역시 동구 대청동(3011072500),2406,2406,58,129,191,147,233,442,585,333,242,46,0,1247,1247,26,60,104,97,133,260,322,155,76,14,0,1159,1159,32,69,87,50,100,182,263,178,166,32,0
대전광역시 동구 산내동(3011074000),20327,20327,1698,2544,1983,1966,3683,3096,2859,1584,807,103,4,10202,10202,876,1348,1072,994,1845,1631,1396,723,290,26,1,10125,10125,822,1196,911,972,1838,1465,1463,861,517,77,3
대전광역시 중구 (3014000000),229531,229531,13542,20665,29775,24961,34822,38719,34907,20578,10170,1351,41,112971,112971,6911,10650,15096,12888,17578,19618,16735,9257,3901,328,9,116560,116560,6631,10015,14679,12073,17244,19101,18172,11321,6269,1023,32
대전광역시 중구 은행선화동(3014053500),15564,15564,810,976,2706,2326,2354,2488,2211,1112,497,81,3,7970,7970,385,483,1242,1242,1312,1408,1159,528,192,18,1,7594,7594,425,493,1464,1084,1042,1080,1052,584,305,63,2
대전광역시 중구 목동(3014055000),14218,14218,1300,2404,1537,1365,3130,2158,1271,668,340,42,3,6795,6795,661,1191,762,606,1452,1132,562,284,134,11,0,7423,7423,639,1213,775,759,1678,1026,709,384,206,31,3
대전광역시 중구 중촌동(3014056000),13839,13839,901,1134,1592,1723,2118,2319,2116,1236,611,85,4,6752,6752,452,584,857,911,1078,1131,977,528,207,26,1,7087,7087,449,550,735,812,1040,1188,1139,708,404,59,3
대전광역시 중구 대흥동(3014057500),13625,13625,790,1061,2435,1903,2101,1935,1791,1012,496,97,4,6711,6711,424,562,1104,982,1093,1013,863,439,197,32,2,6914,6914,366,499,1331,921,1008,922,928,573,299,65,2
대전광역시 중구 문창동(3014060500),4634,4634,155,286,497,419,548,826,920,599,335,48,1,2417,2417,94,153,271,236,326,477,463,260,131,6,0,2217,2217,61,133,226,183,222,349,457,339,204,42,1
대전광역시 중구 석교동(3014062000),15542,15542,644,1061,1710,1501,1989,2748,3109,1873,805,100,2,7825,7825,335,540,928,844,1086,1389,1513,860,308,21,1,7717,7717,309,521,782,657,903,1359,1596,1013,497,79,1
대전광역시 중구 대사동(3014063000),5456,5456,147,257,1039,625,590,850,935,597,367,48,1,2641,2641,84,151,445,344,330,428,441,253,150,15,0,2815,2815,63,106,594,281,260,422,494,344,217,33,1
대전광역시 중구 부사동(3014064000),6705,6705,281,411,792,677,841,1179,1314,748,391,70,1,3383,3383,155,228,404,385,451,604,637,343,159,17,0,3322,3322,126,183,388,292,390,575,677,405,232,53,1
대전광역시 중구 용두동(3014065500),9335,9335,483,669,1711,1334,1289,1445,1140,776,439,48,1,4542,4542,239,304,809,696,668,767,556,335,158,10,0,4793,4793,244,365,902,638,621,678,584,441,281,38,1
대전광역시 중구 오류동(3014067000),10586,10586,611,776,1528,1320,1429,1805,1479,979,567,92,0,4959,4959,288,402,716,655,707,842,696,418,209,26,0,5627,5627,323,374,812,665,722,963,783,561,358,66,0
대전광역시 중구 태평1동(3014068000),13180,13180,1041,1521,1438,1406,2324,2247,1613,1052,491,46,1,6384,6384,557,743,759,685,1102,1134,760,460,175,9,0,6796,6796,484,778,679,721,1222,1113,853,592,316,37,1
대전광역시 중구 태평2동(3014069000),25303,25303,1703,2915,2882,2159,4106,4426,3596,2272,1100,138,6,12134,12134,859,1492,1531,1046,1898,2138,1647,1031,462,30,0,13169,13169,844,1423,1351,1113,2208,2288,1949,1241,638,108,6
대전광역시 중구 유천1동(3014070000),6381,6381,297,308,830,824,895,1096,1197,601,296,36,1,3306,3306,158,176,444,449,511,578,601,274,107,8,0,3075,3075,139,132,386,375,384,518,596,327,189,28,1
대전광역시 중구 유천2동(3014071000),13650,13650,796,948,1773,1507,1872,2199,2308,1450,710,84,3,6756,6756,396,510,922,775,994,1073,1087,693,283,21,2,6894,6894,400,438,851,732,878,1126,1221,757,427,63,1
대전광역시 중구 문화1동(3014072000),21958,21958,1679,2713,2759,2159,3727,3590,2708,1650,864,107,2,10563,10563,881,1407,1364,1017,1714,1777,1286,741,347,28,1,11395,11395,798,1306,1395,1142,2013,1813,1422,909,517,79,1
대전광역시 중구 문화2동(3014073000),12454,12454,549,997,1471,1228,1693,2323,2139,1221,737,93,3,6036,6036,274,543,803,689,826,1123,992,497,272,17,0,6418,6418,275,454,668,539,867,1200,1147,724,465,76,3
대전광역시 중구 산성동(3014074000),27101,27101,1355,2228,3075,2485,3816,5085,5060,2732,1124,136,5,13797,13797,669,1181,1735,1326,2030,2604,2495,1313,410,33,1,13304,13304,686,1047,1340,1159,1786,2481,2565,1419,714,103,4
대전광역시 서구 (3017000000),471907,471907,35351,47622,71935,64254,75965,76543,59053,26927,12405,1802,50,231995,231995,18194,24542,36682,32980,36798,37118,28274,12384,4629,386,8,239912,239912,17157,23080,35253,31274,39167,39425,30779,14543,7776,1416,42
대전광역시 서구 복수동(3017051000),22179,22179,1910,2965,2709,2446,4149,3512,2610,1291,518,68,1,10941,10941,956,1500,1410,1227,1971,1758,1250,633,219,16,1,11238,11238,954,1465,1299,1219,2178,1754,1360,658,299,52,0
대전광역시 서구 도마1동(3017052000),15172,15172,682,957,2476,1586,1773,2556,2781,1597,681,83,0,7741,7741,352,507,1404,888,975,1284,1305,737,268,21,0,7431,7431,330,450,1072,698,798,1272,1476,860,413,62,0
대전광역시 서구 도마2동(3017053000),17320,17320,819,1341,2479,1806,2276,2901,3113,1762,740,80,3,8724,8724,447,691,1358,989,1211,1433,1437,832,312,14,0,8596,8596,372,650,1121,817,1065,1468,1676,930,428,66,3
대전광역시 서구 정림동(3017053500),15962,15962,948,1384,1855,1649,2193,2927,2965,1323,623,93,2,7773,7773,501,746,984,856,1090,1337,1409,604,223,23,0,8189,8189,447,638,871,793,1103,1590,1556,719,400,70,2
대전광역시 서구 변동(3017054000),15963,15963,878,1179,2068,1942,2236,2781,2702,1464,620,92,1,8098,8098,480,623,1102,1076,1153,1421,1290,674,256,23,0,7865,7865,398,556,966,866,1083,1360,1412,790,364,69,1
대전광역시 서구 용문동(3017055000),12234,12234,538,581,2485,2105,1674,1721,1677,951,442,57,3,5858,5858,269,305,1150,1110,861,831,752,407,157,16,0,6376,6376,269,276,1335,995,813,890,925,544,285,41,3
대전광역시 서구 탄방동(3017055500),26955,26955,1565,2271,5308,4619,4334,4218,2869,1126,563,81,1,12979,12979,832,1209,2474,2337,2044,1997,1371,494,210,11,0,13976,13976,733,1062,2834,2282,2290,2221,1498,632,353,70,1
대전광역시 서구 괴정동(3017056000),19234,19234,1043,1234,4629,3564,2783,2543,1994,994,386,62,2,9371,9371,523,627,2077,1940,1457,1197,924,457,158,11,0,9863,9863,520,607,2552,1624,1326,1346,1070,537,228,51,2
대전광역시 서구 가장동(3017057000),11331,11331,701,1012,1504,1317,1731,1867,1757,966,421,55,0,5476,5476,374,502,725,699,841,897,806,444,179,9,0,5855,5855,327,510,779,618,890,970,951,522,242,46,0
대전광역시 서구 내동(3017057500),23482,23482,1676,2537,3107,2532,3877,3917,3277,1726,735,97,1,11262,11262,841,1224,1624,1272,1839,1845,1493,801,300,23,0,12220,12220,835,1313,1483,1260,2038,2072,1784,925,435,74,1
대전광역시 서구 갈마1동(3017058100),21657,21657,1073,1529,4358,3454,3028,3310,3107,1207,520,68,3,11024,11024,571,802,2281,1991,1519,1600,1457,584,203,15,1,10633,10633,502,727,2077,1463,1509,1710,1650,623,317,53,2
대전광역시 서구 갈마2동(3017058200),24627,24627,1269,1894,5482,4164,3602,4049,2740,930,449,47,1,12357,12357,660,917,2781,2284,1851,1927,1342,429,157,9,0,12270,12270,609,977,2701,1880,1751,2122,1398,501,292,38,1
대전광역시 서구 월평1동(3017058600),11344,11344,326,530,2987,1956,1448,1872,1374,571,240,38,2,6070,6070,161,290,1580,1175,842,967,696,267,87,4,1,5274,5274,165,240,1407,781,606,905,678,304,153,34,1
대전광역시 서구 월평2동(3017058700),14441,14441,712,1217,1711,1455,1817,2698,2662,1248,782,135,4,6843,6843,350,615,926,742,850,1258,1299,557,222,23,1,7598,7598,362,602,785,713,967,1440,1363,691,560,112,3
대전광역시 서구 월평3동(3017058800),20985,20985,1652,2545,2545,2556,3262,3729,3145,995,465,91,0,10294,10294,854,1358,1424,1242,1478,1709,1572,471,168,18,0,10691,10691,798,1187,1121,1314,1784,2020,1573,524,297,73,0
대전광역시 서구 가수원동(3017059000),46395,46395,6223,5376,5225,7444,8752,6329,4495,1692,738,115,6,22795,22795,3177,2737,2623,3557,4382,3080,2138,798,269,31,3,23600,23600,3046,2639,2602,3887,4370,3249,2357,894,469,84,3
대전광역시 서구 관저1동(3017059600),15418,15418,1156,1545,2712,1986,2230,2726,1767,805,434,55,2,7333,7333,599,814,1275,980,1015,1258,883,338,155,16,0,8085,8085,557,731,1437,1006,1215,1468,884,467,279,39,2
대전광역시 서구 관저2동(3017059700),49433,49433,5628,6041,6558,7357,9324,7760,4071,1787,789,117,1,24094,24094,2867,3094,3314,3579,4414,3837,1926,789,254,20,0,25339,25339,2761,2947,3244,3778,4910,3923,2145,998,535,97,1
대전광역시 서구 기성동(3017060000),3658,3658,91,163,261,248,395,646,792,555,409,92,6,1892,1892,60,85,152,140,231,360,451,258,141,14,0,1766,1766,31,78,109,108,164,286,341,297,268,78,6
대전광역시 서구 둔산1동(3017063000),16620,16620,1476,3339,1545,1189,3891,2536,1362,823,388,71,0,8179,8179,764,1735,815,513,1728,1368,684,391,160,21,0,8441,8441,712,1604,730,676,2163,1168,678,432,228,50,0
대전광역시 서구 둔산2동(3017064000),35261,35261,2997,3942,5163,5210,6015,6218,3778,1279,582,75,2,17031,17031,1537,2034,2538,2511,2731,2949,1887,607,217,19,1,18230,18230,1460,1908,2625,2699,3284,3269,1891,672,365,56,1
대전광역시 서구 만년동(3017065000),12675,12675,882,1226,2279,2022,1924,2244,1371,457,231,39,0,6395,6395,438,636,1319,1062,903,1066,681,201,82,7,0,6280,6280,444,590,960,960,1021,1178,690,256,149,32,0
대전광역시 서구 둔산3동(3017066000),19561,19561,1106,2814,2489,1647,3251,3483,2644,1378,649,91,9,9465,9465,581,1491,1346,810,1412,1739,1221,611,232,22,0,10096,10096,525,1323,1143,837,1839,1744,1423,767,417,69,9
대전광역시 유성구 (3020000000),352557,352557,32764,37791,52188,54555,60183,55137,37569,14180,6985,1176,29,178115,178115,16873,19620,28023,28622,29492,27559,18570,6668,2409,277,2,174442,174442,15891,18171,24165,25933,30691,27578,18999,7512,4576,899,27
대전광역시 유성구 진잠동(3020052000),25275,25275,1835,2377,3327,2823,4124,4744,3527,1559,837,119,3,12929,12929,952,1290,1793,1561,2116,2449,1747,712,288,21,0,12346,12346,883,1087,1534,1262,2008,2295,1780,847,549,98,3
대전광역시 유성구 학하동(3020052600),17161,17161,1775,1303,2604,2749,2677,2732,2350,641,279,49,2,8839,8839,917,656,1519,1393,1374,1288,1221,355,107,9,0,8322,8322,858,647,1085,1356,1303,1444,1129,286,172,40,2
대전광역시 유성구 상대동(3020052700),24696,24696,3084,3419,2402,3387,4835,3818,2576,759,342,74,0,12066,12066,1549,1792,1247,1555,2276,1870,1284,363,118,12,0,12630,12630,1535,1627,1155,1832,2559,1948,1292,396,224,62,0
대전광역시 유성구 온천1동(3020053000),26612,26612,858,949,6598,5389,3294,3974,3214,1521,710,100,5,13736,13736,439,498,3183,3115,1817,2059,1656,684,253,32,0,12876,12876,419,451,3415,2274,1477,1915,1558,837,457,68,5
대전광역시 유성구 온천2동(3020054000),39689,39689,3253,3092,8583,6097,5527,5650,4784,1779,780,143,1,20687,20687,1644,1600,4987,3389,2770,2761,2342,871,283,40,0,19002,19002,1609,1492,3596,2708,2757,2889,2442,908,497,103,1
대전광역시 유성구 노은1동(3020054600),21603,21603,1982,2965,2751,3032,4145,3369,1951,888,447,69,4,10731,10731,1035,1518,1426,1543,1975,1708,938,402,168,17,1,10872,10872,947,1447,1325,1489,2170,1661,1013,486,279,52,3
대전광역시 유성구 노은2동(3020054700),24167,24167,2148,3249,3064,2928,4478,4061,2399,1112,633,93,2,11895,11895,1122,1676,1596,1469,2089,2015,1174,498,236,20,0,12272,12272,1026,1573,1468,1459,2389,2046,1225,614,397,73,2
대전광역시 유성구 노은3동(3020054800),36976,36976,4565,4554,3584,5611,7394,5422,3700,1456,581,106,3,18116,18116,2336,2320,1881,2654,3586,2634,1745,712,226,22,0,18860,18860,2229,2234,1703,2957,3808,2788,1955,744,355,84,3
대전광역시 유성구 신성동(3020055000),26029,26029,2785,2807,4076,5301,4157,3517,2180,730,400,76,0,13629,13629,1460,1457,2234,2934,2083,1821,1124,373,122,21,0,12400,12400,1325,1350,1842,2367,2074,1696,1056,357,278,55,0
대전광역시 유성구 전민동(3020057000),26886,26886,2448,3088,4219,4433,4161,4386,2762,771,499,117,2,13752,13752,1282,1577,2331,2461,1974,2138,1433,373,146,37,0,13134,13134,1166,1511,1888,1972,2187,2248,1329,398,353,80,2
대전광역시 유성구 구즉동(3020058000),27687,27687,2278,3005,4135,4067,4611,4786,2788,1209,704,102,2,14156,14156,1168,1558,2291,2212,2288,2494,1408,492,221,24,0,13531,13531,1110,1447,1844,1855,2323,2292,1380,717,483,78,2
대전광역시 유성구 관평동(3020060000),28456,28456,2896,4361,3738,3765,5688,4685,2277,680,313,52,1,14566,14566,1476,2314,2015,1929,2691,2539,1161,338,96,7,0,13890,13890,1420,2047,1723,1836,2997,2146,1116,342,217,45,1
대전광역시 유성구 원신흥동(3020061000),27320,27320,2857,2622,3107,4973,5092,3993,3061,1075,460,76,4,13013,13013,1493,1364,1520,2407,2453,1783,1337,495,145,15,1,14307,14307,1364,1258,1587,2566,2639,2210,1724,580,315,61,3
대전광역시 대덕구 (3023000000),175052,175052,10347,15508,23835,20043,25890,33304,26917,12451,5938,793,26,88997,88997,5219,8131,13105,11108,13261,16871,13295,5709,2127,170,1,86055,86055,5128,7377,10730,8935,12629,16433,13622,6742,3811,623,25
대전광역시 대덕구 오정동(3023051000),14375,14375,567,984,2264,1465,1833,2615,2707,1336,524,76,4,7596,7596,287,542,1223,849,1043,1409,1367,655,205,16,0,6779,6779,280,442,1041,616,790,1206,1340,681,319,60,4
대전광역시 대덕구 대화동(3023052000),6827,6827,232,456,778,747,1007,1280,1310,683,287,44,3,3598,3598,116,258,452,402,562,699,679,323,99,8,0,3229,3229,116,198,326,345,445,581,631,360,188,36,3
대전광역시 대덕구 회덕동(3023052500),12096,12096,563,931,1353,1152,1623,2283,2320,1173,620,76,2,6149,6149,273,494,730,656,852,1208,1139,558,213,26,0,5947,5947,290,437,623,496,771,1075,1181,615,407,50,2
대전광역시 대덕구 비래동(3023053300),16081,16081,833,1538,2125,1545,2359,3132,2649,1263,554,82,1,7999,7999,430,827,1137,861,1164,1533,1233,578,217,19,0,8082,8082,403,711,988,684,1195,1599,1416,685,337,63,1
대전광역시 대덕구 송촌동(3023054300),26860,26860,1814,3527,3909,2543,4585,5616,2982,1147,653,83,1,13253,13253,894,1800,2087,1303,2058,2791,1550,496,257,17,0,13607,13607,920,1727,1822,1240,2527,2825,1432,651,396,66,1
대전광역시 대덕구 중리동(3023054600),19454,19454,847,1516,2978,2211,2877,3749,3154,1433,616,72,1,10090,10090,425,812,1651,1284,1553,1920,1538,667,227,13,0,9364,9364,422,704,1327,927,1324,1829,1616,766,389,59,1
대전광역시 대덕구 신탄진동(3023055000),14422,14422,844,1083,1897,1965,1963,2648,2274,1113,566,64,5,7435,7435,423,587,1053,1135,1019,1367,1101,525,215,10,0,6987,6987,421,496,844,830,944,1281,1173,588,351,54,5
대전광역시 대덕구 석봉동(3023056000),16230,16230,1898,1478,1860,2759,2697,2566,1884,666,359,62,1,8323,8323,978,771,1013,1414,1454,1269,952,326,130,16,0,7907,7907,920,707,847,1345,1243,1297,932,340,229,46,1
대전광역시 대덕구 덕암동(3023057000),13532,13532,686,1089,2028,1663,2011,2573,1915,998,504,62,3,7210,7210,349,566,1169,1000,1087,1421,961,451,190,16,0,6322,6322,337,523,859,663,924,1152,954,547,314,46,3
대전광역시 대덕구 목상동(3023058000),6441,6441,389,536,996,990,1114,1161,774,312,144,23,2,3526,3526,199,267,583,620,646,615,396,153,46,1,0,2915,2915,190,269,413,370,468,546,378,159,98,22,2
대전광역시 대덕구 법1동(3023060000),13014,13014,839,986,1626,1567,1690,2512,2132,1084,513,63,2,6139,6139,414,490,865,819,833,1149,995,421,142,11,0,6875,6875,425,496,761,748,857,1363,1137,663,371,52,2
대전광역시 대덕구 법2동(3023061000),15720,15720,835,1384,2021,1436,2131,3169,2816,1243,598,86,1,7679,7679,431,717,1142,765,990,1490,1384,556,186,17,1,8041,8041,404,667,879,671,1141,1679,1432,687,412,69,0
울산광역시  (3100000000),1117204,1117204,89425,109457,134971,142549,183381,206563,158060,64484,24914,3336,64,573984,573984,45922,57552,76143,76154,93899,104574,79631,30891,8608,605,5,543220,543220,43503,51905,58828,66395,89482,101989,78429,33593,16306,2731,59
울산광역시 중구 (3111000000),211249,211249,14739,19290,24575,24594,32828,39903,33814,15157,5658,678,13,106981,106981,7571,10320,13792,12957,16812,19804,16541,7011,2048,123,2,104268,104268,7168,8970,10783,11637,16016,20099,17273,8146,3610,555,11
울산광역시 중구 학성동(3111051000),11211,11211,518,659,1279,1335,1507,1926,2154,1292,485,53,3,5717,5717,257,348,687,754,851,1048,1026,566,174,6,0,5494,5494,261,311,592,581,656,878,1128,726,311,47,3
울산광역시 중구 반구1동(3111052000),16616,16616,1241,1283,1866,2249,2578,3187,2721,1090,350,49,2,8647,8647,627,672,1060,1222,1399,1646,1349,528,138,6,0,7969,7969,614,611,806,1027,1179,1541,1372,562,212,43,2
울산광역시 중구 반구2동(3111053000),8601,8601,362,553,1228,988,1087,1700,1540,816,285,42,0,4363,4363,197,295,663,539,573,845,734,395,114,8,0,4238,4238,165,258,565,449,514,855,806,421,171,34,0
울산광역시 중구 복산1동(3111054000),4158,4158,184,278,472,452,450,824,898,438,145,17,0,2075,2075,109,150,258,259,230,378,442,193,53,3,0,2083,2083,75,128,214,193,220,446,456,245,92,14,0
울산광역시 중구 복산2동(3111055000),11117,11117,852,1059,1371,1572,1688,2038,1549,699,249,40,0,5528,5528,419,554,754,838,841,970,725,340,78,9,0,5589,5589,433,505,617,734,847,1068,824,359,171,31,0
울산광역시 중구 중앙동(3111058500),12534,12534,395,590,1413,1238,1473,2372,2850,1551,601,50,1,6450,6450,213,312,803,724,817,1217,1456,671,225,11,1,6084,6084,182,278,610,514,656,1155,1394,880,376,39,0
울산광역시 중구 우정동(3111059000),17998,17998,1174,1508,2035,2139,2618,3221,3153,1453,630,67,0,8961,8961,633,826,1109,1100,1348,1564,1518,619,226,18,0,9037,9037,541,682,926,1039,1270,1657,1635,834,404,49,0
울산광역시 중구 태화동(3111060000),32788,32788,3060,3648,3495,3977,5821,5731,4539,1852,591,72,2,16353,16353,1636,1935,1976,1948,2844,2710,2189,893,211,11,0,16435,16435,1424,1713,1519,2029,2977,3021,2350,959,380,61,2
울산광역시 중구 다운동(3111061000),22669,22669,907,1866,2984,2036,3031,4948,4100,1877,830,90,0,11559,11559,457,1038,1733,1147,1522,2461,2026,873,283,19,0,11110,11110,450,828,1251,889,1509,2487,2074,1004,547,71,0
울산광역시 중구 병영1동(3111062000),21859,21859,1319,2127,2715,2182,3137,4587,3731,1494,497,69,1,11144,11144,661,1155,1565,1161,1557,2264,1849,722,195,15,0,10715,10715,658,972,1150,1021,1580,2323,1882,772,302,54,1
울산광역시 중구 병영2동(3111063000),20199,20199,1805,1960,2092,2586,3406,3589,3089,1170,453,48,1,10187,10187,880,1039,1211,1322,1796,1746,1499,534,155,5,0,10012,10012,925,921,881,1264,1610,1843,1590,636,298,43,1
울산광역시 중구 약사동(3111064000),10743,10743,1243,1268,1217,1515,1837,1980,1117,389,152,24,1,5384,5384,617,676,662,736,884,1000,564,178,61,6,0,5359,5359,626,592,555,779,953,980,553,211,91,18,1
울산광역시 중구 성안동(3111065000),20756,20756,1679,2491,2408,2325,4195,3800,2373,1036,390,57,2,10613,10613,865,1320,1311,1207,2150,1955,1164,499,135,6,1,10143,10143,814,1171,1097,1118,2045,1845,1209,537,255,51,1
울산광역시 남구 (3114000000),312148,312148,22029,28822,42582,40436,49177,60362,44314,17481,6219,714,12,159223,159223,11303,15245,23818,21759,24272,30091,22030,8327,2241,137,0,152925,152925,10726,13577,18764,18677,24905,30271,22284,9154,3978,577,12
울산광역시 남구 신정1동(3114051000),18097,18097,756,1031,2314,2268,2315,3364,3633,1745,610,55,6,9092,9092,395,533,1279,1274,1234,1644,1716,783,225,9,0,9005,9005,361,498,1035,994,1081,1720,1917,962,385,46,6
울산광역시 남구 신정2동(3114052000),23847,23847,1840,3011,2908,2607,4188,4648,2885,1303,404,53,0,12176,12176,961,1625,1651,1363,1939,2384,1463,614,166,10,0,11671,11671,879,1386,1257,1244,2249,2264,1422,689,238,43,0
울산광역시 남구 신정3동(3114053000),16277,16277,1185,1182,2013,2029,2425,3216,2651,1113,409,54,0,8271,8271,594,631,1119,1068,1264,1600,1312,512,162,9,0,8006,8006,591,551,894,961,1161,1616,1339,601,247,45,0
울산광역시 남구 신정4동(3114054000),20790,20790,1682,2286,2633,2596,3534,3744,2716,1170,379,50,0,10494,10494,871,1201,1441,1390,1684,1879,1313,554,151,10,0,10296,10296,811,1085,1192,1206,1850,1865,1403,616,228,40,0
울산광역시 남구 신정5동(3114055000),8867,8867,444,595,1326,1277,1376,1669,1326,620,215,19,0,4740,4740,225,316,752,756,742,876,683,305,84,1,0,4127,4127,219,279,574,521,634,793,643,315,131,18,0
울산광역시 남구 달동(3114056000),27063,27063,1499,1928,4027,3805,4060,5201,4219,1569,683,70,2,13644,13644,763,1019,2190,2088,2046,2533,2043,715,230,17,0,13419,13419,736,909,1837,1717,2014,2668,2176,854,453,53,2
울산광역시 남구 삼산동(3114057000),49006,49006,3294,4216,7714,7601,8254,9412,5969,1924,542,80,0,25540,25540,1667,2238,4271,4235,4114,4742,3052,1019,187,15,0,23466,23466,1627,1978,3443,3366,4140,4670,2917,905,355,65,0
울산광역시 남구 삼호동(3114058500),20282,20282,1090,1552,2942,2236,2708,4565,3298,1287,539,65,0,10331,10331,602,808,1650,1222,1387,2235,1656,580,180,11,0,9951,9951,488,744,1292,1014,1321,2330,1642,707,359,54,0
울산광역시 남구 무거동(3114059500),31770,31770,1939,3254,5741,3476,4740,6787,3829,1372,574,58,0,16313,16313,992,1699,3343,1886,2255,3322,1963,637,204,12,0,15457,15457,947,1555,2398,1590,2485,3465,1866,735,370,46,0
울산광역시 남구 옥동(3114060000),26123,26123,2040,2984,3349,3084,4102,5355,3569,1178,413,49,0,13136,13136,1063,1622,1940,1581,1843,2558,1787,593,139,10,0,12987,12987,977,1362,1409,1503,2259,2797,1782,585,274,39,0
울산광역시 남구 대현동(3114062500),29713,29713,3158,3300,3055,4215,5433,4776,3669,1535,526,45,1,14868,14868,1616,1709,1671,2095,2656,2422,1757,739,191,12,0,14845,14845,1542,1591,1384,2120,2777,2354,1912,796,335,33,1
울산광역시 남구 수암동(3114063500),16623,16623,1478,1780,2007,2211,2558,3190,2342,779,243,33,2,8312,8312,735,925,1094,1118,1210,1565,1183,389,88,5,0,8311,8311,743,855,913,1093,1348,1625,1159,390,155,28,2
울산광역시 남구 선암동(3114064000),14184,14184,1034,1197,1694,1826,2228,2693,2314,860,306,32,0,7305,7305,522,642,925,990,1174,1360,1155,440,91,6,0,6879,6879,512,555,769,836,1054,1333,1159,420,215,26,0
울산광역시 남구 야음장생포동(3114067000),9506,9506,590,506,859,1205,1256,1742,1894,1026,376,51,1,5001,5001,297,277,492,693,724,971,947,447,143,10,0,4505,4505,293,229,367,512,532,771,947,579,233,41,1
울산광역시 동구 (3117000000),153164,153164,13143,15641,16551,20696,26280,24584,23945,9206,2749,361,8,79975,79975,6716,8325,9246,11399,14305,12426,11804,4729,967,57,1,73189,73189,6427,7316,7305,9297,11975,12158,12141,4477,1782,304,7
울산광역시 동구 방어동(3117051000),39975,39975,3241,4155,4360,5495,7384,6648,5672,2208,713,97,2,21555,21555,1663,2268,2501,3166,4265,3517,2828,1102,236,9,0,18420,18420,1578,1887,1859,2329,3119,3131,2844,1106,477,88,2
울산광역시 동구 일산동(3117052000),5674,5674,223,342,699,701,821,980,1179,553,160,16,0,3036,3036,109,185,398,440,490,504,556,287,63,4,0,2638,2638,114,157,301,261,331,476,623,266,97,12,0
울산광역시 동구 화정동(3117053000),19289,19289,1971,1923,1892,2602,3271,3080,2884,1168,444,52,2,9901,9901,999,1010,1043,1338,1766,1588,1433,571,142,11,0,9388,9388,972,913,849,1264,1505,1492,1451,597,302,41,2
울산광역시 동구 대송동(3117054000),11451,11451,789,1134,1435,1368,1918,2189,1822,591,183,21,1,6020,6020,409,614,795,769,1001,1126,932,300,70,4,0,5431,5431,380,520,640,599,917,1063,890,291,113,17,1
울산광역시 동구 전하1동(3117055000),14999,14999,1246,1393,1910,2034,2402,2301,2334,1061,283,33,2,7730,7730,649,771,942,1110,1322,1140,1113,571,104,7,1,7269,7269,597,622,968,924,1080,1161,1221,490,179,26,1
울산광역시 동구 전하2동(3117056000),20375,20375,1871,2342,2171,2479,3429,3625,3059,1044,303,51,1,10340,10340,928,1183,1196,1264,1756,1809,1543,549,105,7,0,10035,10035,943,1159,975,1215,1673,1816,1516,495,198,44,1
울산광역시 동구 남목1동(3117058000),8649,8649,573,927,814,978,1411,1332,1703,694,196,21,0,4411,4411,300,463,465,555,736,656,812,348,74,2,0,4238,4238,273,464,349,423,675,676,891,346,122,19,0
울산광역시 동구 남목2동(3117059000),20852,20852,2131,2147,2222,3443,3554,2691,3295,1113,220,36,0,10986,10986,1101,1166,1318,1918,1878,1276,1601,624,97,7,0,9866,9866,1030,981,904,1525,1676,1415,1694,489,123,29,0
울산광역시 동구 남목3동(3117060000),11900,11900,1098,1278,1048,1596,2090,1738,1997,774,247,34,0,5996,5996,558,665,588,839,1091,810,986,377,76,6,0,5904,5904,540,613,460,757,999,928,1011,397,171,28,0
울산광역시 북구 (3120000000),218947,218947,23506,23930,25687,32430,39352,38985,23135,8108,3321,478,15,113264,113264,12094,12383,14665,16969,20170,19799,12190,3856,1057,80,1,105683,105683,11412,11547,11022,15461,19182,19186,10945,4252,2264,398,14
울산광역시 북구 농소1동(3120051000),36636,36636,4215,4046,3753,5257,6812,6199,4081,1596,596,79,2,18749,18749,2186,2071,2088,2694,3538,3104,2132,739,184,13,0,17887,17887,2029,1975,1665,2563,3274,3095,1949,857,412,66,2
울산광역시 북구 농소2동(3120052000),42071,42071,5368,5015,4327,6781,8065,6693,3830,1346,565,79,2,21314,21314,2782,2526,2361,3433,4089,3349,1957,627,178,12,0,20757,20757,2586,2489,1966,3348,3976,3344,1873,719,387,67,2
울산광역시 북구 농소3동(3120053000),37852,37852,3220,6011,4674,3477,7990,7472,3047,1317,564,78,2,19214,19214,1649,3184,2553,1736,3715,3952,1640,584,185,15,1,18638,18638,1571,2827,2121,1741,4275,3520,1407,733,379,63,1
울산광역시 북구 강동동(3120054000),16328,16328,2453,1509,1028,3037,3072,2092,1974,724,372,63,4,8365,8365,1231,770,575,1496,1709,1070,1027,355,118,14,0,7963,7963,1222,739,453,1541,1363,1022,947,369,254,49,4
울산광역시 북구 효문동(3120056000),29400,29400,2585,2065,4232,4879,4253,6112,3713,1074,416,69,2,15808,15808,1368,1071,2505,2805,2311,3059,2004,542,132,11,0,13592,13592,1217,994,1727,2074,1942,3053,1709,532,284,58,2
울산광역시 북구 송정동(3120057000),36746,36746,4256,3773,4712,5994,6207,6747,3471,1045,466,74,1,18632,18632,2167,1949,2555,3005,3097,3316,1872,525,136,10,0,18114,18114,2089,1824,2157,2989,3110,3431,1599,520,330,64,1
울산광역시 북구 양정동(3120058000),9703,9703,682,736,1679,1557,1443,1730,1311,418,129,18,0,5655,5655,326,385,1223,974,831,969,686,218,40,3,0,4048,4048,356,351,456,583,612,761,625,200,89,15,0
울산광역시 북구 염포동(3120059000),10211,10211,727,775,1282,1448,1510,1940,1708,588,213,18,2,5527,5527,385,427,805,826,880,980,872,266,84,2,0,4684,4684,342,348,477,622,630,960,836,322,129,16,2
울산광역시 울주군 (3171000000),221696,221696,16008,21774,25576,24393,35744,42729,32852,14532,6967,1105,16,114541,114541,8238,11279,14622,13070,18340,22454,17066,6968,2295,208,1,107155,107155,7770,10495,10954,11323,17404,20275,15786,7564,4672,897,15
울산광역시 울주군 온산읍(3171025000),20399,20399,1339,1602,2463,2718,3639,4120,2761,1169,514,71,3,11791,11791,702,871,1534,1734,2244,2501,1471,562,163,9,0,8608,8608,637,731,929,984,1395,1619,1290,607,351,62,3
울산광역시 울주군 언양읍(3171025300),28227,28227,2225,2773,3216,3103,4446,5220,4306,1872,904,156,6,14102,14102,1093,1414,1799,1611,2214,2581,2179,892,292,27,0,14125,14125,1132,1359,1417,1492,2232,2639,2127,980,612,129,6
울산광역시 울주군 온양읍(3171025600),28660,28660,2331,3203,3222,3319,5161,5392,3644,1537,746,105,0,14898,14898,1180,1633,1792,1755,2700,2918,1940,723,237,20,0,13762,13762,1151,1570,1430,1564,2461,2474,1704,814,509,85,0
울산광역시 울주군 범서읍(3171025900),69391,69391,5890,9610,8985,7038,12850,13462,7445,2747,1201,163,0,34874,34874,3065,4982,5028,3433,5917,6843,3873,1293,410,30,0,34517,34517,2825,4628,3957,3605,6933,6619,3572,1454,791,133,0
울산광역시 울주군 청량읍(3171026200),19003,19003,1606,1502,2107,2715,2833,3529,2848,1233,543,87,0,9804,9804,836,738,1173,1448,1483,1855,1494,590,172,15,0,9199,9199,770,764,934,1267,1350,1674,1354,643,371,72,0
울산광역시 울주군 삼남읍(3171026500),22730,22730,1436,1506,2825,2945,3270,4448,3770,1690,711,127,2,11774,11774,751,793,1663,1624,1718,2239,1908,813,236,29,0,10956,10956,685,713,1162,1321,1552,2209,1862,877,475,98,2
울산광역시 울주군 서생면(3171031000),8420,8420,450,485,762,839,1177,1546,1729,932,430,70,0,4536,4536,233,252,464,458,726,922,868,439,160,14,0,3884,3884,217,233,298,381,451,624,861,493,270,56,0
울산광역시 울주군 웅촌면(3171034000),7754,7754,285,344,815,632,764,1562,1833,929,507,83,0,3994,3994,143,190,476,354,433,800,972,445,161,20,0,3760,3760,142,154,339,278,331,762,861,484,346,63,0
울산광역시 울주군 두동면(3171036000),4274,4274,138,198,278,277,403,886,1150,563,319,60,2,2206,2206,66,105,160,164,229,473,614,290,96,9,0,2068,2068,72,93,118,113,174,413,536,273,223,51,2
울산광역시 울주군 두서면(3171037000),3097,3097,45,100,160,185,221,527,887,549,363,59,1,1552,1552,26,51,89,108,133,285,470,261,117,11,1,1545,1545,19,49,71,77,88,242,417,288,246,48,0
울산광역시 울주군 상북면(3171038000),7975,7975,233,400,643,518,840,1690,1977,1032,541,100,1,4081,4081,128,224,382,312,451,845,1016,517,185,21,0,3894,3894,105,176,261,206,389,845,961,515,356,79,1
울산광역시 울주군 삼동면(3171040000),1766,1766,30,51,100,104,140,347,502,279,188,24,1,929,929,15,26,62,69,92,192,261,143,66,3,0,837,837,15,25,38,35,48,155,241,136,122,21,1
세종특별자치시  (3600000000),378196,378196,47021,46963,39015,61611,74700,50270,34347,15128,7778,1331,32,188778,188778,23986,23665,20005,30034,37651,26327,17053,7061,2717,272,7,189418,189418,23035,23298,19010,31577,37049,23943,17294,8067,5061,1059,25
세종특별자치시  (3611000000),378196,378196,47021,46963,39015,61611,74700,50270,34347,15128,7778,1331,32,188778,188778,23986,23665,20005,30034,37651,26327,17053,7061,2717,272,7,189418,189418,23035,23298,19010,31577,37049,23943,17294,8067,5061,1059,25
세종특별자치시  조치원읍(3611025000),43113,43113,2861,4164,6533,5289,6734,6782,5737,3101,1654,250,8,22501,22501,1474,2165,3737,2949,3610,3598,2889,1376,641,61,1,20612,20612,1387,1999,2796,2340,3124,3184,2848,1725,1013,189,7
세종특별자치시  연기면(3611031000),2750,2750,92,86,378,380,328,493,563,243,156,30,1,1557,1557,44,43,223,250,211,310,307,118,50,1,0,1193,1193,48,43,155,130,117,183,256,125,106,29,1
세종특별자치시  연동면(3611032000),3103,3103,87,121,277,272,338,491,717,423,313,63,1,1637,1637,42,60,180,167,205,271,392,211,95,14,0,1466,1466,45,61,97,105,133,220,325,212,218,49,1
세종특별자치시  부강면(3611033000),6088,6088,289,355,700,690,786,1038,1130,621,415,63,1,3379,3379,146,195,457,440,498,613,584,268,157,20,1,2709,2709,143,160,243,250,288,425,546,353,258,43,0
세종특별자치시  금남면(3611034000),8859,8859,318,367,896,908,999,1542,1875,1119,713,118,4,4712,4712,169,183,512,556,611,852,1011,550,239,28,1,4147,4147,149,184,384,352,388,690,864,569,474,90,3
세종특별자치시  장군면(3611035000),7045,7045,247,308,1030,953,945,1316,1199,611,379,56,1,4095,4095,126,142,664,652,634,774,660,291,138,14,0,2950,2950,121,166,366,301,311,542,539,320,241,42,1
세종특별자치시  연서면(3611036000),7295,7295,280,402,832,705,828,1189,1471,892,613,80,3,3992,3992,133,209,563,442,499,694,781,416,237,17,1,3303,3303,147,193,269,263,329,495,690,476,376,63,2
세종특별자치시  전의면(3611037000),5531,5531,178,332,548,464,641,1003,1092,672,522,76,3,2959,2959,97,184,347,287,377,569,589,302,193,14,0,2572,2572,81,148,201,177,264,434,503,370,329,62,3
세종특별자치시  전동면(3611038000),3349,3349,74,111,251,214,310,652,873,485,320,59,0,1798,1798,34,64,135,128,199,386,485,245,112,10,0,1551,1551,40,47,116,86,111,266,388,240,208,49,0
세종특별자치시  소정면(3611039000),2228,2228,79,168,225,175,283,424,421,251,177,25,0,1176,1176,38,75,130,116,169,245,227,112,58,6,0,1052,1052,41,93,95,59,114,179,194,139,119,19,0
세종특별자치시  한솔동(3611051000),18472,18472,2216,3280,1684,2242,4187,2864,1265,492,201,41,0,9104,9104,1176,1656,845,1028,1951,1518,636,215,69,10,0,9368,9368,1040,1624,839,1214,2236,1346,629,277,132,31,0
세종특별자치시  새롬동(3611051500),39175,39175,5594,5653,4239,7111,8678,4680,2194,685,270,70,1,19043,19043,2812,2772,2009,3285,4266,2435,1054,319,83,8,0,20132,20132,2782,2881,2230,3826,4412,2245,1140,366,187,62,1
세종특별자치시  도담동(3611052000),33710,33710,4009,4678,4104,5522,7102,4498,2338,920,442,96,1,16258,16258,2053,2339,1843,2627,3381,2336,1121,409,135,14,0,17452,17452,1956,2339,2261,2895,3721,2162,1217,511,307,82,1
세종특별자치시  해밀동(3611052500),8652,8652,1683,1085,568,1788,1948,902,424,176,71,7,0,4228,4228,867,542,262,809,980,459,194,83,28,4,0,4424,4424,816,543,306,979,968,443,230,93,43,3,0
세종특별자치시  아름동(3611053000),23268,23268,3063,4367,1874,3118,5760,2984,1391,502,176,32,1,11517,11517,1582,2321,934,1382,2720,1609,653,247,60,8,1,11751,11751,1481,2046,940,1736,3040,1375,738,255,116,24,0
세종특별자치시  종촌동(3611054000),28886,28886,4125,4300,2415,4796,6267,3570,2159,842,361,51,0,14036,14036,2125,2127,1162,2242,3056,1820,980,388,126,10,0,14850,14850,2000,2173,1253,2554,3211,1750,1179,454,235,41,0
세종특별자치시  고운동(3611055000),34221,34221,5476,5130,2469,5694,7907,3761,2563,927,251,42,1,16751,16751,2788,2615,1228,2609,3941,1828,1191,461,82,8,0,17470,17470,2688,2515,1241,3085,3966,1933,1372,466,169,34,1
세종특별자치시  소담동(3611055500),21293,21293,3413,2587,1933,4196,4426,2477,1566,507,156,31,1,10392,10392,1718,1280,945,1966,2207,1226,761,239,47,3,0,10901,10901,1695,1307,988,2230,2219,1251,805,268,109,28,1
세종특별자치시  반곡동(3611055600),22786,22786,3989,1998,2573,6303,4102,2212,1116,326,125,40,2,11223,11223,2024,952,1153,3074,2149,1127,543,164,29,7,1,11563,11563,1965,1046,1420,3229,1953,1085,573,162,96,33,1
세종특별자치시  보람동(3611056000),18868,18868,2768,2616,1766,3159,3984,2489,1435,463,147,39,2,9244,9244,1410,1334,868,1447,1949,1272,691,218,47,7,1,9624,9624,1358,1282,898,1712,2035,1217,744,245,100,32,1
세종특별자치시  대평동(3611057000),11294,11294,1603,1129,1306,2087,2099,1725,930,269,126,19,1,5622,5622,855,574,665,1020,1051,830,452,143,29,3,0,5672,5672,748,555,641,1067,1048,895,478,126,97,16,1
세종특별자치시  다정동(3611058000),28210,28210,4577,3726,2414,5545,6048,3178,1888,601,190,43,0,13554,13554,2273,1833,1143,2558,2987,1555,852,286,62,5,0,14656,14656,2304,1893,1271,2987,3061,1623,1036,315,128,38,0
경기도  (4100000000),13577808,13577808,1079575,1319939,1778450,1888181,2296320,2286203,1699088,785597,385907,56711,1837,6833859,6833859,552339,677360,937495,978886,1168223,1158014,845273,359434,142973,13478,384,6743949,6743949,527236,642579,840955,909295,1128097,1128189,853815,426163,242934,43233,1453
북부출장소  (4110500000),0,0,0,0,0,0,0,0,0,0,0,0,0,0,0,0,0,0,0,0,0,0,0,0,0,0,0,0,0,0,0,0,0,0,0,0,0,0,0
경기도 수원시 (4111000000),1185560,1185560,89327,114909,183154,177351,199008,198433,133749,57884,27488,4113,144,597105,597105,46092,59259,96101,93340,100118,99161,66154,26033,9884,938,25,588455,588455,43235,55650,87053,84011,98890,99272,67595,31851,17604,3175,119
경기도 수원시 장안구 (4111100000),273238,273238,17016,27631,43188,33012,43643,49313,33952,15962,8149,1329,43,137605,137605,8722,14336,23600,17495,21567,24688,16778,7063,3028,319,9,135633,135633,8294,13295,19588,15517,22076,24625,17174,8899,5121,1010,34
경기도 수원시 장안구 파장동(4111156000),23207,23207,1154,1757,3249,2913,3483,4398,3577,1722,818,133,3,11763,11763,598,907,1780,1596,1799,2223,1779,753,301,26,1,11444,11444,556,850,1469,1317,1684,2175,1798,969,517,107,2
경기도 수원시 장안구 율천동(4111156600),42266,42266,2746,4088,10102,5600,6095,6669,4162,1727,925,146,6,22380,22380,1381,2172,6218,3018,3033,3317,2112,761,329,38,1,19886,19886,1365,1916,3884,2582,3062,3352,2050,966,596,108,5
경기도 수원시 장안구 정자1동(4111157100),28681,28681,2174,3315,3846,3307,5058,5269,3335,1456,786,131,4,14095,14095,1124,1756,2039,1653,2410,2586,1588,626,287,26,0,14586,14586,1050,1559,1807,1654,2648,2683,1747,830,499,105,4
경기도 수원시 장안구 정자2동(4111157200),36743,36743,3017,3770,5100,5128,6300,6192,3999,2063,1028,136,10,18032,18032,1532,1902,2559,2644,3067,3120,1906,871,397,32,2,18711,18711,1485,1868,2541,2484,3233,3072,2093,1192,631,104,8
경기도 수원시 장안구 정자3동(4111157300),40961,40961,2995,6465,6111,4176,8136,7655,3222,1343,741,115,2,20436,20436,1566,3321,3180,2111,3749,3933,1711,580,264,21,0,20525,20525,1429,3144,2931,2065,4387,3722,1511,763,477,94,2
경기도 수원시 장안구 영화동(4111158000),19827,19827,762,1115,2595,2339,2783,3812,3754,1797,764,103,3,10138,10138,390,573,1361,1317,1524,1980,1824,829,323,17,0,9689,9689,372,542,1234,1022,1259,1832,1930,968,441,86,3
경기도 수원시 장안구 송죽동(4111159100),19299,19299,1028,1638,2852,2565,2947,3574,2771,1249,582,89,4,9583,9583,523,869,1457,1347,1517,1718,1355,562,211,22,2,9716,9716,505,769,1395,1218,1430,1856,1416,687,371,67,2
경기도 수원시 장안구 조원1동(4111159700),28095,28095,1308,2591,4092,3259,4164,5375,4067,2043,1010,185,1,14196,14196,679,1366,2165,1801,2122,2688,2038,923,359,55,0,13899,13899,629,1225,1927,1458,2042,2687,2029,1120,651,130,1
경기도 수원시 장안구 조원2동(4111159800),18343,18343,1243,1920,2646,1922,2669,3705,2374,1017,691,150,6,8826,8826,637,958,1354,939,1229,1696,1236,456,267,51,3,9517,9517,606,962,1292,983,1440,2009,1138,561,424,99,3
경기도 수원시 장안구 연무동(4111160000),15816,15816,589,972,2595,1803,2008,2664,2691,1545,804,141,4,8156,8156,292,512,1487,1069,1117,1427,1229,702,290,31,0,7660,7660,297,460,1108,734,891,1237,1462,843,514,110,4
경기도 수원시 권선구 (4111300000),369525,369525,29816,32885,52983,57426,61444,62606,44666,18159,8277,1217,46,186706,186706,15375,16992,27681,30347,31776,30940,22073,8334,2906,275,7,182819,182819,14441,15893,25302,27079,29668,31666,22593,9825,5371,942,39
경기도 수원시 권선구 세류1동(4111352000),9976,9976,811,576,1434,1612,1463,1740,1348,652,291,48,1,5012,5012,408,314,751,852,772,848,654,292,112,9,0,4964,4964,403,262,683,760,691,892,694,360,179,39,1
경기도 수원시 권선구 세류2동(4111353000),23693,23693,1035,1554,3582,3569,3599,4180,3630,1664,779,93,8,12268,12268,531,791,1945,2074,1956,2153,1731,761,297,27,2,11425,11425,504,763,1637,1495,1643,2027,1899,903,482,66,6
경기도 수원시 권선구 세류3동(4111354000),18626,18626,805,1409,2591,2419,2937,3303,2980,1456,636,89,1,9395,9395,383,736,1365,1342,1541,1673,1420,663,247,25,0,9231,9231,422,673,1226,1077,1396,1630,1560,793,389,64,1
경기도 수원시 권선구 평동(4111355000),40160,40160,2845,3366,5902,5654,5899,7442,5536,2269,1066,173,8,20331,20331,1484,1745,3195,2973,3047,3625,2799,1062,371,30,0,19829,19829,1361,1621,2707,2681,2852,3817,2737,1207,695,143,8
경기도 수원시 권선구 서둔동(4111356000),37909,37909,2158,2976,5806,5336,5823,6780,5397,2463,1030,136,4,19291,19291,1093,1565,3032,2987,3100,3415,2609,1092,370,26,2,18618,18618,1065,1411,2774,2349,2723,3365,2788,1371,660,110,2
경기도 수원시 권선구 구운동(4111365000),24209,24209,1263,1920,3666,3183,3504,4716,3650,1498,707,98,4,12254,12254,659,973,1918,1758,1843,2337,1810,701,233,21,1,11955,11955,604,947,1748,1425,1661,2379,1840,797,474,77,3
경기도 수원시 권선구 금곡동(4111366200),45346,45346,4432,4950,5947,6371,8086,7639,4751,2012,1004,150,4,22364,22364,2276,2585,3030,3200,4014,3675,2319,878,346,40,1,22982,22982,2156,2365,2917,3171,4072,3964,2432,1134,658,110,3
경기도 수원시 권선구 호매실동(4111366400),45855,45855,6351,4835,4710,8157,8886,6126,4265,1655,765,103,2,22750,22750,3305,2416,2357,3947,4660,2957,2078,754,248,27,1,23105,23105,3046,2419,2353,4210,4226,3169,2187,901,517,76,1
경기도 수원시 권선구 권선1동(4111367000),24645,24645,1113,1575,5051,4614,3494,4043,3031,1146,502,74,2,12606,12606,575,840,2517,2564,1786,2056,1548,535,169,16,0,12039,12039,538,735,2534,2050,1708,1987,1483,611,333,58,2
경기도 수원시 권선구 권선2동(4111368000),47872,47872,4968,5257,6198,7398,8735,7813,5088,1617,688,103,7,23540,23540,2601,2744,3247,3591,4217,3638,2470,789,226,17,0,24332,24332,2367,2513,2951,3807,4518,4175,2618,828,462,86,7
경기도 수원시 권선구 곡선동(4111369000),34901,34901,2561,2746,6082,7097,6032,5875,3007,932,467,98,4,18601,18601,1305,1376,3273,4009,3317,3073,1645,417,165,21,0,16300,16300,1256,1370,2809,3088,2715,2802,1362,515,302,77,4
경기도 수원시 권선구 입북동(4111370000),16333,16333,1474,1721,2014,2016,2986,2949,1983,795,342,52,1,8294,8294,755,907,1051,1050,1523,1490,990,390,122,16,0,8039,8039,719,814,963,966,1463,1459,993,405,220,36,1
경기도 수원시 팔달구 (4111500000),181395,181395,9848,13362,30039,27008,27190,30814,24723,12120,5560,703,28,91418,91418,4971,6875,15335,14736,14111,15690,12060,5432,2033,170,5,89977,89977,4877,6487,14704,12272,13079,15124,12663,6688,3527,533,23
경기도 수원시 팔달구 매교동(4111565000),5833,5833,236,292,872,947,811,1006,928,472,245,22,2,3080,3080,121,155,457,530,476,561,461,210,99,9,1,2753,2753,115,137,415,417,335,445,467,262,146,13,1
경기도 수원시 팔달구 매산동(4111566000),10211,10211,405,434,1723,1559,1416,1812,1681,769,350,59,3,5498,5498,208,222,970,892,821,993,875,365,132,19,1,4713,4713,197,212,753,667,595,819,806,404,218,40,2
경기도 수원시 팔달구 고등동(4111567000),20104,20104,1701,1336,2790,3471,3028,3209,2599,1382,529,57,2,10133,10133,862,655,1381,1892,1621,1612,1246,633,218,13,0,9971,9971,839,681,1409,1579,1407,1597,1353,749,311,44,2
경기도 수원시 팔달구 화서1동(4111568000),22373,22373,1333,2002,3073,2556,3513,4001,3291,1762,744,93,5,10867,10867,646,1008,1568,1315,1721,1943,1581,789,266,29,1,11506,11506,687,994,1505,1241,1792,2058,1710,973,478,64,4
경기도 수원시 팔달구 화서2동(4111569000),25539,25539,1800,2623,3808,3444,4015,4937,2941,1212,677,76,6,12554,12554,919,1353,1935,1746,1897,2375,1508,558,245,16,2,12985,12985,881,1270,1873,1698,2118,2562,1433,654,432,60,4
경기도 수원시 팔달구 지동(4111570000),10467,10467,363,633,1281,1034,1494,1893,2031,1130,540,66,2,5340,5340,192,339,702,596,819,1017,993,482,190,10,0,5127,5127,171,294,579,438,675,876,1038,648,350,56,2
경기도 수원시 팔달구 우만1동(4111571000),19886,19886,760,1230,3206,2883,2784,3552,3071,1601,714,81,4,9911,9911,406,637,1701,1598,1483,1782,1382,671,239,12,0,9975,9975,354,593,1505,1285,1301,1770,1689,930,475,69,4
경기도 수원시 팔달구 우만2동(4111572000),16869,16869,1060,1663,3593,2214,2543,2679,1863,804,385,65,0,8472,8472,520,917,1975,1171,1214,1303,876,344,136,16,0,8397,8397,540,746,1618,1043,1329,1376,987,460,249,49,0
경기도 수원시 팔달구 인계동(4111573000),39763,39763,1938,2743,8249,7567,6294,5802,4303,1886,864,114,3,20012,20012,964,1372,3941,4224,3286,2975,2069,855,303,23,0,19751,19751,974,1371,4308,3343,3008,2827,2234,1031,561,91,3
경기도 수원시 팔달구 행궁동(4111574000),10350,10350,252,406,1444,1333,1292,1923,2015,1102,512,70,1,5551,5551,133,217,705,772,773,1129,1069,525,205,23,0,4799,4799,119,189,739,561,519,794,946,577,307,47,1
경기도 수원시 영통구 (4111700000),361402,361402,32647,41031,56944,59905,66731,55700,30408,11643,5502,864,27,181376,181376,17024,21056,29485,30762,32664,27843,15243,5204,1917,174,4,180026,180026,15623,19975,27459,29143,34067,27857,15165,6439,3585,690,23
경기도 수원시 영통구 매탄1동(4111751000),17365,17365,988,1694,2957,2220,2726,3249,2180,940,356,54,1,8764,8764,504,866,1634,1206,1336,1605,1042,438,125,8,0,8601,8601,484,828,1323,1014,1390,1644,1138,502,231,46,1
경기도 수원시 영통구 매탄2동(4111752000),14603,14603,798,1387,2369,1886,2277,2631,1958,839,394,62,2,7268,7268,439,729,1207,1020,1120,1263,965,379,135,11,0,7335,7335,359,658,1162,866,1157,1368,993,460,259,51,2
경기도 수원시 영통구 매탄3동(4111753000),35589,35589,2491,4136,6376,5340,6507,5735,3056,1241,615,89,3,18503,18503,1311,2090,3575,3019,3250,2944,1505,592,204,13,0,17086,17086,1180,2046,2801,2321,3257,2791,1551,649,411,76,3
경기도 수원시 영통구 매탄4동(4111754000),21211,21211,1165,2051,3600,3133,3413,3721,2538,1028,494,66,2,10353,10353,628,1040,1871,1700,1568,1758,1182,429,161,16,0,10858,10858,537,1011,1729,1433,1845,1963,1356,599,333,50,2
경기도 수원시 영통구 원천동(4111755000),39402,39402,3991,3772,6635,7051,7466,5027,3388,1360,614,96,2,19960,19960,2055,1961,3389,3622,3866,2597,1622,617,212,19,0,19442,19442,1936,1811,3246,3429,3600,2430,1766,743,402,77,2
경기도 수원시 영통구 영통1동(4111757000),34303,34303,3095,4527,4606,5240,6617,5772,2728,1042,593,81,2,16869,16869,1615,2325,2343,2612,3097,2840,1378,422,216,20,1,17434,17434,1480,2202,2263,2628,3520,2932,1350,620,377,61,1
경기도 수원시 영통구 영통2동(4111758000),26138,26138,2308,2070,5352,6647,4163,3252,1411,570,324,39,2,13861,13861,1208,1072,2969,3786,2116,1648,710,234,110,8,0,12277,12277,1100,998,2383,2861,2047,1604,701,336,214,31,2
경기도 수원시 영통구 영통3동(4111758500),32251,32251,2308,4101,6477,4287,5711,5455,2518,835,465,93,1,16540,16540,1174,2149,3501,2296,2713,2754,1395,363,179,16,0,15711,15711,1134,1952,2976,1991,2998,2701,1123,472,286,77,1
경기도 수원시 영통구 망포1동(4111759300),30761,30761,3167,3906,4335,4699,5680,5167,2504,830,400,71,2,15495,15495,1636,1957,2354,2324,2780,2578,1353,362,137,14,0,15266,15266,1531,1949,1981,2375,2900,2589,1151,468,263,57,2
경기도 수원시 영통구 망포2동(4111759600),27613,27613,4018,3376,2993,5031,5865,3695,1770,561,259,42,3,13797,13797,2105,1770,1478,2377,2943,1852,912,265,85,10,0,13816,13816,1913,1606,1515,2654,2922,1843,858,296,174,32,3
경기도 수원시 영통구 광교1동(4111760000),52938,52938,5098,6864,8211,9329,10521,7642,3466,1215,503,86,3,25924,25924,2701,3502,3665,4435,5047,3948,1839,576,189,21,1,27014,27014,2397,3362,4546,4894,5474,3694,1627,639,314,65,2
경기도 수원시 영통구 광교2동(4111761000),29228,29228,3220,3147,3033,5042,5785,4354,2891,1182,485,85,4,14042,14042,1648,1595,1499,2365,2828,2056,1340,527,164,18,2,15186,15186,1572,1552,1534,2677,2957,2298,1551,655,321,67,2
경기도 성남시 (4113000000),928267,928267,64710,84931,125170,134343,152325,155215,121683,58398,27064,4282,146,459808,459808,33016,43540,64203,68730,75025,77696,59494,26627,10379,1064,34,468459,468459,31694,41391,60967,65613,77300,77519,62189,31771,16685,3218,112
경기도 성남시 수정구 (4113100000),235103,235103,14716,16649,33152,34639,36025,39879,35089,17134,6897,893,30,119150,119150,7432,8516,17457,18629,18998,20440,17136,7793,2536,209,4,115953,115953,7284,8133,15695,16010,17027,19439,17953,9341,4361,684,26
경기도 성남시 수정구 신흥1동(4113151000),13391,13391,432,685,1907,1864,1972,2483,2403,1122,471,51,1,7073,7073,218,366,1005,1110,1152,1388,1165,496,162,11,0,6318,6318,214,319,902,754,820,1095,1238,626,309,40,1
경기도 성남시 수정구 신흥2동(4113152000),20160,20160,1780,1543,2478,3232,3084,3424,2956,1207,390,64,2,9818,9818,872,780,1231,1625,1512,1628,1403,602,148,17,0,10342,10342,908,763,1247,1607,1572,1796,1553,605,242,47,2
경기도 성남시 수정구 신흥3동(4113153000),11290,11290,401,610,1656,1520,1663,2163,1889,980,359,49,0,5985,5985,183,340,873,897,921,1209,970,440,141,11,0,5305,5305,218,270,783,623,742,954,919,540,218,38,0
경기도 성남시 수정구 태평1동(4113154000),15386,15386,481,687,2808,2189,1999,2608,2517,1434,599,61,3,7952,7952,261,363,1486,1260,1118,1370,1225,620,233,16,0,7434,7434,220,324,1322,929,881,1238,1292,814,366,45,3
경기도 성남시 수정구 태평2동(4113155000),15318,15318,694,997,2434,2077,2129,2752,2326,1261,566,81,1,7717,7717,341,533,1273,1176,1105,1416,1121,548,190,14,0,7601,7601,353,464,1161,901,1024,1336,1205,713,376,67,1
경기도 성남시 수정구 태평3동(4113156000),13263,13263,547,868,1833,1698,1876,2503,2280,1137,463,57,1,6834,6834,273,425,1042,958,995,1325,1148,490,162,15,1,6429,6429,274,443,791,740,881,1178,1132,647,301,42,0
경기도 성남시 수정구 태평4동(4113156100),13090,13090,597,1080,2023,1597,1969,2329,1930,1034,486,42,3,6648,6648,298,556,1095,896,1014,1192,944,457,190,6,0,6442,6442,299,524,928,701,955,1137,986,577,296,36,3
경기도 성남시 수정구 수진1동(4113157000),12287,12287,340,592,1689,1431,1621,2470,2390,1203,484,62,5,6429,6429,171,319,920,837,910,1366,1195,529,167,15,0,5858,5858,169,273,769,594,711,1104,1195,674,317,47,5
경기도 성남시 수정구 수진2동(4113158000),15776,15776,685,1004,2251,2022,2228,2731,2769,1477,562,45,2,7967,7967,333,529,1186,1112,1158,1368,1357,668,245,10,1,7809,7809,352,475,1065,910,1070,1363,1412,809,317,35,1
경기도 성남시 수정구 단대동(4113159000),15495,15495,943,1258,2011,2156,2334,2654,2316,1230,526,65,2,7609,7609,476,656,1042,1130,1204,1279,1081,528,196,17,0,7886,7886,467,602,969,1026,1130,1375,1235,702,330,48,2
경기도 성남시 수정구 산성동(4113160000),5200,5200,276,466,641,610,851,870,818,461,185,21,1,2644,2644,153,233,359,340,447,434,396,205,72,5,0,2556,2556,123,233,282,270,404,436,422,256,113,16,1
경기도 성남시 수정구 양지동(4113161000),9840,9840,483,902,1346,1029,1573,1785,1492,840,342,45,3,4869,4869,245,442,708,549,799,918,695,373,124,15,1,4971,4971,238,460,638,480,774,867,797,467,218,30,2
경기도 성남시 수정구 복정동(4113162000),10932,10932,630,452,2251,2452,1947,1432,1093,492,145,38,0,6110,6110,322,238,1224,1481,1187,802,539,246,64,7,0,4822,4822,308,214,1027,971,760,630,554,246,81,31,0
경기도 성남시 수정구 위례동(4113162500),45290,45290,4608,4251,5219,6895,8161,7156,5737,2180,932,149,2,22115,22115,2353,2071,2614,3236,4096,3481,2845,1059,321,38,1,23175,23175,2255,2180,2605,3659,4065,3675,2892,1121,611,111,1
경기도 성남시 수정구 신촌동(4113163000),4655,4655,483,444,751,869,706,600,492,213,82,15,0,2492,2492,244,245,480,466,373,305,242,102,30,5,0,2163,2163,239,199,271,403,333,295,250,111,52,10,0
경기도 성남시 수정구 고등동(4113164000),10590,10590,1179,670,1340,2432,1482,1479,1173,601,203,30,1,5238,5238,607,339,632,1235,784,730,560,292,56,3,0,5352,5352,572,331,708,1197,698,749,613,309,147,27,1
경기도 성남시 수정구 시흥동(4113165000),3140,3140,157,140,514,566,430,440,508,262,102,18,3,1650,1650,82,81,287,321,223,229,250,138,35,4,0,1490,1490,75,59,227,245,207,211,258,124,67,14,3
경기도 성남시 중원구 (4113300000),208846,208846,11802,15384,29068,30388,31088,36421,32250,15271,6303,838,33,105818,105818,6018,7970,15083,16479,16277,18549,15915,7026,2340,153,8,103028,103028,5784,7414,13985,13909,14811,17872,16335,8245,3963,685,25
경기도 성남시 중원구 성남동(4113351000),33728,33728,1432,1857,5638,5878,4696,5469,4915,2554,1135,145,9,17579,17579,719,949,2887,3382,2635,2863,2473,1186,447,35,3,16149,16149,713,908,2751,2496,2061,2606,2442,1368,688,110,6
경기도 성남시 중원구 중앙동(4113352500),11666,11666,759,766,1296,1586,1878,2110,1940,942,338,50,1,6126,6126,403,413,708,849,1002,1163,1009,425,143,10,1,5540,5540,356,353,588,737,876,947,931,517,195,40,0
경기도 성남시 중원구 금광1동(4113353000),6611,6611,362,418,824,1057,948,1156,1133,492,192,26,3,3405,3405,179,225,420,578,522,585,581,229,81,5,0,3206,3206,183,193,404,479,426,571,552,263,111,21,3
경기도 성남시 중원구 금광2동(4113354000),25716,25716,1351,1880,3729,3763,3815,4346,4032,1897,801,97,5,12691,12691,684,930,1838,1979,1947,2171,1926,887,310,19,0,13025,13025,667,950,1891,1784,1868,2175,2106,1010,491,78,5
경기도 성남시 중원구 은행1동(4113355000),10255,10255,556,937,1777,1345,1485,1722,1371,718,316,28,0,5058,5058,314,463,878,706,726,854,672,330,111,4,0,5197,5197,242,474,899,639,759,868,699,388,205,24,0
경기도 성남시 중원구 은행2동(4113356000),23616,23616,1095,1793,3462,2997,3380,4307,3614,2004,870,94,0,11676,11676,557,943,1814,1638,1696,2161,1701,827,321,18,0,11940,11940,538,850,1648,1359,1684,2146,1913,1177,549,76,0
경기도 성남시 중원구 상대원1동(4113357000),25107,25107,1513,1674,3203,3971,3767,4422,3999,1730,726,100,2,13050,13050,767,882,1750,2223,2083,2270,1996,794,266,18,1,12057,12057,746,792,1453,1748,1684,2152,2003,936,460,82,1
경기도 성남시 중원구 상대원2동(4113358000),12497,12497,415,829,1515,1431,1757,2607,2343,1095,440,58,7,6500,6500,206,419,815,813,965,1435,1181,513,144,6,3,5997,5997,209,410,700,618,792,1172,1162,582,296,52,4
경기도 성남시 중원구 상대원3동(4113359000),12186,12186,479,820,1671,1579,1641,2389,2161,1022,378,45,1,6367,6367,244,429,882,912,890,1280,1105,488,131,6,0,5819,5819,235,391,789,667,751,1109,1056,534,247,39,1
경기도 성남시 중원구 하대원동(4113366000),20304,20304,1278,1651,2842,2787,2844,3670,3339,1308,495,86,4,10234,10234,625,896,1510,1479,1449,1763,1710,622,167,13,0,10070,10070,653,755,1332,1308,1395,1907,1629,686,328,73,4
경기도 성남시 중원구 도촌동(4113367000),27160,27160,2562,2759,3111,3994,4877,4223,3403,1509,612,109,1,13132,13132,1320,1421,1581,1920,2362,2004,1561,725,219,19,0,14028,14028,1242,1338,1530,2074,2515,2219,1842,784,393,90,1
경기도 성남시 분당구 (4113500000),484318,484318,38192,52898,62950,69316,85212,78915,54344,25993,13864,2551,83,234840,234840,19566,27054,31663,33622,39750,38707,26443,11808,5503,702,22,249478,249478,18626,25844,31287,35694,45462,40208,27901,14185,8361,1849,61
경기도 성남시 분당구 분당동(4113551000),25659,25659,1771,2849,3547,3511,4321,4201,3113,1431,774,135,6,12578,12578,894,1490,1835,1795,2017,2018,1487,667,333,41,1,13081,13081,877,1359,1712,1716,2304,2183,1626,764,441,94,5
경기도 성남시 분당구 수내1동(4113552000),17782,17782,1195,2176,2342,2302,3576,3006,1469,905,689,120,2,8463,8463,617,1120,1151,1071,1580,1533,718,365,267,41,0,9319,9319,578,1056,1191,1231,1996,1473,751,540,422,79,2
경기도 성남시 분당구 수내2동(4113553000),10390,10390,1083,1954,923,774,2515,1569,792,453,278,46,3,5068,5068,529,999,497,314,1139,873,385,209,114,7,2,5322,5322,554,955,426,460,1376,696,407,244,164,39,1
경기도 성남시 분당구 수내3동(4113554000),13669,13669,886,2359,1813,1411,2997,2207,1185,512,264,33,2,6831,6831,469,1217,951,741,1368,1157,587,233,101,7,0,6838,6838,417,1142,862,670,1629,1050,598,279,163,26,2
경기도 성남시 분당구 정자동(4113554500),19206,19206,1331,1809,2967,3301,3085,2907,2192,1082,447,83,2,9649,9649,676,944,1576,1752,1473,1430,1056,526,201,15,0,9557,9557,655,865,1391,1549,1612,1477,1136,556,246,68,2
경기도 성남시 분당구 정자1동(4113555000),30373,30373,1900,3248,4546,4752,5726,4833,2666,1598,968,129,7,14299,14299,950,1609,2061,2184,2535,2411,1298,739,457,50,5,16074,16074,950,1639,2485,2568,3191,2422,1368,859,511,79,2
경기도 성남시 분당구 정자2동(4113556000),15167,15167,842,1262,1842,2818,2429,2338,1831,1020,662,119,4,7171,7171,462,679,911,1423,1097,1132,858,400,183,26,0,7996,7996,380,583,931,1395,1332,1206,973,620,479,93,4
경기도 성남시 분당구 정자3동(4113557000),17017,17017,1540,1967,2098,2456,3131,2747,1570,829,562,115,2,8250,8250,788,1012,1083,1182,1462,1370,747,339,228,37,2,8767,8767,752,955,1015,1274,1669,1377,823,490,334,78,0
경기도 성남시 분당구 서현1동(4113558000),31604,31604,2225,4196,4270,4168,5975,5126,3003,1510,947,178,6,15269,15269,1161,2112,2113,2029,2731,2548,1468,664,391,51,1,16335,16335,1064,2084,2157,2139,3244,2578,1535,846,556,127,5
경기도 성남시 분당구 서현2동(4113559000),18075,18075,1278,2152,2569,2324,2980,3287,2119,816,460,90,0,8935,8935,672,1130,1361,1175,1357,1586,1065,387,182,20,0,9140,9140,606,1022,1208,1149,1623,1701,1054,429,278,70,0
경기도 성남시 분당구 이매1동(4113560000),25125,25125,2079,2991,3136,3444,4281,4171,2812,1380,671,155,5,12271,12271,1084,1512,1616,1688,1966,2076,1350,650,286,40,3,12854,12854,995,1479,1520,1756,2315,2095,1462,730,385,115,2
경기도 성남시 분당구 이매2동(4113561000),13289,13289,936,1738,1708,1306,2185,2414,1712,792,411,85,2,6468,6468,468,915,883,592,957,1184,882,388,172,25,2,6821,6821,468,823,825,714,1228,1230,830,404,239,60,0
경기도 성남시 분당구 야탑1동(4113562000),17149,17149,1196,1243,2576,2728,2604,2641,2373,1199,496,89,4,8493,8493,591,648,1328,1397,1284,1280,1174,559,205,26,1,8656,8656,605,595,1248,1331,1320,1361,1199,640,291,63,3
경기도 성남시 분당구 야탑2동(4113563000),16283,16283,1190,1713,1905,2031,2678,2494,2341,1203,622,103,3,7728,7728,590,859,926,941,1232,1187,1143,562,254,33,1,8555,8555,600,854,979,1090,1446,1307,1198,641,368,70,2
경기도 성남시 분당구 야탑3동(4113564000),27984,27984,1983,1865,3778,5114,4070,4355,4045,1781,840,144,9,13767,13767,1031,926,1947,2766,2055,2017,1921,793,286,24,1,14217,14217,952,939,1831,2348,2015,2338,2124,988,554,120,8
경기도 성남시 분당구 판교동(4113565000),26438,26438,3050,3661,2650,3421,5596,4163,2477,970,383,64,3,13042,13042,1570,1933,1333,1499,2646,2165,1256,469,157,13,1,13396,13396,1480,1728,1317,1922,2950,1998,1221,501,226,51,2
경기도 성남시 분당구 삼평동(4113565500),24466,24466,2443,2934,3005,3401,4554,4026,2547,1014,463,75,4,11874,11874,1255,1479,1500,1547,2192,2003,1223,476,181,17,1,12592,12592,1188,1455,1505,1854,2362,2023,1324,538,282,58,3
경기도 성남시 분당구 백현동(4113565700),26797,26797,2394,3014,3624,3411,4570,4821,3123,1245,502,92,1,12924,12924,1231,1560,1813,1604,2149,2264,1521,578,183,21,0,13873,13873,1163,1454,1811,1807,2421,2557,1602,667,319,71,1
경기도 성남시 분당구 금곡동(4113566200),27685,27685,1756,2220,3665,4367,4173,4517,3647,1999,1116,220,5,13034,13034,910,1096,1778,2112,1939,2123,1720,867,424,65,0,14651,14651,846,1124,1887,2255,2234,2394,1927,1132,692,155,5
경기도 성남시 분당구 구미1동(4113566500),16967,16967,1193,1479,2529,2633,2754,2827,2000,939,512,99,2,8198,8198,613,720,1239,1316,1327,1357,967,416,212,31,0,8769,8769,580,759,1290,1317,1427,1470,1033,523,300,68,2
경기도 성남시 분당구 구미동(4113567000),30380,30380,2042,2516,4051,4468,4680,5065,3853,2117,1300,278,10,14473,14473,994,1310,2038,2177,2149,2418,1864,939,489,94,1,15907,15907,1048,1206,2013,2291,2531,2647,1989,1178,811,184,9
경기도 성남시 분당구 운중동(4113568000),32813,32813,3879,3552,3406,5175,6332,5200,3474,1198,497,99,1,16055,16055,2011,1784,1723,2317,3095,2575,1753,582,197,18,0,16758,16758,1868,1768,1683,2858,3237,2625,1721,616,300,81,1
경기도 의정부시 (4115000000),464358,464358,32355,41486,63633,60029,73273,81674,62753,31436,15667,1998,54,228485,228485,16764,21259,32092,30752,36943,40118,30400,13831,5856,459,11,235873,235873,15591,20227,31541,29277,36330,41556,32353,17605,9811,1539,43
경기도 의정부시 의정부1동(4115051000),32667,32667,1079,1613,6694,5268,4336,5453,4786,2188,1101,145,4,16665,16665,583,806,3058,2891,2451,2978,2473,993,402,30,0,16002,16002,496,807,3636,2377,1885,2475,2313,1195,699,115,4
경기도 의정부시 의정부2동(4115052000),31209,31209,1646,2069,5373,4595,4620,5397,4317,2098,975,116,3,15482,15482,869,1103,2622,2458,2389,2675,2057,897,379,32,1,15727,15727,777,966,2751,2137,2231,2722,2260,1201,596,84,2
경기도 의정부시 호원1동(4115054500),35898,35898,2033,2776,4586,4276,5499,6109,5451,3529,1480,153,6,17456,17456,1059,1385,2243,2171,2828,2993,2503,1598,633,40,3,18442,18442,974,1391,2343,2105,2671,3116,2948,1931,847,113,3
경기도 의정부시 호원2동(4115055500),34366,34366,2165,3237,4363,3720,5382,6009,4757,3021,1533,175,4,16573,16573,1117,1622,2212,1886,2578,2963,2201,1282,644,66,2,17793,17793,1048,1615,2151,1834,2804,3046,2556,1739,889,109,2
경기도 의정부시 장암동(4115056100),19973,19973,1315,1963,2248,2126,3262,3365,2981,1716,880,112,5,9541,9541,673,1001,1129,1056,1613,1585,1437,720,305,21,1,10432,10432,642,962,1119,1070,1649,1780,1544,996,575,91,4
경기도 의정부시 신곡1동(4115056700),41817,41817,2462,3511,5735,4761,6241,8317,6291,2915,1413,169,2,20527,20527,1301,1776,2982,2459,3074,3985,3084,1320,512,34,0,21290,21290,1161,1735,2753,2302,3167,4332,3207,1595,901,135,2
경기도 의정부시 신곡2동(4115056800),47137,47137,3182,4787,6565,5375,7204,8812,6584,2912,1497,216,3,22819,22819,1660,2502,3332,2690,3492,4142,3151,1272,535,43,0,24318,24318,1522,2285,3233,2685,3712,4670,3433,1640,962,173,3
경기도 의정부시 송산1동(4115057300),47635,47635,4198,4083,6139,7452,7552,8225,5975,2449,1361,195,6,23628,23628,2153,2107,3158,3817,3874,3932,2957,1125,471,33,1,24007,24007,2045,1976,2981,3635,3678,4293,3018,1324,890,162,5
경기도 의정부시 송산2동(4115057600),33092,33092,2542,4072,4465,3612,5933,6139,3267,1878,1032,147,5,16372,16372,1334,2073,2351,1794,2874,3127,1599,788,399,32,1,16720,16720,1208,1999,2114,1818,3059,3012,1668,1090,633,115,4
경기도 의정부시 송산3동(4115057800),46670,46670,6100,5404,4849,7503,9480,6364,4210,1847,797,113,3,22638,22638,3108,2728,2394,3537,4744,3069,1960,825,245,27,1,24032,24032,2992,2676,2455,3966,4736,3295,2250,1022,552,86,2
경기도 의정부시 자금동(4115058000),27153,27153,1776,2402,3868,3200,3984,5123,3788,1834,1046,129,3,13282,13282,895,1226,1982,1647,1985,2492,1840,799,380,35,1,13871,13871,881,1176,1886,1553,1999,2631,1948,1035,666,94,2
경기도 의정부시 가능동(4115059500),25771,25771,1444,1923,3419,3258,3682,4883,4059,2018,976,104,5,12888,12888,735,1005,1808,1763,1875,2406,2026,890,362,18,0,12883,12883,709,918,1611,1495,1807,2477,2033,1128,614,86,5
경기도 의정부시 흥선동(4115061500),19555,19555,1141,1575,2553,2443,2770,3578,3106,1504,790,92,3,9937,9937,599,810,1370,1330,1492,1802,1572,649,297,16,0,9618,9618,542,765,1183,1113,1278,1776,1534,855,493,76,3
경기도 의정부시 녹양동(4115062000),21415,21415,1272,2071,2776,2440,3328,3900,3181,1527,786,132,2,10677,10677,678,1115,1451,1253,1674,1969,1540,673,292,32,0,10738,10738,594,956,1325,1187,1654,1931,1641,854,494,100,2
경기도 안양시 (4117000000),549724,549724,37733,50520,73916,78459,85682,96159,76909,32721,15211,2348,66,271732,271732,19201,26179,38256,40439,42287,46713,37549,15146,5405,547,10,277992,277992,18532,24341,35660,38020,43395,49446,39360,17575,9806,1801,56
경기도 안양시 만안구 (4117100000),235843,235843,14332,17767,32654,32834,33668,42245,36851,16821,7568,1073,30,117920,117920,7214,9278,17013,17341,17399,20701,18078,7862,2788,244,2,117923,117923,7118,8489,15641,15493,16269,21544,18773,8959,4780,829,28
경기도 안양시 만안구 안양1동(4117151000),12294,12294,805,1012,1853,1791,1844,2214,1653,755,309,56,2,6148,6148,402,521,926,918,939,1118,815,364,128,17,0,6146,6146,403,491,927,873,905,1096,838,391,181,39,2
경기도 안양시 만안구 안양2동(4117152000),20971,20971,1074,1371,3196,2863,2753,3837,3433,1638,700,101,5,10520,10520,525,714,1601,1560,1455,1855,1743,785,260,22,0,10451,10451,549,657,1595,1303,1298,1982,1690,853,440,79,5
경기도 안양시 만안구 안양3동(4117153000),16374,16374,727,1232,2364,2063,2246,2947,2867,1326,543,59,0,8129,8129,378,640,1253,1133,1145,1417,1361,589,199,14,0,8245,8245,349,592,1111,930,1101,1530,1506,737,344,45,0
경기도 안양시 만안구 안양4동(4117154000),6912,6912,226,441,992,881,941,1235,1123,654,367,51,1,3447,3447,122,211,483,489,527,642,540,266,145,22,0,3465,3465,104,230,509,392,414,593,583,388,222,29,1
경기도 안양시 만안구 안양5동(4117155000),10179,10179,420,703,1344,1251,1397,1820,1804,910,468,61,1,5042,5042,216,371,711,661,724,909,855,412,169,14,0,5137,5137,204,332,633,590,673,911,949,498,299,47,1
경기도 안양시 만안구 안양6동(4117156000),26584,26584,1855,1575,3943,5210,3867,4218,3587,1512,720,95,2,13530,13530,904,817,1999,2830,2091,2100,1760,736,263,30,0,13054,13054,951,758,1944,2380,1776,2118,1827,776,457,65,2
경기도 안양시 만안구 안양7동(4117157000),15220,15220,1646,1247,1801,2516,2604,2465,1819,787,282,52,1,7451,7451,802,627,902,1190,1346,1224,875,363,114,8,0,7769,7769,844,620,899,1326,1258,1241,944,424,168,44,1
경기도 안양시 만안구 안양8동(4117158000),10286,10286,385,605,1470,1362,1335,1920,1932,862,363,48,4,5345,5345,202,307,817,824,732,970,941,395,151,6,0,4941,4941,183,298,653,538,603,950,991,467,212,42,4
경기도 안양시 만안구 안양9동(4117158100),17084,17084,856,1165,2213,2142,2196,3133,3133,1486,675,81,4,8433,8433,420,597,1190,1158,1134,1466,1514,686,248,19,1,8651,8651,436,568,1023,984,1062,1667,1619,800,427,62,3
경기도 안양시 만안구 석수1동(4117159000),19223,19223,1246,1437,2403,2582,2734,3471,3150,1440,638,122,0,9433,9433,667,774,1258,1294,1322,1630,1519,720,227,22,0,9790,9790,579,663,1145,1288,1412,1841,1631,720,411,100,0
경기도 안양시 만안구 석수2동(4117160000),30990,30990,1882,2477,4235,3921,4503,5897,4656,2226,1039,149,5,15515,15515,962,1339,2224,1987,2335,2893,2337,1018,386,34,0,15475,15475,920,1138,2011,1934,2168,3004,2319,1208,653,115,5
경기도 안양시 만안구 석수3동(4117161000),12976,12976,776,1224,1812,1421,1901,2474,2072,851,396,49,0,6534,6534,368,657,1017,732,949,1229,1055,394,125,8,0,6442,6442,408,567,795,689,952,1245,1017,457,271,41,0
경기도 안양시 만안구 박달1동(4117162100),14736,14736,590,1050,2021,1624,1977,2965,2547,1280,605,74,3,7395,7395,283,535,1045,918,1028,1533,1240,587,212,13,1,7341,7341,307,515,976,706,949,1432,1307,693,393,61,2
경기도 안양시 만안구 박달2동(4117163000),22014,22014,1844,2228,3007,3207,3370,3649,3075,1094,463,75,2,10998,10998,963,1168,1587,1647,1672,1715,1523,547,161,15,0,11016,11016,881,1060,1420,1560,1698,1934,1552,547,302,60,2
경기도 안양시 동안구 (4117300000),313881,313881,23401,32753,41262,45625,52014,53914,40058,15900,7643,1275,36,153812,153812,11987,16901,21243,23098,24888,26012,19471,7284,2617,303,8,160069,160069,11414,15852,20019,22527,27126,27902,20587,8616,5026,972,28
경기도 안양시 동안구 비산1동(4117351000),26356,26356,2334,2430,3331,4024,4133,4490,3639,1331,550,94,0,12912,12912,1214,1268,1698,1980,2002,2120,1754,645,209,22,0,13444,13444,1120,1162,1633,2044,2131,2370,1885,686,341,72,0
경기도 안양시 동안구 비산2동(4117352000),14498,14498,1323,1327,1829,2254,2246,2489,1951,738,289,51,1,7072,7072,693,645,942,1101,1120,1163,955,355,90,8,0,7426,7426,630,682,887,1153,1126,1326,996,383,199,43,1
경기도 안양시 동안구 비산3동(4117353000),12019,12019,550,877,1714,1562,1536,2306,2058,907,441,65,3,6040,6040,269,494,941,844,768,1111,1035,419,142,17,0,5979,5979,281,383,773,718,768,1195,1023,488,299,48,3
경기도 안양시 동안구 부흥동(4117354000),16732,16732,1185,2126,1983,2000,3047,2732,2169,969,441,79,1,8011,8011,639,1095,1028,962,1390,1322,989,426,140,19,1,8721,8721,546,1031,955,1038,1657,1410,1180,543,301,60,0
경기도 안양시 동안구 달안동(4117354600),10372,10372,570,629,1341,2171,1630,1632,1348,595,388,68,0,4694,4694,289,333,603,1091,748,728,576,204,113,9,0,5678,5678,281,296,738,1080,882,904,772,391,275,59,0
경기도 안양시 동안구 관양1동(4117355000),35227,35227,1721,2694,5398,4539,4554,6751,5735,2476,1174,182,3,17186,17186,892,1447,2850,2422,2174,3158,2711,1103,381,48,0,18041,18041,829,1247,2548,2117,2380,3593,3024,1373,793,134,3
경기도 안양시 동안구 관양2동(4117356000),18669,18669,1115,1360,2800,2893,2812,3377,2575,1131,529,73,4,9479,9479,562,670,1512,1602,1423,1687,1282,518,204,19,0,9190,9190,553,690,1288,1291,1389,1690,1293,613,325,54,4
경기도 안양시 동안구 부림동(4117356600),26347,26347,1948,2268,3465,5499,4745,4003,2678,1068,589,82,2,12755,12755,963,1153,1682,2860,2293,1892,1264,435,190,22,1,13592,13592,985,1115,1783,2639,2452,2111,1414,633,399,60,1
경기도 안양시 동안구 평촌동(4117357000),14361,14361,1166,1596,1985,1772,2308,2876,1640,624,348,41,5,7054,7054,592,806,1036,860,1076,1397,847,294,131,14,1,7307,7307,574,790,949,912,1232,1479,793,330,217,27,4
경기도 안양시 동안구 평안동(4117357600),23162,23162,2189,3646,2409,3019,5048,3477,2038,782,467,83,4,11277,11277,1101,1909,1238,1412,2342,1773,995,347,141,19,0,11885,11885,1088,1737,1171,1607,2706,1704,1043,435,326,64,4
경기도 안양시 동안구 귀인동(4117357800),16443,16443,1255,3413,1749,1185,3822,2715,1365,568,320,49,2,8112,8112,698,1799,876,517,1720,1427,685,256,118,15,1,8331,8331,557,1614,873,668,2102,1288,680,312,202,34,1
경기도 안양시 동안구 호계1동(4117358000),18087,18087,2441,1622,1914,3782,3349,2395,1718,607,210,46,3,9098,9098,1248,844,960,1868,1757,1200,829,307,79,5,1,8989,8989,1193,778,954,1914,1592,1195,889,300,131,41,2
경기도 안양시 동안구 호계2동(4117359000),19554,19554,1314,1523,2971,3041,2627,3603,2934,1032,437,71,1,9648,9648,676,784,1541,1589,1263,1696,1448,473,158,19,1,9906,9906,638,739,1430,1452,1364,1907,1486,559,279,52,0
경기도 안양시 동안구 호계3동(4117360000),22950,22950,1701,2019,3248,3312,3397,4216,3387,1102,481,84,3,11478,11478,874,991,1703,1717,1716,1995,1720,586,159,16,1,11472,11472,827,1028,1545,1595,1681,2221,1667,516,322,68,2
경기도 안양시 동안구 범계동(4117361000),15548,15548,1102,2151,1996,2033,2850,2636,1586,692,412,90,0,7451,7451,546,1125,982,981,1269,1293,788,297,142,28,0,8097,8097,556,1026,1014,1052,1581,1343,798,395,270,62,0
경기도 안양시 동안구 신촌동(4117362000),12697,12697,865,1529,1691,1526,2078,2315,1757,636,250,50,0,6253,6253,435,793,875,781,965,1113,879,312,90,10,0,6444,6444,430,736,816,745,1113,1202,878,324,160,40,0
경기도 안양시 동안구 갈산동(4117363000),10859,10859,622,1543,1438,1013,1832,1901,1480,642,317,67,4,5292,5292,296,745,776,511,862,937,714,307,130,13,1,5567,5567,326,798,662,502,970,964,766,335,187,54,3
경기도 부천시 (4119000000),801503,801503,51652,67213,109471,111137,124427,143893,120282,48502,21497,3304,125,397002,397002,26575,34399,56445,57310,62817,69785,58846,22673,7397,725,30,404501,404501,25077,32814,53026,53827,61610,74108,61436,25829,14100,2579,95
경기도 부천시 심곡동(4119060300),62965,62965,2793,3676,9713,9131,9257,11384,10205,4669,1859,271,7,32062,32062,1495,1858,4927,5092,5095,5811,4888,2186,670,40,0,30903,30903,1298,1818,4786,4039,4162,5573,5317,2483,1189,231,7
경기도 부천시 부천동(4119060600),88912,88912,4997,6872,12319,11796,13379,16318,14058,6143,2672,336,22,44379,44379,2532,3587,6461,6111,6923,8090,6779,2852,948,88,8,44533,44533,2465,3285,5858,5685,6456,8228,7279,3291,1724,248,14
경기도 부천시 중동(4119061000),40769,40769,2437,3741,5681,5199,6082,7416,6389,2475,1136,207,6,20091,20091,1247,1917,2936,2648,2993,3550,3155,1210,385,50,0,20678,20678,1190,1824,2745,2551,3089,3866,3234,1265,751,157,6
경기도 부천시 신중동(4119074200),129535,129535,9229,10873,18024,21024,20406,22134,18346,6224,2760,497,18,62529,62529,4713,5473,8822,10416,9847,10212,9072,2971,898,103,2,67006,67006,4516,5400,9202,10608,10559,11922,9274,3253,1862,394,16
경기도 부천시 상동(4119074400),84427,84427,7157,9510,11380,12022,14602,15164,9888,3043,1394,260,7,41445,41445,3676,4850,5793,5809,6883,7291,5137,1491,455,59,1,42982,42982,3481,4660,5587,6213,7719,7873,4751,1552,939,201,6
경기도 부천시 대산동(4119074600),80756,80756,4311,6124,10939,11045,11884,14371,13152,5983,2566,364,17,39855,39855,2208,3158,5701,5888,6060,6841,6178,2777,959,80,5,40901,40901,2103,2966,5238,5157,5824,7530,6974,3206,1607,284,12
경기도 부천시 소사본동(4119075000),55931,55931,3604,4074,7235,7928,7683,9745,9565,4168,1668,250,11,27558,27558,1874,2054,3781,4178,3841,4562,4604,1993,607,60,4,28373,28373,1730,2020,3454,3750,3842,5183,4961,2175,1061,190,7
경기도 부천시 범안동(4119079500),93932,93932,8746,9359,10392,12995,17379,14319,12434,5462,2434,392,20,45994,45994,4527,4699,5366,6310,8815,6869,5896,2573,848,84,7,47938,47938,4219,4660,5026,6685,8564,7450,6538,2889,1586,308,13
경기도 부천시 성곡동(4119080000),81959,81959,3930,6507,11859,9552,11652,16641,13297,5390,2739,382,10,40986,40986,1995,3396,6270,5134,5952,8258,6631,2359,905,85,1,40973,40973,1935,3111,5589,4418,5700,8383,6666,3031,1834,297,9
경기도 부천시 오정동(4119083000),82317,82317,4448,6477,11929,10445,12103,16401,12948,4945,2269,345,7,42103,42103,2308,3407,6388,5724,6408,8301,6506,2261,722,76,2,40214,40214,2140,3070,5541,4721,5695,8100,6442,2684,1547,269,5
경기도 광명시 (4121000000),290756,290756,21241,29236,36023,39235,49324,48986,39617,17868,8040,1151,35,143275,143275,10834,15061,18703,20042,24250,24404,18853,8129,2738,252,9,147481,147481,10407,14175,17320,19193,25074,24582,20764,9739,5302,899,26
경기도 광명시 광명1동(4121051000),144,144,0,4,5,15,22,41,39,13,3,2,0,78,78,0,3,3,8,11,27,18,5,2,1,0,66,66,0,1,2,7,11,14,21,8,1,1,0
경기도 광명시 광명2동(4121052000),3127,3127,96,181,358,362,431,569,617,361,140,12,0,1567,1567,58,86,196,213,227,287,284,165,47,4,0,1560,1560,38,95,162,149,204,282,333,196,93,8,0
경기도 광명시 광명3동(4121054000),9837,9837,311,625,1186,1168,1334,1870,1882,972,441,47,1,4805,4805,160,334,633,669,675,909,845,410,163,7,0,5032,5032,151,291,553,499,659,961,1037,562,278,40,1
경기도 광명시 광명4동(4121055000),12966,12966,589,821,1591,1695,1774,2288,2446,1239,458,65,0,6347,6347,280,417,824,908,905,1131,1152,558,158,14,0,6619,6619,309,404,767,787,869,1157,1294,681,300,51,0
경기도 광명시 광명5동(4121056000),12434,12434,719,1089,1478,1480,2034,2082,2054,1005,439,54,0,6126,6126,382,569,809,756,1027,1011,951,454,156,11,0,6308,6308,337,520,669,724,1007,1071,1103,551,283,43,0
경기도 광명시 광명6동(4121057000),10335,10335,693,1097,1198,1155,1716,1784,1585,775,304,28,0,5093,5093,334,571,606,601,843,882,766,364,119,7,0,5242,5242,359,526,592,554,873,902,819,411,185,21,0
경기도 광명시 광명7동(4121058000),21279,21279,1583,1736,2695,3132,3316,3474,3233,1482,543,84,1,10513,10513,781,867,1432,1605,1698,1680,1515,720,197,18,0,10766,10766,802,869,1263,1527,1618,1794,1718,762,346,66,1
경기도 광명시 철산1동(4121059000),10844,10844,774,1364,1459,1435,1937,1852,1255,521,221,25,1,5384,5384,389,720,776,734,895,910,628,241,87,4,0,5460,5460,385,644,683,701,1042,942,627,280,134,21,1
경기도 광명시 철산2동(4121060000),5711,5711,182,362,827,720,783,1191,974,416,228,27,1,3039,3039,84,190,436,426,429,662,527,195,85,5,0,2672,2672,98,172,391,294,354,529,447,221,143,22,1
경기도 광명시 철산3동(4121061000),36274,36274,3204,4522,4444,4203,6690,6117,4444,1735,792,122,1,17797,17797,1589,2342,2316,1993,3161,3051,2171,844,303,26,1,18477,18477,1615,2180,2128,2210,3529,3066,2273,891,489,96,0
경기도 광명시 철산4동(4121062000),12865,12865,934,1112,1561,2239,2171,2130,1635,771,279,30,3,6442,6442,489,571,825,1151,1091,1073,784,360,91,5,2,6423,6423,445,541,736,1088,1080,1057,851,411,188,25,1
경기도 광명시 하안1동(4121063100),25697,25697,2017,3117,3066,2868,4768,4462,3318,1369,609,98,5,12814,12814,1047,1598,1624,1452,2312,2262,1641,654,201,23,0,12883,12883,970,1519,1442,1416,2456,2200,1677,715,408,75,5
경기도 광명시 하안2동(4121063200),13691,13691,892,960,1666,2506,2251,2164,1778,847,537,88,2,6442,6442,448,481,843,1293,1111,1028,741,339,141,17,0,7249,7249,444,479,823,1213,1140,1136,1037,508,396,71,2
경기도 광명시 하안3동(4121063300),19732,19732,1298,1697,2346,2703,3204,3311,2713,1430,894,126,10,9332,9332,706,865,1173,1369,1578,1600,1218,542,252,27,2,10400,10400,592,832,1173,1334,1626,1711,1495,888,642,99,8
경기도 광명시 하안4동(4121063400),12219,12219,886,1299,1630,1950,2151,2092,1306,585,278,42,0,5922,5922,460,664,822,1014,998,1024,595,247,90,8,0,6297,6297,426,635,808,936,1153,1068,711,338,188,34,0
경기도 광명시 소하1동(4121064000),31463,31463,2669,4236,3633,3640,5926,5037,3868,1666,667,119,2,15341,15341,1366,2184,1853,1744,2819,2505,1834,787,219,30,0,16122,16122,1303,2052,1780,1896,3107,2532,2034,879,448,89,2
경기도 광명시 소하2동(4121065000),28265,28265,1729,2868,3585,3331,4380,4970,4312,2076,891,118,5,14125,14125,873,1505,1951,1801,2197,2494,2035,924,312,30,3,14140,14140,856,1363,1634,1530,2183,2476,2277,1152,579,88,2
경기도 광명시 일직동(4121065500),21790,21790,2607,2057,3112,4445,4218,3159,1634,375,145,37,1,10941,10941,1360,1035,1477,2194,2138,1638,854,193,40,11,1,10849,10849,1247,1022,1635,2251,2080,1521,780,182,105,26,0
경기도 광명시 학온동(4121066000),2083,2083,58,89,183,188,218,393,524,230,171,27,2,1167,1167,28,59,104,111,135,230,294,127,75,4,0,916,916,30,30,79,77,83,163,230,103,96,23,2
경기도 평택시 (4122000000),569369,569369,49711,54447,77697,87007,98547,92777,62447,29195,15423,2047,71,297227,297227,25249,28017,43387,48196,52846,49065,31481,12957,5532,484,13,272142,272142,24462,26430,34310,38811,45701,43712,30966,16238,9891,1563,58
경기도 평택시 팽성읍(4122025000),29144,29144,1635,1908,3284,3359,4233,5206,4932,2708,1674,195,10,15286,15286,840,1002,1876,1947,2343,2935,2499,1186,610,45,3,13858,13858,795,906,1408,1412,1890,2271,2433,1522,1064,150,7
경기도 평택시 안중읍(4122025300),43657,43657,3550,5576,5843,5481,8288,7427,4241,2006,1091,149,5,22604,22604,1766,2814,3184,3065,4233,4070,2170,879,385,38,0,21053,21053,1784,2762,2659,2416,4055,3357,2071,1127,706,111,5
경기도 평택시 포승읍(4122025600),24686,24686,1695,1864,3389,3896,4672,4153,2917,1297,684,115,4,15017,15017,846,975,2257,2649,3061,2663,1654,637,245,30,0,9669,9669,849,889,1132,1247,1611,1490,1263,660,439,85,4
경기도 평택시 청북읍(4122025900),27204,27204,3699,3431,2369,4446,5805,3169,2447,1126,601,108,3,14485,14485,1899,1811,1326,2323,3252,1834,1247,558,214,21,0,12719,12719,1800,1620,1043,2123,2553,1335,1200,568,387,87,3
경기도 평택시 진위면(4122031000),11442,11442,442,794,1379,1409,1723,2086,1979,1037,524,67,2,6326,6326,216,400,849,929,1055,1126,1053,490,194,14,0,5116,5116,226,394,530,480,668,960,926,547,330,53,2
경기도 평택시 서탄면(4122032000),3646,3646,124,182,341,347,441,674,777,464,260,36,0,2030,2030,57,107,217,219,283,409,426,214,91,7,0,1616,1616,67,75,124,128,158,265,351,250,169,29,0
경기도 평택시 고덕면(4122033000),13402,13402,1029,885,1950,2148,1964,2316,1713,863,471,62,1,7177,7177,514,455,1174,1263,1133,1180,854,428,167,9,0,6225,6225,515,430,776,885,831,1136,859,435,304,53,1
경기도 평택시 오성면(4122034000),6631,6631,291,465,666,587,884,1228,1273,698,477,61,1,3560,3560,160,238,383,367,534,698,674,324,161,21,0,3071,3071,131,227,283,220,350,530,599,374,316,40,1
경기도 평택시 현덕면(4122037000),5040,5040,149,236,419,320,552,907,1145,774,460,75,3,2669,2669,84,121,255,195,337,528,600,370,158,20,1,2371,2371,65,115,164,125,215,379,545,404,302,55,2
경기도 평택시 중앙동(4122051000),44453,44453,2594,4561,7777,5334,7244,8308,5022,2298,1158,150,7,23197,23197,1278,2355,4555,3116,3750,4244,2493,983,388,34,1,21256,21256,1316,2206,3222,2218,3494,4064,2529,1315,770,116,6
경기도 평택시 서정동(4122052000),25294,25294,1138,2214,3624,3038,4075,4872,3487,1793,942,106,5,12943,12943,546,1169,2024,1730,2204,2510,1639,749,336,34,2,12351,12351,592,1045,1600,1308,1871,2362,1848,1044,606,72,3
경기도 평택시 송탄동(4122053500),22317,22317,2610,1955,2886,4129,4030,3454,2060,743,386,64,0,11664,11664,1350,972,1571,2205,2212,1763,1088,345,146,12,0,10653,10653,1260,983,1315,1924,1818,1691,972,398,240,52,0
경기도 평택시 지산동(4122055000),12977,12977,598,877,2546,2330,2153,2092,1302,698,343,36,2,7229,7229,283,429,1510,1478,1258,1169,656,298,144,4,0,5748,5748,315,448,1036,852,895,923,646,400,199,32,2
경기도 평택시 송북동(4122056000),22207,22207,1488,2085,2920,2600,3686,4157,3032,1400,712,120,7,11148,11148,747,1056,1604,1338,1920,2108,1513,580,249,31,2,11059,11059,741,1029,1316,1262,1766,2049,1519,820,463,89,5
경기도 평택시 신장1동(4122057000),7130,7130,549,487,1021,1285,1159,1118,795,431,245,39,1,3715,3715,280,245,591,709,651,597,398,152,83,9,0,3415,3415,269,242,430,576,508,521,397,279,162,30,1
경기도 평택시 신장2동(4122058000),5742,5742,154,281,723,695,779,968,1021,683,370,63,5,2989,2989,83,159,418,424,471,546,476,271,128,12,1,2753,2753,71,122,305,271,308,422,545,412,242,51,4
경기도 평택시 신평동(4122059000),22774,22774,927,1600,4108,3003,3304,4207,3138,1584,815,84,4,11923,11923,493,851,2255,1797,1788,2170,1558,680,310,19,2,10851,10851,434,749,1853,1206,1516,2037,1580,904,505,65,2
경기도 평택시 원평동(4122060000),13370,13370,770,827,2163,2273,1916,2228,1738,928,472,55,0,7010,7010,372,427,1234,1321,1038,1179,846,405,175,13,0,6360,6360,398,400,929,952,878,1049,892,523,297,42,0
경기도 평택시 통복동(4122061000),4048,4048,111,197,615,409,493,765,786,441,206,25,0,2130,2130,48,113,351,265,276,412,388,188,81,8,0,1918,1918,63,84,264,144,217,353,398,253,125,17,0
경기도 평택시 비전1동(4122062000),51678,51678,5369,6330,6546,7770,10101,8122,4487,1906,930,116,1,26021,26021,2776,3282,3492,3891,4961,4164,2248,836,342,29,0,25657,25657,2593,3048,3054,3879,5140,3958,2239,1070,588,87,1
경기도 평택시 비전2동(4122063000),56575,56575,5777,6346,7351,8553,9833,9358,5678,2330,1213,130,6,28094,28094,2969,3325,3771,4348,4750,4595,2821,1015,467,33,0,28481,28481,2808,3021,3580,4205,5083,4763,2857,1315,746,97,6
경기도 평택시 용이동(4122063500),26016,26016,3251,3249,3571,4554,5378,3461,1683,583,256,30,0,13694,13694,1728,1681,1903,2464,2837,1858,854,277,87,5,0,12322,12322,1523,1568,1668,2090,2541,1603,829,306,169,25,0
경기도 평택시 세교동(4122064000),29164,29164,2562,2715,4271,4374,4587,5320,3239,1317,704,73,2,14741,14741,1316,1364,2306,2349,2321,2649,1610,573,237,16,0,14423,14423,1246,1351,1965,2025,2266,2671,1629,744,467,57,2
경기도 평택시 동삭동(4122065000),37603,37603,5603,3602,4511,8767,7258,4481,2324,708,299,49,1,19391,19391,2852,1793,2378,4591,3967,2273,1104,327,97,9,0,18212,18212,2751,1809,2133,4176,3291,2208,1220,381,202,40,1
경기도 평택시 고덕동(4122066000),23169,23169,3596,1780,3424,5900,3989,2700,1231,379,130,39,1,12184,12184,1746,873,1903,3213,2211,1385,612,192,37,11,1,10985,10985,1850,907,1521,2687,1778,1315,619,187,93,28,0
경기도 송탄출장소 (4122200000),0,0,0,0,0,0,0,0,0,0,0,0,0,0,0,0,0,0,0,0,0,0,0,0,0,0,0,0,0,0,0,0,0,0,0,0,0,0,0
경기도 안중출장소 (4122400000),0,0,0,0,0,0,0,0,0,0,0,0,0,0,0,0,0,0,0,0,0,0,0,0,0,0,0,0,0,0,0,0,0,0,0,0,0,0,0
경기도 동두천시 (4125000000),93260,93260,5643,8397,10848,9843,13662,16498,14397,8447,4892,613,20,46540,46540,2889,4235,5862,5157,7036,8699,7106,3588,1798,165,5,46720,46720,2754,4162,4986,4686,6626,7799,7291,4859,3094,448,15
경기도 동두천시 생연1동(4125051000),6891,6891,435,557,759,735,878,1249,1218,633,388,39,0,3468,3468,238,269,412,395,460,651,613,271,144,15,0,3423,3423,197,288,347,340,418,598,605,362,244,24,0
경기도 동두천시 생연2동(4125052000),11776,11776,707,1224,1247,1146,1798,2013,1792,1104,683,62,0,5758,5758,357,634,674,564,912,1066,825,448,259,19,0,6018,6018,350,590,573,582,886,947,967,656,424,43,0
경기도 동두천시 중앙동(4125053500),4916,4916,148,189,425,438,548,960,1140,625,367,70,6,2587,2587,80,97,233,255,333,560,616,269,120,22,2,2329,2329,68,92,192,183,215,400,524,356,247,48,4
경기도 동두천시 보산동(4125055000),2962,2962,131,198,312,288,359,551,560,341,202,20,0,1437,1437,53,95,179,152,183,278,284,141,68,4,0,1525,1525,78,103,133,136,176,273,276,200,134,16,0
경기도 동두천시 불현동(4125056500),26751,26751,1677,2526,3270,2798,3931,4869,4009,2246,1259,162,4,13143,13143,855,1251,1770,1417,1946,2465,2002,938,452,46,1,13608,13608,822,1275,1500,1381,1985,2404,2007,1308,807,116,3
경기도 동두천시 송내동(4125056600),25749,25749,1888,2894,3405,3025,4336,4318,2897,1827,1025,132,2,12679,12679,955,1466,1797,1575,2159,2234,1326,738,398,30,1,13070,13070,933,1428,1608,1450,2177,2084,1571,1089,627,102,1
경기도 동두천시 소요동(4125058000),8924,8924,401,538,875,802,1195,1584,1763,1081,610,70,5,4645,4645,208,285,491,440,686,883,899,513,225,15,0,4279,4279,193,253,384,362,509,701,864,568,385,55,5
경기도 동두천시 상패동(4125060000),5291,5291,256,271,555,611,617,954,1018,590,358,58,3,2823,2823,143,138,306,359,357,562,541,270,132,14,1,2468,2468,113,133,249,252,260,392,477,320,226,44,2
경기도 안산시 (4127000000),650708,650708,40714,60606,103790,85093,102564,127733,81414,30607,15737,2376,74,333727,333727,20822,31142,55328,46447,52873,64820,42559,13956,5264,503,13,316981,316981,19892,29464,48462,38646,49691,62913,38855,16651,10473,1873,61
경기도 안산시 상록구 (4127100000),349566,349566,21193,32937,57064,43725,54692,69138,43328,17011,9057,1375,46,178494,178494,10833,16852,30459,23806,28009,35020,22556,7600,3032,319,8,171072,171072,10360,16085,26605,19919,26683,34118,20772,9411,6025,1056,38
경기도 안산시 상록구 일동(4127151000),24575,24575,1484,2351,3687,2961,4219,4765,2883,1443,680,98,4,12545,12545,755,1141,1907,1629,2232,2521,1486,622,229,23,0,12030,12030,729,1210,1780,1332,1987,2244,1397,821,451,75,4
경기도 안산시 상록구 이동(4127151500),23845,23845,964,1508,4371,3638,3779,4526,2974,1326,653,101,5,12799,12799,484,779,2301,2176,2163,2460,1569,612,233,22,0,11046,11046,480,729,2070,1462,1616,2066,1405,714,420,79,5
경기도 안산시 상록구 사동(4127152500),32301,32301,1608,2575,5853,4515,5141,6362,3286,1565,1176,210,10,16996,16996,839,1351,3249,2642,2782,3325,1746,671,327,61,3,15305,15305,769,1224,2604,1873,2359,3037,1540,894,849,149,7
경기도 안산시 상록구 사이동(4127153200),32443,32443,2217,3363,5158,4139,5250,6302,3875,1309,718,109,3,16437,16437,1161,1718,2743,2201,2664,3105,2005,578,239,23,0,16006,16006,1056,1645,2415,1938,2586,3197,1870,731,479,86,3
경기도 안산시 상록구 해양동(4127153700),41511,41511,4242,5540,7238,5514,7031,6922,3696,893,360,74,1,20978,20978,2093,2815,3933,2698,3393,3445,2010,457,123,11,0,20533,20533,2149,2725,3305,2816,3638,3477,1686,436,237,63,1
경기도 안산시 상록구 본오1동(4127154000),37269,37269,2278,3764,5828,4447,6442,7487,4180,1786,936,118,3,19371,19371,1192,1963,3132,2438,3367,3957,2209,753,333,26,1,17898,17898,1086,1801,2696,2009,3075,3530,1971,1033,603,92,2
경기도 안산시 상록구 본오2동(4127155000),26048,26048,1363,2544,4156,2922,4031,5440,3313,1393,769,114,3,12907,12907,691,1245,2154,1545,1955,2706,1711,598,269,33,0,13141,13141,672,1299,2002,1377,2076,2734,1602,795,500,81,3
경기도 안산시 상록구 본오3동(4127156000),19467,19467,810,1580,3299,2394,2830,4139,2608,1100,635,72,0,9702,9702,422,788,1716,1301,1420,2004,1326,473,232,20,0,9765,9765,388,792,1583,1093,1410,2135,1282,627,403,52,0
경기도 안산시 상록구 부곡동(4127157000),21603,21603,1264,2050,3292,2342,3366,4763,2774,1077,604,67,4,11116,11116,641,1017,1763,1306,1754,2488,1476,459,198,14,0,10487,10487,623,1033,1529,1036,1612,2275,1298,618,406,53,4
경기도 안산시 상록구 월피동(4127158000),37956,37956,2023,3371,6817,4549,5554,8009,4938,1644,912,133,6,19364,19364,1040,1798,3649,2480,2754,3989,2618,735,276,24,1,18592,18592,983,1573,3168,2069,2800,4020,2320,909,636,109,5
경기도 안산시 상록구 성포동(4127159000),26053,26053,1526,2354,4281,3326,3308,5422,3910,1172,619,132,3,12733,12733,798,1231,2226,1732,1505,2461,2005,544,194,35,2,13320,13320,728,1123,2055,1594,1803,2961,1905,628,425,97,1
경기도 안산시 상록구 반월동(4127160000),17421,17421,984,1197,2010,2064,2460,3157,3179,1603,665,100,2,8778,8778,491,627,1088,1125,1333,1542,1520,772,256,23,1,8643,8643,493,570,922,939,1127,1615,1659,831,409,77,1
경기도 안산시 상록구 안산동(4127161000),9074,9074,430,740,1074,914,1281,1844,1712,700,330,47,2,4768,4768,226,379,598,533,687,1017,875,326,123,4,0,4306,4306,204,361,476,381,594,827,837,374,207,43,2
경기도 안산시 단원구 (4127300000),301142,301142,19521,27669,46726,41368,47872,58595,38086,13596,6680,1001,28,155233,155233,9989,14290,24869,22641,24864,29800,20003,6356,2232,184,5,145909,145909,9532,13379,21857,18727,23008,28795,18083,7240,4448,817,23
경기도 안산시 단원구 와동(4127351000),38008,38008,2334,3660,5703,4836,6807,7556,4369,1763,848,127,5,20132,20132,1199,1926,3190,2754,3666,4061,2279,770,265,22,0,17876,17876,1135,1734,2513,2082,3141,3495,2090,993,583,105,5
경기도 안산시 단원구 고잔동(4127352500),21449,21449,1082,1717,4019,3146,3024,4136,2635,1087,535,67,1,10740,10740,542,881,2012,1755,1557,2045,1309,464,164,10,1,10709,10709,540,836,2007,1391,1467,2091,1326,623,371,57,0
경기도 안산시 단원구 중앙동(4127353200),24417,24417,1441,1935,5028,3887,3510,4265,3014,860,393,83,1,12152,12152,740,975,2472,2096,1725,2062,1518,441,110,13,0,12265,12265,701,960,2556,1791,1785,2203,1496,419,283,70,1
경기도 안산시 단원구 호수동(4127353500),43474,43474,3215,4969,7100,5408,6885,8796,5002,1271,697,129,2,21883,21883,1630,2568,3691,2764,3242,4286,2784,651,244,23,0,21591,21591,1585,2401,3409,2644,3643,4510,2218,620,453,106,2
경기도 안산시 단원구 원곡동(4127354500),6030,6030,268,314,440,593,893,1555,1097,565,282,22,1,3440,3440,136,159,271,349,534,963,633,278,111,6,0,2590,2590,132,155,169,244,359,592,464,287,171,16,1
경기도 안산시 단원구 백운동(4127355500),21405,21405,1603,1865,3044,3313,3097,4110,2949,1012,368,40,4,10753,10753,831,938,1570,1745,1563,1952,1505,507,135,6,1,10652,10652,772,927,1474,1568,1534,2158,1444,505,233,34,3
경기도 안산시 단원구 신길동(4127356500),22323,22323,1445,2366,2995,2697,3876,4364,2938,1065,494,82,1,11973,11973,737,1204,1731,1545,2165,2342,1536,516,179,18,0,10350,10350,708,1162,1264,1152,1711,2022,1402,549,315,64,1
경기도 안산시 단원구 초지동(4127357000),46866,46866,3586,4433,7204,7319,7766,8354,5029,1968,1025,177,5,24048,24048,1831,2266,3911,4032,4005,4175,2568,891,341,27,1,22818,22818,1755,2167,3293,3287,3761,4179,2461,1077,684,150,4
경기도 안산시 단원구 선부1동(4127358000),17489,17489,1232,1310,2530,2901,2639,3249,2354,814,403,55,2,8939,8939,649,681,1367,1592,1412,1566,1189,353,118,12,0,8550,8550,583,629,1163,1309,1227,1683,1165,461,285,43,2
경기도 안산시 단원구 선부2동(4127359000),16003,16003,807,1428,2472,1840,2562,3485,2139,827,390,50,3,8628,8628,399,784,1300,1035,1442,1940,1192,388,133,14,1,7375,7375,408,644,1172,805,1120,1545,947,439,257,36,2
경기도 안산시 단원구 선부3동(4127360000),34495,34495,2200,3314,5489,4744,5809,6792,4147,1258,660,81,1,17708,17708,1114,1718,2948,2579,2975,3384,2256,525,200,9,0,16787,16787,1086,1596,2541,2165,2834,3408,1891,733,460,72,1
경기도 안산시 단원구 대부동(4127361000),9183,9183,308,358,702,684,1004,1933,2413,1106,585,88,2,4837,4837,181,190,406,395,578,1024,1234,572,232,24,1,4346,4346,127,168,296,289,426,909,1179,534,353,64,1
경기도 고양시 (4128000000),1079277,1079277,76769,101359,144797,142834,175981,197670,136156,61848,36354,5353,156,527548,527548,39048,51769,73915,71141,85357,96726,68229,26691,13214,1416,42,551729,551729,37721,49590,70882,71693,90624,100944,67927,35157,23140,3937,114
경기도 고양시 덕양구 (4128100000),484656,484656,36621,41138,61600,69465,78171,84314,63684,30650,16648,2293,72,238877,238877,18626,20982,31650,34947,39166,41845,31627,13323,6109,583,19,245779,245779,17995,20156,29950,34518,39005,42469,32057,17327,10539,1710,53
경기도 고양시 덕양구 주교동(4128151000),13702,13702,463,988,1836,1444,1811,2934,2435,1114,586,86,5,7056,7056,241,556,1012,820,943,1524,1248,494,196,20,2,6646,6646,222,432,824,624,868,1410,1187,620,390,66,3
경기도 고양시 덕양구 원신동(4128152000),23519,23519,2777,2193,2092,3582,4441,3297,3091,1377,576,92,1,11253,11253,1379,1048,1092,1644,2231,1575,1418,625,224,17,0,12266,12266,1398,1145,1000,1938,2210,1722,1673,752,352,75,1
경기도 고양시 덕양구 흥도동(4128153000),29208,29208,3294,3278,2841,4108,6341,4009,3149,1447,641,97,3,14342,14342,1662,1647,1400,1928,3237,2013,1497,683,248,26,1,14866,14866,1632,1631,1441,2180,3104,1996,1652,764,393,71,2
경기도 고양시 덕양구 성사1동(4128154000),21814,21814,1191,1752,2951,2611,3258,4228,3234,1571,887,128,3,10859,10859,610,924,1553,1375,1653,2185,1568,637,328,25,1,10955,10955,581,828,1398,1236,1605,2043,1666,934,559,103,2
경기도 고양시 덕양구 성사2동(4128155000),11190,11190,551,960,1392,1290,1574,2082,1747,917,601,73,3,5417,5417,278,500,741,684,743,995,837,395,226,17,1,5773,5773,273,460,651,606,831,1087,910,522,375,56,2
경기도 고양시 덕양구 효자동(4128156000),17222,17222,2237,1293,1939,3397,3019,2234,1804,848,388,60,3,8403,8403,1107,609,904,1601,1590,1121,923,399,136,12,1,8819,8819,1130,684,1035,1796,1429,1113,881,449,252,48,2
경기도 고양시 덕양구 삼송1동(4128157600),19293,19293,1813,1358,2628,3838,3244,2716,2151,1025,467,50,3,9297,9297,905,680,1185,1831,1657,1294,1064,488,184,8,1,9996,9996,908,678,1443,2007,1587,1422,1087,537,283,42,2
경기도 고양시 덕양구 삼송2동(4128157700),27840,27840,2683,1645,3615,5626,4327,4046,3172,1821,805,100,0,13058,13058,1329,841,1633,2759,2155,1800,1450,779,288,24,0,14782,14782,1354,804,1982,2867,2172,2246,1722,1042,517,76,0
경기도 고양시 덕양구 창릉동(4128158000),23902,23902,2791,1736,2496,5576,4221,3054,2398,1068,489,70,3,11837,11837,1433,891,1161,2773,2178,1527,1149,500,200,25,0,12065,12065,1358,845,1335,2803,2043,1527,1249,568,289,45,3
경기도 고양시 덕양구 고양동(4128159000),29562,29562,1895,3030,3510,2942,4905,5238,4263,2425,1205,142,7,14865,14865,952,1585,1906,1522,2466,2768,2071,1072,471,50,2,14697,14697,943,1445,1604,1420,2439,2470,2192,1353,734,92,5
경기도 고양시 덕양구 관산동(4128160000),36251,36251,1874,2730,4099,3835,5399,7019,6354,3150,1564,217,10,18366,18366,964,1407,2246,2078,2870,3587,3147,1412,615,38,2,17885,17885,910,1323,1853,1757,2529,3432,3207,1738,949,179,8
경기도 고양시 덕양구 능곡동(4128161000),15200,15200,805,1127,2019,1762,2140,3032,2501,1116,613,83,2,7797,7797,439,603,1094,956,1065,1534,1320,521,247,18,0,7403,7403,366,524,925,806,1075,1498,1181,595,366,65,2
경기도 고양시 덕양구 화정1동(4128162100),37127,37127,1732,3397,5910,4332,5283,7377,4775,2434,1655,221,11,18016,18016,900,1743,2992,2206,2471,3577,2448,965,633,78,3,19111,19111,832,1654,2918,2126,2812,3800,2327,1469,1022,143,8
경기도 고양시 덕양구 화정2동(4128162200),32372,32372,2255,3505,4404,4172,5676,5942,3412,1694,1166,145,1,15707,15707,1142,1807,2236,2097,2616,2922,1762,664,408,53,0,16665,16665,1113,1698,2168,2075,3060,3020,1650,1030,758,92,1
경기도 고양시 덕양구 행주동(4128163000),18613,18613,652,1096,2751,2338,2440,3826,3185,1417,791,115,2,9740,9740,346,567,1514,1345,1351,2048,1665,610,273,21,0,8873,8873,306,529,1237,993,1089,1778,1520,807,518,94,2
경기도 고양시 덕양구 행신1동(4128164000),21394,21394,1215,1883,2824,2685,3239,4206,3069,1364,790,117,2,10402,10402,649,921,1434,1379,1578,2038,1543,548,283,29,0,10992,10992,566,962,1390,1306,1661,2168,1526,816,507,88,2
경기도 고양시 덕양구 행신2동(4128165000),31462,31462,2115,2578,4580,4947,4574,5805,3828,1778,1102,151,4,15437,15437,1082,1323,2421,2515,2219,2781,1962,724,371,38,1,16025,16025,1033,1255,2159,2432,2355,3024,1866,1054,731,113,3
경기도 고양시 덕양구 행신3동(4128165500),23941,23941,1349,2417,3579,2787,3517,5104,2866,1306,887,129,0,11405,11405,709,1199,1823,1330,1608,2379,1463,558,297,39,0,12536,12536,640,1218,1756,1457,1909,2725,1403,748,590,90,0
경기도 고양시 덕양구 행신4동(4128165600),20705,20705,933,2093,2985,2237,3208,4141,2957,1285,750,113,3,10307,10307,469,1072,1655,1198,1578,2103,1459,529,222,20,2,10398,10398,464,1021,1330,1039,1630,2038,1498,756,528,93,1
경기도 고양시 덕양구 화전동(4128166000),27946,27946,3920,1969,2744,5695,5277,3587,2833,1251,574,91,5,13934,13934,1997,1005,1395,2745,2798,1795,1363,604,207,23,2,14012,14012,1923,964,1349,2950,2479,1792,1470,647,367,68,3
경기도 고양시 덕양구 대덕동(4128167000),2393,2393,76,110,405,261,277,437,460,242,111,13,1,1379,1379,33,54,253,161,159,279,270,116,52,2,0,1014,1014,43,56,152,100,118,158,190,126,59,11,1
경기도 고양시 일산동구 (4128500000),299399,299399,19802,28454,42948,38388,49251,56821,37063,15534,9557,1541,40,145613,145613,10139,14603,21588,18981,23371,27584,18732,6752,3446,403,14,153786,153786,9663,13851,21360,19407,25880,29237,18331,8782,6111,1138,26
경기도 고양시 일산동구 식사동(4128551000),39760,39760,3961,5139,5102,4572,7721,7148,3778,1421,784,133,1,19372,19372,2047,2628,2554,2091,3609,3547,1970,599,293,34,0,20388,20388,1914,2511,2548,2481,4112,3601,1808,822,491,99,1
경기도 고양시 일산동구 중산1동(4128552500),21576,21576,1012,1761,3198,2323,2826,4471,3393,1405,1000,185,2,10440,10440,506,925,1699,1164,1368,2044,1740,596,341,57,0,11136,11136,506,836,1499,1159,1458,2427,1653,809,659,128,2
경기도 고양시 일산동구 중산2동(4128552600),24551,24551,2094,2382,3234,2969,4047,4624,3016,1293,776,114,2,11804,11804,1071,1233,1690,1462,1933,2131,1417,573,267,27,0,12747,12747,1023,1149,1544,1507,2114,2493,1599,720,509,87,2
경기도 고양시 일산동구 정발산동(4128553000),23119,23119,1195,1992,3626,2988,3312,4427,3207,1448,805,118,1,11190,11190,624,1026,1873,1552,1511,2083,1543,653,292,32,1,11929,11929,571,966,1753,1436,1801,2344,1664,795,513,86,0
경기도 고양시 일산동구 풍산동(4128554000),38325,38325,2888,4194,5199,4456,6415,6992,4791,2040,1152,194,4,18471,18471,1474,2145,2660,2191,3006,3308,2347,858,429,52,1,19854,19854,1414,2049,2539,2265,3409,3684,2444,1182,723,142,3
경기도 고양시 일산동구 백석1동(4128555100),30116,30116,1868,2574,4556,4467,4734,5757,3711,1484,855,108,2,14311,14311,937,1307,2166,2198,2260,2650,1823,609,331,29,1,15805,15805,931,1267,2390,2269,2474,3107,1888,875,524,79,1
경기도 고양시 일산동구 백석2동(4128555200),20710,20710,833,1248,3339,3328,3462,3973,2558,1144,712,109,4,9945,9945,410,646,1532,1598,1694,2024,1293,489,232,26,1,10765,10765,423,602,1807,1730,1768,1949,1265,655,480,83,3
경기도 고양시 일산동구 마두1동(4128556000),23782,23782,1282,3142,3558,2232,3865,4749,2917,1145,761,127,4,11444,11444,648,1599,1811,1068,1673,2346,1504,494,268,32,1,12338,12338,634,1543,1747,1164,2192,2403,1413,651,493,95,3
경기도 고양시 일산동구 마두2동(4128557000),15957,15957,1064,2101,2105,1482,2747,3102,1756,795,696,106,3,7500,7500,549,1068,1034,664,1187,1512,878,323,244,40,1,8457,8457,515,1033,1071,818,1560,1590,878,472,452,66,2
경기도 고양시 일산동구 장항1동(4128558000),11349,11349,1334,954,1298,1767,2132,1942,1254,462,177,27,2,5768,5768,704,494,675,810,1075,1012,673,252,70,3,0,5581,5581,630,460,623,957,1057,930,581,210,107,24,2
경기도 고양시 일산동구 장항2동(4128559000),27087,27087,961,1502,4913,4892,4622,5072,2845,1256,888,127,9,13254,13254,503,730,2251,2569,2234,2531,1510,533,344,44,5,13833,13833,458,772,2662,2323,2388,2541,1335,723,544,83,4
경기도 고양시 일산동구 고봉동(4128560000),23067,23067,1310,1465,2820,2912,3368,4564,3837,1641,951,193,6,12114,12114,666,802,1643,1614,1821,2396,2034,773,335,27,3,10953,10953,644,663,1177,1298,1547,2168,1803,868,616,166,3
경기도 고양시 일산서구 (4128700000),295222,295222,20346,31767,40249,34981,48559,56535,35409,15664,10149,1519,44,143058,143058,10283,16184,20677,17213,22820,27297,17870,6616,3659,430,9,152164,152164,10063,15583,19572,17768,25739,29238,17539,9048,6490,1089,35
경기도 고양시 일산서구 일산1동(4128751000),26766,26766,1710,2519,3739,3083,4017,5175,3638,1715,1022,142,6,12902,12902,862,1263,1926,1534,1920,2461,1770,742,381,43,0,13864,13864,848,1256,1813,1549,2097,2714,1868,973,641,99,6
경기도 고양시 일산서구 일산2동(4128752000),18189,18189,820,1356,2549,1859,2360,4069,3066,1229,763,114,4,9018,9018,404,692,1369,946,1177,2013,1589,525,273,30,0,9171,9171,416,664,1180,913,1183,2056,1477,704,490,84,4
경기도 고양시 일산서구 일산3동(4128753000),34873,34873,2413,5516,4377,3448,6678,6568,3484,1352,878,156,3,16870,16870,1265,2822,2256,1690,2933,3169,1821,568,308,36,2,18003,18003,1148,2694,2121,1758,3745,3399,1663,784,570,120,1
경기도 고양시 일산서구 탄현1동(4128754500),31117,31117,2319,3002,4730,4027,4976,6362,3246,1324,974,154,3,15283,15283,1209,1520,2422,2025,2408,3102,1698,528,329,42,0,15834,15834,1110,1482,2308,2002,2568,3260,1548,796,645,112,3
경기도 고양시 일산서구 탄현2동(4128754600),19795,19795,1848,2224,2356,2655,3585,3391,2098,977,580,79,2,9551,9551,938,1135,1205,1269,1708,1632,1020,402,220,22,0,10244,10244,910,1089,1151,1386,1877,1759,1078,575,360,57,2
경기도 고양시 일산서구 주엽1동(4128755000),27583,27583,1631,3014,3578,3277,4373,5050,3396,1674,1387,195,8,12922,12922,816,1551,1805,1573,1966,2333,1659,660,487,70,2,14661,14661,815,1463,1773,1704,2407,2717,1737,1014,900,125,6
경기도 고양시 일산서구 주엽2동(4128756000),28439,28439,1838,3029,3518,3281,4495,5125,3547,1877,1497,228,4,13304,13304,946,1519,1751,1595,2058,2366,1758,715,518,77,1,15135,15135,892,1510,1767,1686,2437,2759,1789,1162,979,151,3
경기도 고양시 일산서구 대화동(4128757000),35926,35926,2138,2841,6014,5272,5376,6771,4438,1861,1060,148,7,17449,17449,1061,1502,2966,2698,2582,3187,2223,835,357,37,1,18477,18477,1077,1339,3048,2574,2794,3584,2215,1026,703,111,6
경기도 고양시 일산서구 송포동(4128758000),21316,21316,1562,2114,2848,2743,3492,4107,2591,1110,645,102,2,10534,10534,752,1084,1573,1323,1665,1998,1331,504,277,25,2,10782,10782,810,1030,1275,1420,1827,2109,1260,606,368,77,0
경기도 고양시 일산서구 덕이동(4128760000),31693,31693,2726,3687,4006,3552,5779,6001,3628,1421,768,120,5,15543,15543,1374,1848,2041,1704,2809,2979,1831,643,289,24,1,16150,16150,1352,1839,1965,1848,2970,3022,1797,778,479,96,4
경기도 고양시 일산서구 가좌동(4128761000),19525,19525,1341,2465,2534,1784,3428,3916,2277,1124,575,81,0,9682,9682,656,1248,1363,856,1594,2057,1170,494,220,24,0,9843,9843,685,1217,1171,928,1834,1859,1107,630,355,57,0
경기도 과천시 (4129000000),78301,78301,7252,7477,10114,11678,11865,13185,9849,4212,2223,434,12,38528,38528,3764,3809,5281,5794,5828,6362,4830,1898,848,111,3,39773,39773,3488,3668,4833,5884,6037,6823,5019,2314,1375,323,9
경기도 과천시 중앙동(4129051000),10782,10782,799,921,1503,1415,1390,1962,1668,651,388,80,5,5233,5233,420,444,804,692,660,907,831,308,149,17,1,5549,5549,379,477,699,723,730,1055,837,343,239,63,4
경기도 과천시 갈현동(4129052000),19657,19657,2504,2394,2148,2922,3537,3025,1843,782,430,71,1,9570,9570,1296,1177,1098,1322,1733,1525,909,319,169,22,0,10087,10087,1208,1217,1050,1600,1804,1500,934,463,261,49,1
경기도 과천시 별양동(4129053000),16533,16533,1440,1587,2275,2340,2409,2919,2181,817,465,98,2,8039,8039,719,810,1171,1158,1144,1381,1073,387,165,29,2,8494,8494,721,777,1104,1182,1265,1538,1108,430,300,69,0
경기도 과천시 부림동(4129054000),14904,14904,1466,1298,1960,2482,2144,2528,1795,739,400,90,2,7348,7348,788,672,1021,1226,1045,1204,897,323,148,24,0,7556,7556,678,626,939,1256,1099,1324,898,416,252,66,2
경기도 과천시 과천동(4129055000),9098,9098,557,553,1191,1578,1302,1479,1432,667,290,49,0,4756,4756,283,312,649,898,722,727,701,323,130,11,0,4342,4342,274,241,542,680,580,752,731,344,160,38,0
경기도 과천시 문원동(4129056000),7327,7327,486,724,1037,941,1083,1272,930,556,250,46,2,3582,3582,258,394,538,498,524,618,419,238,87,8,0,3745,3745,228,330,499,443,559,654,511,318,163,38,2
경기도 구리시 (4131000000),191011,191011,13565,17140,25407,24761,31133,34774,26429,11758,5341,687,16,94668,94668,7019,8785,13057,12497,15576,17046,13172,5320,2007,186,3,96343,96343,6546,8355,12350,12264,15557,17728,13257,6438,3334,501,13
경기도 구리시 갈매동(4131051000),30462,30462,4162,2486,2957,5071,6220,4081,3493,1473,439,78,2,15062,15062,2142,1232,1491,2360,3314,1957,1662,729,160,15,0,15400,15400,2020,1254,1466,2711,2906,2124,1831,744,279,63,2
경기도 구리시 동구동(4131052000),36915,36915,2413,3690,5240,4453,5752,7207,4821,2088,1092,158,1,18170,18170,1252,1966,2715,2267,2741,3411,2447,906,418,47,0,18745,18745,1161,1724,2525,2186,3011,3796,2374,1182,674,111,1
경기도 구리시 인창동(4131053000),23138,23138,1573,2291,3238,2972,3775,4287,2911,1385,643,63,0,11277,11277,803,1170,1616,1505,1774,2116,1401,627,242,23,0,11861,11861,770,1121,1622,1467,2001,2171,1510,758,401,40,0
경기도 구리시 교문1동(4131054100),16175,16175,673,999,2109,2045,2350,3180,2798,1312,626,80,3,8333,8333,361,478,1117,1123,1277,1650,1448,618,239,22,0,7842,7842,312,521,992,922,1073,1530,1350,694,387,58,3
경기도 구리시 교문2동(4131054200),21621,21621,1410,2540,2889,2380,3627,3911,2942,1242,605,70,5,10493,10493,730,1271,1504,1161,1682,1858,1447,575,242,22,1,11128,11128,680,1269,1385,1219,1945,2053,1495,667,363,48,4
경기도 구리시 수택1동(4131057000),15544,15544,747,1053,2293,1980,2203,3084,2543,1119,466,56,0,7750,7750,401,568,1130,1070,1125,1492,1285,504,160,15,0,7794,7794,346,485,1163,910,1078,1592,1258,615,306,41,0
경기도 구리시 수택2동(4131058000),25265,25265,1206,1932,3643,3102,3493,4935,4169,1845,843,94,3,12516,12516,600,993,1888,1598,1817,2463,2054,781,302,19,1,12749,12749,606,939,1755,1504,1676,2472,2115,1064,541,75,2
경기도 구리시 수택3동(4131059000),21891,21891,1381,2149,3038,2758,3713,4089,2752,1294,627,88,2,11067,11067,730,1107,1596,1413,1846,2099,1428,580,244,23,1,10824,10824,651,1042,1442,1345,1867,1990,1324,714,383,65,1
경기도 남양주시 (4136000000),734642,734642,61907,78547,85553,89129,132532,123450,92410,46713,21280,3004,117,365264,365264,31820,40458,44380,44106,66250,62912,45077,21374,8159,705,23,369378,369378,30087,38089,41173,45023,66282,60538,47333,25339,13121,2299,94
경기도 남양주시 와부읍(4136025000),59343,59343,3421,6989,7363,5494,10150,10974,7901,4650,2096,292,13,29251,29251,1774,3584,3896,2761,4756,5545,3808,2178,863,82,4,30092,30092,1647,3405,3467,2733,5394,5429,4093,2472,1233,210,9
경기도 남양주시 진접읍(4136025300),96163,96163,7639,11604,10979,10268,17526,16384,12306,6228,2850,363,16,48500,48500,3959,6020,5828,5178,8778,8615,6160,2800,1067,93,2,47663,47663,3680,5584,5151,5090,8748,7769,6146,3428,1783,270,14
경기도 남양주시 화도읍(4136025600),66473,66473,4579,6933,7969,7155,12131,11954,8723,4678,2072,272,7,33111,33111,2311,3623,4166,3631,6130,6129,4217,2038,796,69,1,33362,33362,2268,3310,3803,3524,6001,5825,4506,2640,1276,203,6
경기도 남양주시 화도읍동부출장소(4136025700),14677,14677,1480,1420,1477,2002,2626,2332,2004,831,409,94,2,7391,7391,771,738,779,991,1354,1183,999,399,158,18,1,7286,7286,709,682,698,1011,1272,1149,1005,432,251,76,1
경기도 남양주시 화도읍남부출장소(4136025800),36992,36992,3279,4383,4008,4285,7137,6249,4305,2202,1015,124,5,18554,18554,1731,2314,2094,2122,3494,3294,2106,974,393,31,1,18438,18438,1548,2069,1914,2163,3643,2955,2199,1228,622,93,4
경기도 남양주시 진건읍(4136025900),23084,23084,859,1678,2980,2251,2995,4896,4293,1968,1015,144,5,11974,11974,473,870,1650,1243,1581,2585,2256,913,377,26,0,11110,11110,386,808,1330,1008,1414,2311,2037,1055,638,118,5
경기도 남양주시 오남읍(4136026200),52927,52927,3412,6289,6692,5168,9565,10130,6208,3482,1750,224,7,26582,26582,1764,3272,3541,2642,4745,5351,3055,1498,662,51,1,26345,26345,1648,3017,3151,2526,4820,4779,3153,1984,1088,173,6
경기도 남양주시 퇴계원읍(4136026500),28612,28612,1505,2429,3753,3168,4008,5463,4867,2229,1056,128,6,14267,14267,747,1272,2002,1674,2027,2655,2407,1053,398,29,3,14345,14345,758,1157,1751,1494,1981,2808,2460,1176,658,99,3
경기도 남양주시 별내면(4136031000),19306,19306,1056,1839,2424,1712,3009,3670,2911,1681,868,129,7,9696,9696,548,992,1253,880,1548,1887,1414,755,375,42,2,9610,9610,508,847,1171,832,1461,1783,1497,926,493,87,5
경기도 남양주시 수동면(4136034000),8945,8945,297,533,766,708,1015,1781,2010,1148,542,137,8,4716,4716,163,309,446,398,554,994,1034,570,220,26,2,4229,4229,134,224,320,310,461,787,976,578,322,111,6
경기도 남양주시 조안면(4136036000),4080,4080,175,239,387,374,504,755,906,468,236,36,0,2114,2114,97,115,213,203,262,397,483,236,101,7,0,1966,1966,78,124,174,171,242,358,423,232,135,29,0
경기도 남양주시 호평동(4136051000),57310,57310,5831,7139,6196,7117,11781,8919,5600,3173,1359,186,9,27936,27936,3036,3636,3240,3336,5697,4488,2570,1353,533,46,1,29374,29374,2795,3503,2956,3781,6084,4431,3030,1820,826,140,8
경기도 남양주시 평내동(4136052000),36352,36352,2934,4814,4537,4111,7052,6227,3663,1947,943,121,3,17925,17925,1522,2472,2289,2044,3418,3165,1751,887,345,32,0,18427,18427,1412,2342,2248,2067,3634,3062,1912,1060,598,89,3
경기도 남양주시 금곡동(4136053000),18322,18322,596,1057,2302,1988,2103,3695,3849,1670,923,135,4,9372,9372,293,557,1284,1149,1120,1874,1948,789,328,30,0,8950,8950,303,500,1018,839,983,1821,1901,881,595,105,4
경기도 남양주시 양정동(4136054000),4011,4011,144,140,461,438,401,792,969,431,213,21,1,2311,2311,74,73,284,265,258,460,586,216,89,6,0,1700,1700,70,67,177,173,143,332,383,215,124,15,1
경기도 남양주시 다산1동(4136054500),93271,93271,12202,9722,10206,15486,18664,11999,8767,4288,1682,248,7,45729,45729,6227,4878,4998,7264,9607,5954,4073,2040,648,40,0,47542,47542,5975,4844,5208,8222,9057,6045,4694,2248,1034,208,7
경기도 남양주시 다산2동(4136056500),35523,35523,4304,4027,3604,4766,7514,5385,3676,1531,622,94,0,17364,17364,2178,2085,1847,2153,3761,2660,1720,709,227,24,0,18159,18159,2126,1942,1757,2613,3753,2725,1956,822,395,70,0
경기도 남양주시 별내동(4136057000),79251,79251,8194,7312,9449,12638,14351,11845,9452,4108,1629,256,17,38471,38471,4152,3648,4570,6172,7160,5676,4490,1966,579,53,5,40780,40780,4042,3664,4879,6466,7191,6169,4962,2142,1050,203,12
경기도 풍양출장소 (4136200000),0,0,0,0,0,0,0,0,0,0,0,0,0,0,0,0,0,0,0,0,0,0,0,0,0,0,0,0,0,0,0,0,0,0,0,0,0,0,0
경기도 오산시 (4137000000),230028,230028,21083,25011,30730,36694,44294,34392,22477,10194,4545,590,18,119526,119526,10755,12861,16646,20088,23624,18025,11148,4547,1694,135,3,110502,110502,10328,12150,14084,16606,20670,16367,11329,5647,2851,455,15
경기도 오산시 중앙동(4137051000),35467,35467,3529,4112,4320,5122,6678,5604,3568,1658,785,90,1,17784,17784,1808,2036,2277,2620,3372,2882,1758,712,297,22,0,17683,17683,1721,2076,2043,2502,3306,2722,1810,946,488,68,1
경기도 오산시 남촌동(4137053000),20637,20637,821,1093,3740,4916,3983,2976,1884,810,373,39,2,12391,12391,401,557,2209,3215,2523,1878,1064,381,156,7,0,8246,8246,420,536,1531,1701,1460,1098,820,429,217,32,2
경기도 오산시 신장동(4137054000),60932,60932,6345,7318,6873,9039,12147,8622,6243,2889,1282,167,7,30781,30781,3236,3736,3583,4701,6418,4369,2972,1288,439,38,1,30151,30151,3109,3582,3290,4338,5729,4253,3271,1601,843,129,6
경기도 오산시 세마동(4137055000),31960,31960,3666,3454,3958,5497,6314,4380,2962,1165,475,86,3,16412,16412,1870,1761,2105,2885,3305,2234,1486,583,172,11,0,15548,15548,1796,1693,1853,2612,3009,2146,1476,582,303,75,3
경기도 오산시 초평동(4137056000),16557,16557,1245,1907,2240,2361,3137,2633,1765,831,394,43,1,8544,8544,640,995,1223,1303,1637,1356,887,354,136,13,0,8013,8013,605,912,1017,1058,1500,1277,878,477,258,30,1
경기도 오산시 대원동(4137057000),64475,64475,5477,7127,9599,9759,12035,10177,6055,2841,1236,165,4,33614,33614,2800,3776,5249,5364,6369,5306,2981,1229,494,44,2,30861,30861,2677,3351,4350,4395,5666,4871,3074,1612,742,121,2
경기도 시흥시 (4139000000),512721,512721,46671,50582,68471,76611,92986,90282,54993,20521,10025,1519,60,267980,267980,23704,25974,37374,41022,50242,47358,29123,9530,3330,309,14,244741,244741,22967,24608,31097,35589,42744,42924,25870,10991,6695,1210,46
경기도 시흥시 대야동(4139051000),44575,44575,3450,3436,6404,6854,6608,8424,6051,2078,1085,181,4,22559,22559,1763,1755,3378,3545,3447,4141,3177,982,341,30,0,22016,22016,1687,1681,3026,3309,3161,4283,2874,1096,744,151,4
경기도 시흥시 신천동(4139052000),35962,35962,1481,2932,5672,3983,4813,8046,5719,2147,1035,125,9,18556,18556,767,1531,3110,2219,2499,4114,3022,970,297,26,1,17406,17406,714,1401,2562,1764,2314,3932,2697,1177,738,99,8
경기도 시흥시 신현동(4139053100),9879,9879,401,681,1322,1005,1218,2154,1869,777,382,62,8,5190,5190,199,354,731,587,641,1135,1020,369,127,22,5,4689,4689,202,327,591,418,577,1019,849,408,255,40,3
경기도 시흥시 은행동(4139054000),56074,56074,7057,5830,6350,9221,10262,8738,5633,1933,900,147,3,27983,27983,3556,2979,3279,4485,5321,4282,2854,927,276,24,0,28091,28091,3501,2851,3071,4736,4941,4456,2779,1006,624,123,3
경기도 시흥시 매화동(4139055000),12090,12090,615,1123,1644,1119,1800,2522,1810,913,463,77,4,6351,6351,291,585,948,628,963,1370,974,417,155,19,1,5739,5739,324,538,696,491,837,1152,836,496,308,58,3
경기도 시흥시 목감동(4139057000),42114,42114,5462,3570,3933,7722,7915,5766,4849,1926,835,130,6,21347,21347,2764,1795,2055,3854,4269,2916,2442,956,268,27,1,20767,20767,2698,1775,1878,3868,3646,2850,2407,970,567,103,5
경기도 시흥시 군자동(4139058100),21639,21639,1359,2142,2738,2437,3773,4055,3049,1336,656,91,3,11315,11315,715,1100,1510,1383,2086,2144,1532,606,222,16,1,10324,10324,644,1042,1228,1054,1687,1911,1517,730,434,75,2
경기도 시흥시 월곶동(4139058200),16573,16573,1321,1520,1935,2512,3215,2874,1872,878,389,57,0,8633,8633,642,796,1042,1348,1775,1554,903,416,145,12,0,7940,7940,679,724,893,1164,1440,1320,969,462,244,45,0
경기도 시흥시 정왕본동(4139058900),20278,20278,1066,1109,3124,3910,4220,3748,2102,667,282,45,5,12811,12811,528,579,2056,2665,2883,2385,1261,346,99,8,1,7467,7467,538,530,1068,1245,1337,1363,841,321,183,37,4
경기도 시흥시 정왕1동(4139059100),23104,23104,1210,2168,4141,3260,4468,4343,2301,804,350,56,3,13819,13819,598,1182,2723,2038,2834,2626,1318,371,117,11,1,9285,9285,612,986,1418,1222,1634,1717,983,433,233,45,2
경기도 시흥시 정왕2동(4139059200),32143,32143,2144,3417,5055,4355,6114,6395,2937,1058,587,78,3,17542,17542,1075,1739,2955,2627,3416,3411,1636,446,213,24,0,14601,14601,1069,1678,2100,1728,2698,2984,1301,612,374,54,3
경기도 시흥시 정왕3동(4139059300),22984,22984,1568,2103,2933,3048,4541,4703,2664,893,447,81,3,12995,12995,788,1107,1699,1798,2788,2698,1527,417,160,12,1,9989,9989,780,996,1234,1250,1753,2005,1137,476,287,69,2
경기도 시흥시 정왕4동(4139059400),20783,20783,1495,2512,3387,2338,3635,4373,1840,693,459,50,1,10312,10312,790,1279,1737,1194,1737,2139,989,271,163,13,0,10471,10471,705,1233,1650,1144,1898,2234,851,422,296,37,1
경기도 시흥시 배곧1동(4139059600),35372,35372,5573,4484,3339,6284,7917,4550,2318,628,245,33,1,17581,17581,2794,2271,1651,2956,4117,2234,1182,293,77,6,0,17791,17791,2779,2213,1688,3328,3800,2316,1136,335,168,27,1
경기도 시흥시 배곧2동(4139059700),35282,35282,4533,4029,5256,7041,7484,4382,1875,457,191,34,0,18454,18454,2308,1988,2786,3811,4007,2287,976,210,76,5,0,16828,16828,2225,2041,2470,3230,3477,2095,899,247,115,29,0
경기도 시흥시 과림동(4139062100),1936,1936,51,50,154,190,163,412,570,240,88,18,0,1190,1190,26,29,96,127,113,260,357,136,41,5,0,746,746,25,21,58,63,50,152,213,104,47,13,0
경기도 시흥시 연성동(4139063000),23511,23511,1595,2630,3608,2601,3894,4988,2422,1070,620,81,2,12029,12029,832,1372,1920,1373,1937,2600,1270,482,230,13,0,11482,11482,763,1258,1688,1228,1957,2388,1152,588,390,68,2
경기도 시흥시 장곡동(4139063100),33146,33146,3706,4106,4088,4872,6570,5472,2737,1030,482,82,1,16764,16764,1912,2147,2046,2419,3276,2856,1465,472,153,18,0,16382,16382,1794,1959,2042,2453,3294,2616,1272,558,329,64,1
경기도 시흥시 능곡동(4139064000),25276,25276,2584,2740,3388,3859,4376,4337,2375,993,529,91,4,12549,12549,1356,1386,1652,1965,2133,2206,1218,443,170,18,2,12727,12727,1228,1354,1736,1894,2243,2131,1157,550,359,73,2
경기도 군포시 (4141000000),267493,267493,18143,25052,36251,37090,42096,47300,36701,15318,8201,1291,50,132695,132695,9292,12958,18882,19493,20788,23068,17952,6962,2943,346,11,134798,134798,8851,12094,17369,17597,21308,24232,18749,8356,5258,945,39
경기도 군포시 군포1동(4141051000),33443,33443,1811,2533,5297,4676,4792,6450,4927,1977,840,134,6,17666,17666,939,1316,2906,2695,2585,3385,2552,920,334,33,1,15777,15777,872,1217,2391,1981,2207,3065,2375,1057,506,101,5
경기도 군포시 군포2동(4141052000),43416,43416,3309,4788,5842,5606,7076,7867,5662,2111,986,160,9,21579,21579,1690,2512,3040,2865,3444,3769,2841,1012,362,42,2,21837,21837,1619,2276,2802,2741,3632,4098,2821,1099,624,118,7
경기도 군포시 산본1동(4141054000),15716,15716,583,765,2432,2261,1924,2848,2813,1357,634,97,2,7940,7940,299,416,1330,1317,1055,1332,1352,608,209,22,0,7776,7776,284,349,1102,944,869,1516,1461,749,425,75,2
경기도 군포시 산본2동(4141055000),26316,26316,1910,2651,3405,3358,4194,4634,3864,1436,732,130,2,12732,12732,976,1332,1770,1665,1957,2151,1917,663,271,29,1,13584,13584,934,1319,1635,1693,2237,2483,1947,773,461,101,1
경기도 군포시 금정동(4141056000),18191,18191,847,1164,2871,2602,2522,3479,3002,1133,497,68,6,9488,9488,449,607,1534,1467,1383,1788,1500,570,175,14,1,8703,8703,398,557,1337,1135,1139,1691,1502,563,322,54,5
경기도 군포시 재궁동(4141057000),18275,18275,977,1303,2533,2967,2563,3093,2669,1288,762,116,4,8653,8653,510,658,1270,1562,1206,1456,1203,522,237,27,2,9622,9622,467,645,1263,1405,1357,1637,1466,766,525,89,2
경기도 군포시 오금동(4141058000),21193,21193,1614,1969,2652,3550,3542,3420,2561,1093,697,94,1,10258,10258,812,1032,1339,1786,1700,1625,1202,452,280,30,0,10935,10935,802,937,1313,1764,1842,1795,1359,641,417,64,1
경기도 군포시 수리동(4141059000),16081,16081,910,1431,1918,2085,2490,2849,2293,1171,810,123,1,7668,7668,457,726,977,1068,1198,1361,1058,481,298,43,1,8413,8413,453,705,941,1017,1292,1488,1235,690,512,80,0
경기도 군포시 궁내동(4141060000),20342,20342,1620,2943,2455,2058,3837,3654,2143,901,634,93,4,9957,9957,869,1512,1295,1008,1763,1791,1048,405,228,37,1,10385,10385,751,1431,1160,1050,2074,1863,1095,496,406,56,3
경기도 군포시 대야동(4141061000),9600,9600,610,944,1112,1151,1520,1797,1436,666,301,57,6,4809,4809,297,501,570,595,792,866,745,315,114,13,1,4791,4791,313,443,542,556,728,931,691,351,187,44,5
경기도 군포시 광정동(4141062000),24385,24385,1472,2535,3495,3110,3870,4371,3053,1338,966,168,7,11803,11803,733,1326,1748,1595,1796,2212,1452,587,308,45,1,12582,12582,739,1209,1747,1515,2074,2159,1601,751,658,123,6
경기도 군포시 송부동(4141063000),20535,20535,2480,2026,2239,3666,3766,2838,2278,847,342,51,2,10142,10142,1261,1020,1103,1870,1909,1332,1082,427,127,11,0,10393,10393,1219,1006,1136,1796,1857,1506,1196,420,215,40,2
경기도 의왕시 (4143000000),162137,162137,12341,13903,22121,22633,23834,29073,23573,9304,4569,762,24,80496,80496,6346,7166,11614,11622,11941,13919,11633,4423,1655,175,2,81641,81641,5995,6737,10507,11011,11893,15154,11940,4881,2914,587,22
경기도 의왕시 고천동(4143051000),14102,14102,874,905,2167,2725,1657,1928,2269,1029,459,86,3,7150,7150,475,481,1113,1484,879,916,1102,509,169,22,0,6952,6952,399,424,1054,1241,778,1012,1167,520,290,64,3
경기도 의왕시 부곡동(4143052000),28874,28874,2059,2272,3923,4084,4175,5083,4043,2007,1078,148,2,14659,14659,1076,1186,2132,2208,2207,2528,2005,892,386,39,0,14215,14215,983,1086,1791,1876,1968,2555,2038,1115,692,109,2
경기도 의왕시 오전동(4143053000),39198,39198,2847,3782,5047,4954,5978,7131,6002,2289,1006,160,2,19484,19484,1410,1965,2684,2512,2944,3452,2959,1120,405,33,0,19714,19714,1437,1817,2363,2442,3034,3679,3043,1169,601,127,2
경기도 의왕시 내손1동(4143054000),20494,20494,1384,1849,3142,2348,2930,4054,3035,1064,582,100,6,10011,10011,700,968,1611,1153,1403,1927,1520,494,213,22,0,10483,10483,684,881,1531,1195,1527,2127,1515,570,369,78,6
경기도 의왕시 내손2동(4143055000),22223,22223,2128,2049,2871,3285,3475,3925,2844,991,554,98,3,10885,10885,1092,1057,1470,1602,1738,1849,1419,449,189,19,1,11338,11338,1036,992,1401,1683,1737,2076,1425,542,365,79,2
경기도 의왕시 청계동(4143056000),37246,37246,3049,3046,4971,5237,5619,6952,5380,1924,890,170,8,18307,18307,1593,1509,2604,2663,2770,3247,2628,959,293,40,1,18939,18939,1456,1537,2367,2574,2849,3705,2752,965,597,130,7
경기도 하남시 (4145000000),323558,323558,32788,29292,37922,53067,58836,46268,39564,17935,6707,1133,46,161759,161759,16772,14782,18993,26693,30496,23266,19122,8900,2490,238,7,161799,161799,16016,14510,18929,26374,28340,23002,20442,9035,4217,895,39
경기도 하남시 천현동(4145051000),7303,7303,299,370,848,976,904,1365,1592,620,264,65,0,4035,4035,148,185,512,566,570,776,849,323,95,11,0,3268,3268,151,185,336,410,334,589,743,297,169,54,0
경기도 하남시 신장1동(4145052000),6769,6769,278,364,969,1140,932,1199,1109,534,207,37,0,3540,3540,147,188,531,689,527,597,540,242,72,7,0,3229,3229,131,176,438,451,405,602,569,292,135,30,0
경기도 하남시 신장2동(4145053000),46684,46684,3882,3903,4994,6875,7528,7033,7337,3600,1335,189,8,23063,23063,1996,1996,2562,3550,3827,3339,3442,1761,537,50,3,23621,23621,1886,1907,2432,3325,3701,3694,3895,1839,798,139,5
경기도 하남시 덕풍1동(4145054000),15379,15379,891,957,1952,2139,2069,2709,2837,1274,488,58,5,7825,7825,467,517,1086,1159,1099,1302,1343,631,204,16,1,7554,7554,424,440,866,980,970,1407,1494,643,284,42,4
경기도 하남시 덕풍2동(4145055000),18828,18828,1018,1033,2325,2863,2469,3260,3516,1611,635,95,3,9501,9501,519,524,1273,1576,1329,1591,1677,782,215,14,1,9327,9327,499,509,1052,1287,1140,1669,1839,829,420,81,2
경기도 하남시 덕풍3동(4145056000),25558,25558,1878,2445,3140,3383,4268,4188,3640,1812,680,121,3,12669,12669,1010,1240,1634,1758,2136,2061,1687,854,267,22,0,12889,12889,868,1205,1506,1625,2132,2127,1953,958,413,99,3
경기도 하남시 풍산동(4145057000),29805,29805,4134,3165,3116,4809,6304,3946,2759,1070,397,98,7,14704,14704,2058,1582,1562,2206,3237,1982,1356,560,140,21,0,15101,15101,2076,1583,1554,2603,3067,1964,1403,510,257,77,7
경기도 하남시 감북동(4145058000),2720,2720,75,134,314,391,352,539,538,235,122,20,0,1501,1501,42,70,186,236,196,304,302,114,44,7,0,1219,1219,33,64,128,155,156,235,236,121,78,13,0
경기도 하남시 감일동(4145058200),32176,32176,5174,3122,3143,6045,6171,3906,2823,1232,461,94,5,16086,16086,2676,1574,1562,2866,3218,1997,1386,629,159,19,0,16090,16090,2498,1548,1581,3179,2953,1909,1437,603,302,75,5
경기도 하남시 위례동(4145058500),30069,30069,4220,3322,3168,4985,6041,4359,2749,885,279,56,5,14746,14746,2112,1652,1561,2247,3053,2144,1403,466,96,10,2,15323,15323,2108,1670,1607,2738,2988,2215,1346,419,183,46,3
경기도 하남시 춘궁동(4145059000),3778,3778,125,177,431,413,459,747,801,382,210,31,2,2143,2143,65,100,243,244,280,474,447,192,92,6,0,1635,1635,60,77,188,169,179,273,354,190,118,25,2
경기도 하남시 초이동(4145060000),3501,3501,147,183,423,443,429,691,709,298,165,12,1,1982,1982,68,92,240,278,263,416,410,150,61,4,0,1519,1519,79,91,183,165,166,275,299,148,104,8,1
경기도 하남시 미사1동(4145061000),53729,53729,4829,4542,9182,11900,10265,6180,4123,1951,637,117,3,26719,26719,2497,2236,4056,6256,5342,3170,1933,983,221,25,0,27010,27010,2332,2306,5126,5644,4923,3010,2190,968,416,92,3
경기도 하남시 미사2동(4145062000),47259,47259,5838,5575,3917,6705,10645,6146,5031,2431,827,140,4,23245,23245,2967,2826,1985,3062,5419,3113,2347,1213,287,26,0,24014,24014,2871,2749,1932,3643,5226,3033,2684,1218,540,114,4
경기도 용인시 (4146000000),1075877,1075877,92224,120364,136510,138616,196299,173657,115125,66675,31697,4561,149,533650,533650,47097,61711,71113,68981,96478,88078,55491,29969,13466,1238,28,542227,542227,45127,58653,65397,69635,99821,85579,59634,36706,18231,3323,121
경기도 용인시 처인구 (4146100000),260440,260440,19510,25007,34177,33122,43418,44320,34854,16565,8174,1259,34,133691,133691,10026,13031,18570,17736,22806,22925,17593,7676,3058,263,7,126749,126749,9484,11976,15607,15386,20612,21395,17261,8889,5116,996,27
경기도 용인시 처인구 포곡읍(4146125000),33415,33415,2046,3584,4765,3791,5864,6116,4121,1976,999,152,1,17234,17234,1046,1879,2654,2105,3022,3223,2067,859,353,26,0,16181,16181,1000,1705,2111,1686,2842,2893,2054,1117,646,126,1
경기도 용인시 처인구 모현읍(4146125300),27047,27047,1798,2394,3437,3009,4555,4872,4006,1934,890,150,2,14172,14172,959,1265,1878,1600,2445,2646,2072,916,363,28,0,12875,12875,839,1129,1559,1409,2110,2226,1934,1018,527,122,2
경기도 용인시 처인구 이동읍(4146125600),20441,20441,1387,1767,2150,2347,3267,3772,3246,1540,825,133,7,10478,10478,691,913,1214,1329,1775,1963,1608,686,275,23,1,9963,9963,696,854,936,1018,1492,1809,1638,854,550,110,6
경기도 용인시 처인구 남사읍(4146125900),23942,23942,3025,2227,1750,3901,4513,3092,3081,1591,668,92,2,12095,12095,1547,1114,928,1934,2420,1566,1516,791,259,19,1,11847,11847,1478,1113,822,1967,2093,1526,1565,800,409,73,1
경기도 용인시 처인구 원삼면(4146134000),8164,8164,328,509,701,679,1029,1558,1824,938,515,80,3,4281,4281,159,279,406,396,567,839,923,501,192,18,1,3883,3883,169,230,295,283,462,719,901,437,323,62,2
경기도 용인시 처인구 백암면(4146135000),8517,8517,227,624,810,718,980,1514,1947,929,678,88,2,4628,4628,121,358,492,437,605,868,1028,455,244,19,1,3889,3889,106,266,318,281,375,646,919,474,434,69,1
경기도 용인시 처인구 양지면(4146136000),19772,19772,1186,2044,2427,2461,3106,3512,3016,1216,671,128,5,10602,10602,647,1161,1385,1407,1695,1860,1578,599,245,25,0,9170,9170,539,883,1042,1054,1411,1652,1438,617,426,103,5
경기도 용인시 처인구 중앙동(4146151000),25152,25152,1489,2174,4370,3285,3840,4267,3331,1539,744,111,2,12768,12768,741,1105,2330,1832,2021,2137,1642,666,269,24,1,12384,12384,748,1069,2040,1453,1819,2130,1689,873,475,87,1
경기도 용인시 처인구 역북동(4146152500),31916,31916,3421,3181,5293,5443,5667,4255,2757,1287,538,71,3,16108,16108,1764,1601,2731,2790,2937,2079,1391,581,221,12,1,15808,15808,1657,1580,2562,2653,2730,2176,1366,706,317,59,2
경기도 용인시 처인구 삼가동(4146152600),12524,12524,995,1251,1817,1604,2041,2313,1445,675,333,50,0,6146,6146,514,634,932,813,971,1136,690,310,133,13,0,6378,6378,481,617,885,791,1070,1177,755,365,200,37,0
경기도 용인시 처인구 유림동(4146153000),36338,36338,2949,4172,4872,4447,6642,6473,3862,1902,894,123,2,18355,18355,1488,2148,2646,2278,3340,3312,1942,829,340,32,0,17983,17983,1461,2024,2226,2169,3302,3161,1920,1073,554,91,2
경기도 용인시 처인구 동부동(4146154000),13212,13212,659,1080,1785,1437,1914,2576,2218,1038,419,81,5,6824,6824,349,574,974,815,1008,1296,1136,483,164,24,1,6388,6388,310,506,811,622,906,1280,1082,555,255,57,4
경기도 용인시 기흥구 (4146300000),440298,440298,38361,50347,56659,55985,81748,70988,44695,26729,12885,1832,69,217176,217176,19651,25821,29534,27621,39748,35749,21128,11828,5553,528,15,223122,223122,18710,24526,27125,28364,42000,35239,23567,14901,7332,1304,54
경기도 용인시 기흥구 신갈동(4146351000),38084,38084,3092,3474,4917,5904,6391,6291,4268,2379,1218,143,7,18991,18991,1567,1804,2466,3095,3190,3194,2122,1008,503,41,1,19093,19093,1525,1670,2451,2809,3201,3097,2146,1371,715,102,6
경기도 용인시 기흥구 영덕1동(4146351600),30235,30235,2968,3585,3746,4260,5773,5222,2849,1229,501,99,3,15061,15061,1529,1854,1988,2142,2807,2633,1337,576,174,20,1,15174,15174,1439,1731,1758,2118,2966,2589,1512,653,327,79,2
경기도 용인시 기흥구 영덕2동(4146351700),17465,17465,1788,1190,2334,3119,2739,2827,1892,778,615,178,5,8616,8616,894,595,1266,1561,1384,1337,911,379,223,64,2,8849,8849,894,595,1068,1558,1355,1490,981,399,392,114,3
경기도 용인시 기흥구 구갈동(4146352000),41531,41531,3954,3295,6494,7305,7085,6702,3907,1893,772,117,7,20778,20778,2023,1723,3259,3636,3636,3367,1912,889,308,24,1,20753,20753,1931,1572,3235,3669,3449,3335,1995,1004,464,93,6
경기도 용인시 기흥구 상갈동(4146353000),13209,13209,854,1202,1924,1876,2221,2320,1430,888,453,41,0,6833,6833,457,607,1048,1017,1148,1252,715,374,208,7,0,6376,6376,397,595,876,859,1073,1068,715,514,245,34,0
경기도 용인시 기흥구 보라동(4146353500),33202,33202,2656,4259,4028,3487,6309,5494,3584,2233,1011,133,8,16352,16352,1356,2186,2083,1682,3085,2767,1701,1017,425,48,2,16850,16850,1300,2073,1945,1805,3224,2727,1883,1216,586,85,6
경기도 용인시 기흥구 기흥동(4146354000),21566,21566,1641,2148,2571,2686,3784,3601,2840,1509,696,88,2,10712,10712,832,1109,1380,1388,1882,1781,1338,677,307,17,1,10854,10854,809,1039,1191,1298,1902,1820,1502,832,389,71,1
경기도 용인시 기흥구 서농동(4146355000),26189,26189,2824,2695,5160,4223,4638,3283,2094,859,366,45,2,13405,13405,1412,1341,2972,2158,2377,1583,1036,373,139,14,0,12784,12784,1412,1354,2188,2065,2261,1700,1058,486,227,31,2
경기도 용인시 기흥구 구성동(4146356000),40243,40243,3079,4799,4447,4160,7528,6505,4595,3289,1602,231,8,19411,19411,1595,2458,2315,2037,3576,3222,2037,1386,743,41,1,20832,20832,1484,2341,2132,2123,3952,3283,2558,1903,859,190,7
경기도 용인시 기흥구 마북동(4146357000),31976,31976,2367,3058,4063,3833,5268,5200,3857,2805,1327,187,11,15630,15630,1237,1583,2105,1924,2522,2501,1804,1252,630,68,4,16346,16346,1130,1475,1958,1909,2746,2699,2053,1553,697,119,7
경기도 용인시 기흥구 동백1동(4146357200),32556,32556,3006,5556,3619,3029,7537,5150,2332,1512,716,98,1,15611,15611,1460,2813,1811,1363,3517,2710,1029,603,277,28,0,16945,16945,1546,2743,1808,1666,4020,2440,1303,909,439,70,1
경기도 용인시 기흥구 동백2동(4146357500),27093,27093,2308,4549,3305,2178,5878,4701,2191,1285,616,78,4,13311,13311,1182,2350,1706,968,2671,2525,1035,566,280,27,1,13782,13782,1126,2199,1599,1210,3207,2176,1156,719,336,51,3
경기도 용인시 기흥구 동백3동(4146357700),26697,26697,3129,3438,2565,3505,5546,3379,2277,1823,933,101,1,12999,12999,1637,1742,1286,1596,2729,1712,1014,819,421,42,1,13698,13698,1492,1696,1279,1909,2817,1667,1263,1004,512,59,0
경기도 용인시 기흥구 상하동(4146358600),24268,24268,1693,2634,3284,2649,3987,4648,2995,1518,746,108,6,11793,11793,896,1363,1680,1296,1889,2261,1431,664,289,24,0,12475,12475,797,1271,1604,1353,2098,2387,1564,854,457,84,6
경기도 용인시 기흥구 보정동(4146359000),35984,35984,3002,4465,4202,3771,7064,5665,3584,2729,1313,185,4,17673,17673,1574,2293,2169,1758,3335,2904,1706,1245,626,63,0,18311,18311,1428,2172,2033,2013,3729,2761,1878,1484,687,122,4
경기도 용인시 수지구 (4146500000),375139,375139,34353,45010,45674,49509,71133,58349,35576,23381,10638,1470,46,182783,182783,17420,22859,23009,23624,33924,29404,16770,10465,4855,447,6,192356,192356,16933,22151,22665,25885,37209,28945,18806,12916,5783,1023,40
경기도 용인시 수지구 풍덕천1동(4146551000),36046,36046,2549,3485,5099,6247,5770,5541,3807,2277,1102,161,8,17992,17992,1330,1799,2632,3360,2809,2774,1787,1006,445,50,0,18054,18054,1219,1686,2467,2887,2961,2767,2020,1271,657,111,8
경기도 용인시 수지구 풍덕천2동(4146552000),40932,40932,4331,5679,4815,5803,8765,6023,2680,1691,1013,130,2,20117,20117,2186,2938,2392,2737,4261,3147,1345,676,396,39,0,20815,20815,2145,2741,2423,3066,4504,2876,1335,1015,617,91,2
경기도 용인시 수지구 신봉동(4146553000),37966,37966,3227,5298,4060,3827,7705,6212,3517,2739,1212,167,2,18339,18339,1603,2687,2081,1754,3542,3166,1656,1206,593,51,0,19627,19627,1624,2611,1979,2073,4163,3046,1861,1533,619,116,2
경기도 용인시 수지구 죽전1동(4146554000),28978,28978,2263,3489,3753,3274,5258,4894,3015,1906,996,125,5,14024,14024,1111,1799,1904,1554,2459,2417,1458,814,466,42,0,14954,14954,1152,1690,1849,1720,2799,2477,1557,1092,530,83,5
경기도 용인시 수지구 죽전2동(4146555000),18300,18300,1390,1493,2803,3130,2974,2935,1874,1061,537,98,5,9071,9071,720,775,1443,1591,1475,1418,902,491,218,37,1,9229,9229,670,718,1360,1539,1499,1517,972,570,319,61,4
경기도 용인시 수지구 죽전3동(4146555500),26899,26899,2200,3205,4068,3413,4928,4257,2510,1508,713,93,4,12994,12994,1107,1617,2035,1619,2375,2114,1156,650,290,31,0,13905,13905,1093,1588,2033,1794,2553,2143,1354,858,423,62,4
경기도 용인시 수지구 동천동(4146556000),50192,50192,5560,5385,5558,7620,9673,7468,5018,2701,1035,168,6,24711,24711,2877,2720,2820,3579,4733,3808,2393,1266,472,41,2,25481,25481,2683,2665,2738,4041,4940,3660,2625,1435,563,127,4
경기도 용인시 수지구 상현1동(4146557000),20293,20293,1949,2764,2223,2349,3941,3158,1816,1374,616,98,5,9718,9718,973,1366,1097,1063,1840,1608,849,603,297,20,2,10575,10575,976,1398,1126,1286,2101,1550,967,771,319,78,3
경기도 용인시 수지구 상현2동(4146558000),33101,33101,3044,4116,3698,3969,6339,5193,3137,2372,1100,131,2,16064,16064,1566,2137,1856,1858,3017,2574,1435,1058,517,45,1,17037,17037,1478,1979,1842,2111,3322,2619,1702,1314,583,86,1
경기도 용인시 수지구 상현3동(4146558500),27753,27753,2560,3292,3913,4120,5224,4200,2384,1379,598,82,1,13397,13397,1259,1678,1836,1983,2520,2088,1103,627,280,23,0,14356,14356,1301,1614,2077,2137,2704,2112,1281,752,318,59,1
경기도 용인시 수지구 성복동(4146559000),54679,54679,5280,6804,5684,5757,10556,8468,5818,4373,1716,217,6,26356,26356,2688,3343,2913,2526,4893,4290,2686,2068,881,68,0,28323,28323,2592,3461,2771,3231,5663,4178,3132,2305,835,149,6
경기도 파주시 (4148000000),486515,486515,42783,50540,59442,68319,83441,78233,56461,29001,15883,2340,72,246910,246910,21829,25885,32128,35900,42804,40808,28286,12832,5849,573,16,239605,239605,20954,24655,27314,32419,40637,37425,28175,16169,10034,1767,56
경기도 파주시 문산읍(4148025000),48370,48370,4453,4869,5516,7382,7633,7066,5861,3354,1984,242,10,24830,24830,2237,2491,3126,4079,4112,3692,2875,1456,679,81,2,23540,23540,2216,2378,2390,3303,3521,3374,2986,1898,1305,161,8
경기도 파주시 파주읍(4148025300),13719,13719,584,860,1524,1408,1741,2623,2567,1370,896,141,5,7315,7315,308,435,930,806,995,1489,1373,630,312,34,3,6404,6404,276,425,594,602,746,1134,1194,740,584,107,2
경기도 파주시 법원읍(4148025600),10421,10421,308,612,1283,917,1073,2000,2213,1198,710,106,1,5563,5563,166,322,788,542,614,1109,1183,553,255,31,0,4858,4858,142,290,495,375,459,891,1030,645,455,75,1
경기도 파주시 조리읍(4148026200),29585,29585,1558,2648,3495,2839,4324,5832,4940,2397,1367,176,9,15032,15032,790,1330,1909,1530,2253,3019,2525,1094,534,45,3,14553,14553,768,1318,1586,1309,2071,2813,2415,1303,833,131,6
경기도 파주시 월롱면(4148031000),9625,9625,141,246,2881,1688,1048,1339,1272,605,346,59,0,6546,6546,65,137,2211,1340,781,865,714,298,122,13,0,3079,3079,76,109,670,348,267,474,558,307,224,46,0
경기도 파주시 탄현면(4148032000),13473,13473,591,956,1482,1467,2054,2658,2271,1146,716,123,9,7347,7347,309,502,863,896,1175,1522,1244,538,276,22,0,6126,6126,282,454,619,571,879,1136,1027,608,440,101,9
경기도 파주시 광탄면(4148035000),11148,11148,416,578,1174,979,1248,2228,2425,1238,715,143,4,6090,6090,213,310,738,596,737,1257,1346,611,251,30,1,5058,5058,203,268,436,383,511,971,1079,627,464,113,3
경기도 파주시 파평면(4148036000),3860,3860,81,175,439,224,321,731,885,547,376,78,3,2056,2056,49,95,295,139,182,425,456,263,138,13,1,1804,1804,32,80,144,85,139,306,429,284,238,65,2
경기도 파주시 적성면(4148037000),7362,7362,533,486,932,869,760,1128,1310,839,432,68,5,4009,4009,266,275,633,495,430,615,716,390,171,17,1,3353,3353,267,211,299,374,330,513,594,449,261,51,4
경기도 파주시 장단면(4148039000),718,718,24,44,53,60,79,142,129,118,62,7,0,373,373,12,18,30,30,48,78,71,53,29,4,0,345,345,12,26,23,30,31,64,58,65,33,3,0
경기도 파주시 금촌1동(4148051000),22371,22371,985,1441,3474,2986,3118,4188,3410,1738,889,139,3,11996,11996,510,749,1978,1800,1728,2349,1762,764,319,35,2,10375,10375,475,692,1496,1186,1390,1839,1648,974,570,104,1
경기도 파주시 금촌2동(4148052000),32597,32597,2897,4143,4023,4207,5781,5430,3244,1757,979,135,1,15913,15913,1489,2145,2027,2125,2740,2755,1524,731,352,25,0,16684,16684,1408,1998,1996,2082,3041,2675,1720,1026,627,110,1
경기도 파주시 금촌3동(4148053000),27580,27580,2089,2670,3775,3510,4294,4956,3477,1737,935,136,1,14099,14099,1052,1414,2058,1887,2220,2540,1732,802,361,33,0,13481,13481,1037,1256,1717,1623,2074,2416,1745,935,574,103,1
경기도 파주시 교하동(4148054000),53615,53615,5529,6256,6272,8304,9835,8448,5093,2418,1244,212,4,27074,27074,2817,3251,3279,4255,4907,4444,2574,1059,452,36,0,26541,26541,2712,3005,2993,4049,4928,4004,2519,1359,792,176,4
경기도 파주시 운정1동(4148055000),52061,52061,4879,6325,6447,7499,9917,8154,5122,2357,1190,166,5,25550,25550,2493,3163,3155,3741,4897,4048,2515,1045,452,41,0,26511,26511,2386,3162,3292,3758,5020,4106,2607,1312,738,125,5
경기도 파주시 운정2동(4148056000),63031,63031,8341,7965,6287,10744,12857,8171,4707,2568,1206,180,5,30717,30717,4267,4013,3005,5211,6453,4111,2126,1033,446,50,2,32314,32314,4074,3952,3282,5533,6404,4060,2581,1535,760,130,3
경기도 파주시 운정3동(4148057000),86979,86979,9374,10266,10385,13236,17358,13139,7535,3614,1836,229,7,42400,42400,4786,5235,5103,6428,8532,6490,3550,1512,700,63,1,44579,44579,4588,5031,5282,6808,8826,6649,3985,2102,1136,166,6
경기도 이천시 (4150000000),222722,222722,17482,21783,30853,30621,35201,35812,29177,13441,7285,1041,26,115649,115649,9052,11302,17559,16600,18272,18642,15012,6268,2685,254,3,107073,107073,8430,10481,13294,14021,16929,17170,14165,7173,4600,787,23
경기도 이천시 장호원읍(4150025000),14435,14435,844,1306,1471,1403,1992,2366,2647,1431,859,112,4,7319,7319,428,678,849,762,1032,1238,1321,672,311,28,0,7116,7116,416,628,622,641,960,1128,1326,759,548,84,4
경기도 이천시 부발읍(4150025300),36000,36000,2877,4328,5210,4876,6578,5691,3819,1661,855,102,3,19071,19071,1501,2221,3142,2646,3365,3072,2003,775,324,22,0,16929,16929,1376,2107,2068,2230,3213,2619,1816,886,531,80,3
경기도 이천시 신둔면(4150031000),13974,13974,1015,934,1572,1796,1990,2676,2340,1049,523,77,2,7298,7298,509,497,853,982,1080,1389,1265,505,201,17,0,6676,6676,506,437,719,814,910,1287,1075,544,322,60,2
경기도 이천시 백사면(4150032000),11429,11429,718,868,1278,1264,1618,2180,1933,933,542,93,2,5824,5824,375,465,699,639,866,1100,1006,424,226,24,0,5605,5605,343,403,579,625,752,1080,927,509,316,69,2
경기도 이천시 호법면(4150033000),5840,5840,279,339,655,681,685,1085,1154,581,326,54,1,3138,3138,146,194,363,403,395,637,600,272,116,12,0,2702,2702,133,145,292,278,290,448,554,309,210,42,1
경기도 이천시 마장면(4150034000),15403,15403,1574,1172,2295,2845,2226,2107,1765,882,465,71,1,8421,8421,835,582,1405,1637,1268,1146,927,428,173,19,1,6982,6982,739,590,890,1208,958,961,838,454,292,52,0
경기도 이천시 대월면(4150035000),14529,14529,1036,1146,2689,2466,2167,1952,1697,844,463,68,1,7422,7422,530,589,1325,1321,1204,1025,853,400,161,14,0,7107,7107,506,557,1364,1145,963,927,844,444,302,54,1
경기도 이천시 모가면(4150036000),4367,4367,110,232,372,334,485,803,1034,560,382,55,0,2335,2335,59,145,226,205,279,446,547,273,141,14,0,2032,2032,51,87,146,129,206,357,487,287,241,41,0
경기도 이천시 설성면(4150037000),4686,4686,146,214,379,344,476,813,1122,680,440,68,4,2487,2487,72,105,236,214,287,463,605,327,163,15,0,2199,2199,74,109,143,130,189,350,517,353,277,53,4
경기도 이천시 율면(4150038000),2632,2632,52,112,166,148,214,429,716,404,334,57,0,1362,1362,30,65,98,89,134,226,386,187,135,12,0,1270,1270,22,47,68,59,80,203,330,217,199,45,0
경기도 이천시 창전동(4150051000),16880,16880,842,1440,2746,2182,2453,2833,2578,1200,537,69,0,8513,8513,434,734,1502,1276,1241,1364,1196,563,179,24,0,8367,8367,408,706,1244,906,1212,1469,1382,637,358,45,0
경기도 이천시 증포동(4150051500),57245,57245,6569,8077,7408,8478,11018,8691,4557,1554,774,118,1,28535,28535,3397,4192,3906,4050,5321,4390,2343,663,246,27,0,28710,28710,3172,3885,3502,4428,5697,4301,2214,891,528,91,1
경기도 이천시 중리동(4150052000),15043,15043,877,883,3146,2499,1865,2246,2074,935,449,65,4,8632,8632,455,478,2189,1616,1034,1155,1058,441,189,15,2,6411,6411,422,405,957,883,831,1091,1016,494,260,50,2
경기도 이천시 관고동(4150053000),10259,10259,543,732,1466,1305,1434,1940,1741,727,336,32,3,5292,5292,281,357,766,760,766,991,902,338,120,11,0,4967,4967,262,375,700,545,668,949,839,389,216,21,3
경기도 안성시 (4155000000),189772,189772,12831,17799,22908,22614,30177,32106,27971,14130,8029,1170,37,98093,98093,6657,9272,12652,12421,16180,17036,14148,6589,2879,254,5,91679,91679,6174,8527,10256,10193,13997,15070,13823,7541,5150,916,32
경기도 안성시 공도읍(4155025000),60022,60022,5332,7468,6942,8105,11971,9425,6044,3042,1485,198,10,30287,30287,2742,3833,3709,4229,6113,4919,2848,1348,503,40,3,29735,29735,2590,3635,3233,3876,5858,4506,3196,1694,982,158,7
경기도 안성시 보개면(4155031000),5322,5322,163,278,468,406,531,969,1270,688,465,82,2,2822,2822,88,167,272,241,318,532,696,326,168,14,0,2500,2500,75,111,196,165,213,437,574,362,297,68,2
경기도 안성시 금광면(4155032000),7308,7308,326,623,704,579,949,1329,1519,726,473,79,1,3646,3646,172,315,388,309,489,720,754,313,172,14,0,3662,3662,154,308,316,270,460,609,765,413,301,65,1
경기도 안성시 서운면(4155033000),3250,3250,71,133,262,222,311,642,775,457,333,43,1,1719,1719,37,74,168,130,188,367,403,221,119,12,0,1531,1531,34,59,94,92,123,275,372,236,214,31,1
경기도 안성시 미양면(4155034000),5797,5797,183,262,514,514,716,1048,1329,711,446,72,2,3170,3170,93,142,318,324,439,593,730,352,162,16,1,2627,2627,90,120,196,190,277,455,599,359,284,56,1
경기도 안성시 대덕면(4155035000),15516,15516,1222,1108,2151,2395,2697,2384,2076,937,480,65,1,8761,8761,651,584,1239,1434,1658,1400,1119,463,201,12,0,6755,6755,571,524,912,961,1039,984,957,474,279,53,1
경기도 안성시 양성면(4155036000),5238,5238,119,258,434,371,542,1010,1275,642,475,105,7,2732,2732,68,123,247,214,328,564,689,310,165,24,0,2506,2506,51,135,187,157,214,446,586,332,310,81,7
경기도 안성시 원곡면(4155038000),6575,6575,375,387,754,944,956,1236,1122,496,259,46,0,3682,3682,210,207,448,577,585,682,613,257,87,16,0,2893,2893,165,180,306,367,371,554,509,239,172,30,0
경기도 안성시 일죽면(4155039000),7487,7487,255,475,621,575,796,1286,1796,993,594,93,3,3965,3965,134,294,341,347,479,707,911,509,222,20,1,3522,3522,121,181,280,228,317,579,885,484,372,73,2
경기도 안성시 죽산면(4155040000),6850,6850,208,380,664,521,756,1383,1520,823,533,60,2,3654,3654,105,194,366,332,437,801,816,391,198,14,0,3196,3196,103,186,298,189,319,582,704,432,335,46,2
경기도 안성시 삼죽면(4155041000),3744,3744,69,310,504,253,329,653,798,481,311,35,1,1937,1937,30,170,254,157,201,351,410,240,116,8,0,1807,1807,39,140,250,96,128,302,388,241,195,27,1
경기도 안성시 고삼면(4155042000),1937,1937,52,76,174,147,172,372,496,246,170,29,3,1027,1027,28,40,108,88,105,202,260,122,69,5,0,910,910,24,36,66,59,67,170,236,124,101,24,3
경기도 안성시 안성1동(4155051000),12257,12257,647,982,1548,1288,1653,2193,2068,1135,644,99,0,6129,6129,306,492,860,694,863,1122,1009,522,244,17,0,6128,6128,341,490,688,594,790,1071,1059,613,400,82,0
경기도 안성시 안성2동(4155052000),26138,26138,2155,2634,3941,3690,4344,4173,3091,1376,651,80,3,13311,13311,1147,1371,2128,1961,2260,2092,1519,607,206,20,0,12827,12827,1008,1263,1813,1729,2084,2081,1572,769,445,60,3
경기도 안성시 안성3동(4155053000),22331,22331,1654,2425,3227,2604,3454,4003,2792,1377,710,84,1,11251,11251,846,1266,1806,1384,1717,1984,1371,608,247,22,0,11080,11080,808,1159,1421,1220,1737,2019,1421,769,463,62,1
경기도 김포시 (4157000000),485609,485609,52226,50418,51534,73073,93045,69787,54654,27203,11899,1721,49,242877,242877,26657,25667,26438,35839,48228,35594,26682,12796,4570,392,14,242732,242732,25569,24751,25096,37234,44817,34193,27972,14407,7329,1329,35
경기도 김포시 통진읍(4157025000),29122,29122,1721,2354,3472,3116,4275,5529,4961,2291,1218,179,6,15529,15529,862,1274,2066,1759,2397,3009,2627,1055,443,36,1,13593,13593,859,1080,1406,1357,1878,2520,2334,1236,775,143,5
경기도 김포시 고촌읍(4157025300),48177,48177,6293,4876,4201,8165,9751,6113,5420,2325,876,150,7,23998,23998,3279,2520,2092,3850,5022,3076,2590,1190,342,34,3,24179,24179,3014,2356,2109,4315,4729,3037,2830,1135,534,116,4
경기도 김포시 양촌읍(4157025600),29239,29239,2164,2543,2887,3804,4857,4982,4606,2185,1055,150,6,15390,15390,1107,1311,1586,2084,2736,2719,2384,1050,383,29,1,13849,13849,1057,1232,1301,1720,2121,2263,2222,1135,672,121,5
경기도 김포시 대곶면(4157034000),9968,9968,312,515,871,895,1240,2158,2235,1064,576,99,3,5840,5840,163,287,550,567,783,1372,1315,549,232,20,2,4128,4128,149,228,321,328,457,786,920,515,344,79,1
경기도 김포시 월곶면(4157035000),5428,5428,120,234,464,418,578,1081,1362,719,376,73,3,2995,2995,54,110,285,249,361,625,757,391,149,14,0,2433,2433,66,124,179,169,217,456,605,328,227,59,3
경기도 김포시 하성면(4157036000),8201,8201,255,431,748,697,854,1609,1910,1025,572,95,5,4453,4453,119,251,466,402,530,911,1046,480,226,21,1,3748,3748,136,180,282,295,324,698,864,545,346,74,4
경기도 김포시 김포본동(4157051500),60530,60530,5621,6229,7443,7843,10478,10363,7228,3423,1678,218,6,29750,29750,2829,3160,3934,3815,5166,5033,3588,1532,633,57,3,30780,30780,2792,3069,3509,4028,5312,5330,3640,1891,1045,161,3
경기도 김포시 장기본동(4157052500),38606,38606,4334,5629,3868,5022,8396,5314,3365,1852,726,99,1,18847,18847,2182,2871,1941,2332,4124,2683,1535,864,287,27,1,19759,19759,2152,2758,1927,2690,4272,2631,1830,988,439,72,0
경기도 김포시 사우동(4157054000),22472,22472,1431,2016,2997,2795,3638,4170,3039,1557,728,98,3,11270,11270,770,1049,1588,1474,1845,2055,1494,709,262,24,0,11202,11202,661,967,1409,1321,1793,2115,1545,848,466,74,3
경기도 김포시 풍무동(4157055000),61346,61346,6143,6951,7514,8680,11573,9162,6327,3367,1442,183,4,29863,29863,3166,3532,3627,4105,5707,4502,2982,1606,588,47,1,31483,31483,2977,3419,3887,4575,5866,4660,3345,1761,854,136,3
경기도 김포시 장기동(4157056000),41366,41366,5185,5327,3910,6064,9339,5216,3555,1911,754,105,0,20228,20228,2606,2634,1975,2860,4743,2644,1614,853,281,18,0,21138,21138,2579,2693,1935,3204,4596,2572,1941,1058,473,87,0
경기도 김포시 구래동(4157057000),45420,45420,6262,4257,5807,10051,9140,4431,3298,1563,539,68,4,22618,22618,3172,2081,2792,5069,4865,2214,1491,711,206,16,1,22802,22802,3090,2176,3015,4982,4275,2217,1807,852,333,52,3
경기도 김포시 마산동(4157057500),36093,36093,5399,3376,2963,7375,7508,3684,3217,1863,614,93,1,17851,17851,2789,1668,1433,3624,4047,1783,1396,852,234,25,0,18242,18242,2610,1708,1530,3751,3461,1901,1821,1011,380,68,1
경기도 김포시 운양동(4157058000),49641,49641,6986,5680,4389,8148,11418,5975,4131,2058,745,111,0,24245,24245,3559,2919,2103,3649,5902,2968,1863,954,304,24,0,25396,25396,3427,2761,2286,4499,5516,3007,2268,1104,441,87,0
경기도 화성시 (4159000000),892038,892038,99321,102360,109222,149583,173706,124939,80182,34202,16103,2363,57,463590,463590,50706,52141,59358,78543,92086,67114,41129,16113,5899,491,10,428448,428448,48615,50219,49864,71040,81620,57825,39053,18089,10204,1872,47
경기도 화성시 봉담읍(4159025300),85367,85367,7936,10174,10781,11944,16162,13296,9038,4053,1729,243,11,43314,43314,3988,5048,5616,6195,8336,7063,4513,1883,625,45,2,42053,42053,3948,5126,5165,5749,7826,6233,4525,2170,1104,198,9
경기도 화성시 우정읍(4159025600),17538,17538,777,1450,1775,1559,2663,3577,3074,1610,926,125,2,9643,9643,413,762,1093,960,1593,2063,1635,759,332,33,0,7895,7895,364,688,682,599,1070,1514,1439,851,594,92,2
경기도 화성시 향남읍(4159025900),87978,87978,9885,10506,10514,14920,18220,11819,7238,3148,1513,211,4,47212,47212,5115,5394,5821,8353,10199,6614,3691,1451,527,45,2,40766,40766,4770,5112,4693,6567,8021,5205,3547,1697,986,166,2
경기도 화성시 남양읍(4159026200),43470,43470,3970,3689,5828,7318,7215,6706,5352,2195,1017,175,5,23744,23744,2068,1902,3444,4304,4084,3652,2799,1078,376,37,0,19726,19726,1902,1787,2384,3014,3131,3054,2553,1117,641,138,5
경기도 화성시 매송면(4159031000),6956,6956,222,447,774,608,837,1450,1431,718,413,56,0,3681,3681,118,235,441,356,471,810,760,329,147,14,0,3275,3275,104,212,333,252,366,640,671,389,266,42,0
경기도 화성시 비봉면(4159032000),6574,6574,213,334,725,628,767,1243,1427,717,421,99,0,3734,3734,125,180,428,395,470,741,839,369,168,19,0,2840,2840,88,154,297,233,297,502,588,348,253,80,0
경기도 화성시 마도면(4159033000),7111,7111,220,381,735,818,979,1469,1367,685,398,57,2,4291,4291,121,213,498,568,665,906,806,348,157,9,0,2820,2820,99,168,237,250,314,563,561,337,241,48,2
경기도 화성시 송산면(4159034000),11135,11135,402,784,1018,923,1400,2143,2297,1233,778,153,4,6096,6096,201,442,603,580,815,1222,1277,608,308,40,0,5039,5039,201,342,415,343,585,921,1020,625,470,113,4
경기도 화성시 서신면(4159035000),7273,7273,166,291,535,561,779,1540,1865,884,560,90,2,4026,4026,84,146,344,345,484,901,1022,464,210,26,0,3247,3247,82,145,191,216,295,639,843,420,350,64,2
경기도 화성시 팔탄면(4159036000),10130,10130,312,446,982,1038,1432,2293,2142,858,546,78,3,6127,6127,157,232,679,700,962,1487,1263,436,195,15,1,4003,4003,155,214,303,338,470,806,879,422,351,63,2
경기도 화성시 장안면(4159037000),10327,10327,355,552,1025,886,1295,2132,2224,1103,677,78,0,6006,6006,199,297,641,572,862,1351,1280,531,246,27,0,4321,4321,156,255,384,314,433,781,944,572,431,51,0
경기도 화성시 양감면(4159040000),4014,4014,90,143,380,395,478,887,926,409,263,41,2,2482,2482,58,68,267,283,341,584,562,216,94,9,0,1532,1532,32,75,113,112,137,303,364,193,169,32,2
경기도 화성시 정남면(4159041000),11382,11382,349,699,1297,1176,1509,2417,2204,1014,610,104,3,6614,6614,181,377,801,791,970,1494,1257,497,229,17,0,4768,4768,168,322,496,385,539,923,947,517,381,87,3
경기도 화성시 새솔동(4159051500),25040,25040,4357,2707,2444,5036,5122,3231,1620,334,162,26,1,12532,12532,2141,1313,1278,2459,2686,1573,861,167,51,3,0,12508,12508,2216,1394,1166,2577,2436,1658,759,167,111,23,1
경기도 화성시 진안동(4159052000),43676,43676,3896,3820,7182,8392,7872,6225,3875,1612,706,94,2,23731,23731,1952,1979,4228,4867,4446,3319,1928,721,269,21,1,19945,19945,1944,1841,2954,3525,3426,2906,1947,891,437,73,1
경기도 화성시 병점1동(4159053000),36497,36497,3750,3662,6196,6411,6413,5017,3043,1369,567,66,3,18802,18802,1964,1881,3424,3400,3300,2513,1481,590,239,9,1,17695,17695,1786,1781,2772,3011,3113,2504,1562,779,328,57,2
경기도 화성시 병점2동(4159054000),23681,23681,2028,3832,3022,2736,5067,3538,1887,1037,477,57,0,11538,11538,1026,1907,1589,1341,2412,1813,859,411,171,9,0,12143,12143,1002,1925,1433,1395,2655,1725,1028,626,306,48,0
경기도 화성시 반월동(4159055000),31548,31548,3823,4066,3812,5312,6136,4444,2780,785,346,44,0,15956,15956,1944,2089,2029,2668,3127,2151,1428,401,111,8,0,15592,15592,1879,1977,1783,2644,3009,2293,1352,384,235,36,0
경기도 화성시 기배동(4159056000),13518,13518,1133,1738,1715,1442,2577,2365,1465,757,291,35,0,6896,6896,570,888,942,761,1308,1240,713,356,115,3,0,6622,6622,563,850,773,681,1269,1125,752,401,176,32,0
경기도 화성시 화산동(4159057000),22932,22932,1542,2147,3081,2809,3856,4181,3239,1389,601,87,0,12136,12136,789,1136,1770,1588,2136,2167,1657,657,225,11,0,10796,10796,753,1011,1311,1221,1720,2014,1582,732,376,76,0
경기도 화성시 동탄1동(4159058500),50751,50751,5643,6716,8157,9129,9987,6992,2657,1004,417,48,1,26230,26230,2845,3439,4429,4762,4967,3774,1360,474,171,9,0,24521,24521,2798,3277,3728,4367,5020,3218,1297,530,246,39,1
경기도 화성시 동탄2동(4159058600),34942,34942,3662,6532,3729,3709,8396,5147,2245,1056,425,40,1,17209,17209,1862,3267,1917,1701,3999,2746,1083,460,167,6,1,17733,17733,1800,3265,1812,2008,4397,2401,1162,596,258,34,0
경기도 화성시 동탄3동(4159058700),41798,41798,5130,5409,6350,7837,8526,4575,2262,1192,454,62,1,21591,21591,2643,2793,3513,4188,4325,2417,1012,502,181,17,0,20207,20207,2487,2616,2837,3649,4201,2158,1250,690,273,45,1
경기도 화성시 동탄4동(4159058800),52640,52640,8049,9386,4298,7857,13596,6124,2242,758,277,51,2,26145,26145,4066,4725,2161,3410,6838,3355,1151,342,90,6,1,26495,26495,3983,4661,2137,4447,6758,2769,1091,416,187,45,1
경기도 화성시 동탄5동(4159059000),45768,45768,6070,4626,5448,10857,8980,4907,3040,1276,489,72,3,22948,22948,3123,2352,2651,5495,4670,2489,1401,581,169,17,0,22820,22820,2947,2274,2797,5362,4310,2418,1639,695,320,55,3
경기도 화성시 동탄6동(4159060000),40516,40516,5481,4351,6021,8741,7997,4714,2132,749,277,50,3,20921,20921,2817,2246,3061,4536,4223,2525,1059,356,89,9,0,19595,19595,2664,2105,2960,4205,3774,2189,1073,393,188,41,3
경기도 화성시 동탄7동(4159061000),86680,86680,13903,10340,8476,18178,18831,9470,5192,1657,549,82,2,43451,43451,7092,5257,4267,8809,9837,4667,2505,831,166,19,1,43229,43229,6811,5083,4209,9369,8994,4803,2687,826,383,63,1
경기도 화성시 동탄8동(4159062000),32796,32796,5957,3132,2922,8363,6614,3037,1918,600,214,39,0,16534,16534,3044,1573,1423,4156,3560,1477,927,295,71,8,0,16262,16262,2913,1559,1499,4207,3054,1560,991,305,143,31,0
경기도 화성시동부출장소 (4159200000),0,0,0,0,0,0,0,0,0,0,0,0,0,0,0,0,0,0,0,0,0,0,0,0,0,0,0,0,0,0,0,0,0,0,0,0,0,0,0
경기도 화성시동탄출장소 (4159400000),0,0,0,0,0,0,0,0,0,0,0,0,0,0,0,0,0,0,0,0,0,0,0,0,0,0,0,0,0,0,0,0,0,0,0,0,0,0,0
경기도 광주시 (4161000000),388893,388893,32763,34308,44419,55022,68394,65976,53532,23427,9644,1358,50,198452,198452,16712,17578,23630,28627,35971,33807,26705,11354,3772,288,8,190441,190441,16051,16730,20789,26395,32423,32169,26827,12073,5872,1070,42
경기도 광주시 오포읍(4161025000),112799,112799,10232,9044,12930,18471,20777,17924,14287,6313,2447,361,13,56888,56888,5206,4655,6790,9578,11015,8757,6876,2971,957,79,4,55911,55911,5026,4389,6140,8893,9762,9167,7411,3342,1490,282,9
경기도 광주시 초월읍(4161025300),47722,47722,3492,4872,5629,6247,8233,8505,6502,2795,1277,164,6,24790,24790,1826,2505,3001,3278,4340,4571,3395,1358,484,31,1,22932,22932,1666,2367,2628,2969,3893,3934,3107,1437,793,133,5
경기도 광주시 곤지암읍(4161025900),22972,22972,1262,1746,2758,2659,3456,4516,3883,1677,887,126,2,12273,12273,668,938,1515,1479,1880,2503,2090,831,340,29,0,10699,10699,594,808,1243,1180,1576,2013,1793,846,547,97,2
경기도 광주시 도척면(4161033000),9543,9543,405,630,988,968,1316,1909,1929,868,439,86,5,5226,5226,205,332,563,581,756,1074,1076,450,166,21,2,4317,4317,200,298,425,387,560,835,853,418,273,65,3
경기도 광주시 퇴촌면(4161034000),15848,15848,974,1268,1221,1410,2536,2713,3178,1706,722,118,2,8059,8059,483,685,668,753,1359,1408,1534,850,290,29,0,7789,7789,491,583,553,657,1177,1305,1644,856,432,89,2
경기도 광주시 남종면(4161035000),1500,1500,27,56,99,97,141,258,437,223,137,25,0,787,787,17,25,54,55,75,149,236,113,57,6,0,713,713,10,31,45,42,66,109,201,110,80,19,0
경기도 광주시 남한산성면(4161037000),2483,2483,146,162,169,208,311,444,546,293,174,27,3,1311,1311,76,85,95,98,167,256,300,150,76,7,1,1172,1172,70,77,74,110,144,188,246,143,98,20,2
경기도 광주시 경안동(4161051000),29728,29728,2908,2565,3796,4694,4995,4700,3613,1665,711,80,1,15264,15264,1493,1317,2031,2427,2649,2512,1813,764,251,7,0,14464,14464,1415,1248,1765,2267,2346,2188,1800,901,460,73,1
경기도 광주시 송정동(4161052000),21886,21886,1423,1999,2651,2803,3620,4055,3264,1451,545,72,3,11059,11059,709,953,1417,1497,1890,2052,1621,700,203,17,0,10827,10827,714,1046,1234,1306,1730,2003,1643,751,342,55,3
경기도 광주시 쌍령동(4161054000),18302,18302,1804,1599,2272,2678,3194,3144,2306,921,332,48,4,9142,9142,940,773,1185,1371,1627,1507,1144,440,144,11,0,9160,9160,864,826,1087,1307,1567,1637,1162,481,188,37,4
경기도 광주시 탄벌동(4161055000),38729,38729,2709,3503,4840,4878,6643,7400,5673,2180,808,91,4,19665,19665,1346,1775,2576,2638,3409,3710,2806,1066,317,22,0,19064,19064,1363,1728,2264,2240,3234,3690,2867,1114,491,69,4
경기도 광주시 광남1동(4161056000),33729,33729,2457,2680,4204,4573,5709,6149,5043,2069,739,101,5,17301,17301,1264,1397,2250,2388,3056,3103,2491,1031,302,19,0,16428,16428,1193,1283,1954,2185,2653,3046,2552,1038,437,82,5
경기도 광주시 광남2동(4161057000),33652,33652,4924,4184,2862,5336,7463,4259,2871,1266,426,59,2,16687,16687,2479,2138,1485,2484,3748,2205,1323,630,185,10,0,16965,16965,2445,2046,1377,2852,3715,2054,1548,636,241,49,2
경기도 양주시 (4163000000),236142,236142,19182,24242,27424,27622,39702,39780,32096,16696,8206,1157,35,119703,119703,9735,12335,14793,14317,20354,20818,16171,7818,3101,252,9,116439,116439,9447,11907,12631,13305,19348,18962,15925,8878,5105,905,26
경기도 양주시 백석읍(4163025000),26192,26192,1189,2337,3143,2260,3732,5139,4679,2291,1242,176,4,13274,13274,571,1223,1721,1223,1905,2671,2392,1089,447,32,0,12918,12918,618,1114,1422,1037,1827,2468,2287,1202,795,144,4
경기도 양주시 은현면(4163031000),5796,5796,144,288,625,458,610,1180,1435,655,343,57,1,3300,3300,75,157,380,294,384,718,806,353,120,13,0,2496,2496,69,131,245,164,226,462,629,302,223,44,1
경기도 양주시 남면(4163032000),6891,6891,367,356,781,768,762,1208,1490,694,386,78,1,3852,3852,179,173,513,468,468,703,847,338,148,15,0,3039,3039,188,183,268,300,294,505,643,356,238,63,1
경기도 양주시 광적면(4163033000),11748,11748,562,831,1191,1118,1561,2436,2344,1052,574,79,0,6358,6358,278,457,717,632,895,1348,1278,513,220,20,0,5390,5390,284,374,474,486,666,1088,1066,539,354,59,0
경기도 양주시 장흥면(4163034000),10944,10944,514,480,1129,1101,1188,1878,2371,1375,737,167,4,5613,5613,278,262,686,613,635,969,1159,690,285,34,2,5331,5331,236,218,443,488,553,909,1212,685,452,133,2
경기도 양주시 양주1동(4163051000),5150,5150,186,265,488,428,575,973,1136,664,377,57,1,2702,2702,92,145,278,245,319,519,648,304,142,10,0,2448,2448,94,120,210,183,256,454,488,360,235,47,1
경기도 양주시 양주2동(4163052000),50000,50000,4268,6925,5517,4824,9923,7930,5538,3395,1491,184,5,24470,24470,2134,3505,2815,2379,4865,4104,2507,1521,591,49,0,25530,25530,2134,3420,2702,2445,5058,3826,3031,1874,900,135,5
경기도 양주시 회천1동(4163053000),9745,9745,655,689,1496,1237,1319,1739,1482,722,360,42,4,5177,5177,342,366,874,691,703,941,773,341,138,6,2,4568,4568,313,323,622,546,616,798,709,381,222,36,2
경기도 양주시 회천2동(4163054000),27126,27126,1789,2598,3390,2833,4122,5379,4122,1916,880,97,0,13728,13728,922,1341,1808,1517,2089,2759,2082,860,328,22,0,13398,13398,867,1257,1582,1316,2033,2620,2040,1056,552,75,0
경기도 양주시 회천3동(4163055000),27243,27243,2096,3282,3847,2961,4651,4914,2749,1623,997,115,8,13489,13489,1084,1660,2027,1501,2262,2526,1354,650,389,32,4,13754,13754,1012,1622,1820,1460,2389,2388,1395,973,608,83,4
경기도 양주시 회천4동(4163056000),55307,55307,7412,6191,5817,9634,11259,7004,4750,2309,819,105,7,27740,27740,3780,3046,2974,4754,5829,3560,2325,1159,293,19,1,27567,27567,3632,3145,2843,4880,5430,3444,2425,1150,526,86,6
경기도 포천시 (4165000000),148469,148469,7927,11546,17869,14581,19384,29105,27508,12364,7129,1020,36,78734,78734,4068,6055,10348,8196,10440,15984,14953,5844,2584,250,12,69735,69735,3859,5491,7521,6385,8944,13121,12555,6520,4545,770,24
경기도 포천시 소흘읍(4165025000),45340,45340,2743,4766,6002,4419,6931,9349,6827,2645,1427,222,9,23140,23140,1409,2483,3228,2261,3464,4922,3586,1230,512,44,1,22200,22200,1334,2283,2774,2158,3467,4427,3241,1415,915,178,8
경기도 포천시 군내면(4165031000),8624,8624,555,533,924,1065,1086,1578,1662,716,432,72,1,4644,4644,287,265,536,599,609,877,937,367,153,14,0,3980,3980,268,268,388,466,477,701,725,349,279,58,1
경기도 포천시 내촌면(4165032000),4509,4509,93,163,411,331,479,1075,1141,485,289,42,0,2632,2632,55,86,263,213,317,636,685,241,123,13,0,1877,1877,38,77,148,118,162,439,456,244,166,29,0
경기도 포천시 가산면(4165033000),7575,7575,188,365,728,595,811,1778,1857,714,467,70,2,4462,4462,95,194,437,365,542,1106,1138,380,189,14,2,3113,3113,93,171,291,230,269,672,719,334,278,56,0
경기도 포천시 신북면(4165034000),12490,12490,613,889,1403,1227,1545,2473,2594,1072,582,87,5,6879,6879,318,503,836,731,850,1441,1439,521,214,25,1,5611,5611,295,386,567,496,695,1032,1155,551,368,62,4
경기도 포천시 창수면(4165035000),2105,2105,40,57,178,111,178,353,617,333,216,22,0,1179,1179,24,36,122,76,102,216,343,162,89,9,0,926,926,16,21,56,35,76,137,274,171,127,13,0
경기도 포천시 영중면(4165036000),4731,4731,146,237,380,268,463,925,1216,653,396,46,1,2561,2561,74,129,222,158,289,538,685,303,144,19,0,2170,2170,72,108,158,110,174,387,531,350,252,27,1
경기도 포천시 일동면(4165037000),9392,9392,429,667,959,857,1160,1546,1982,1040,629,119,4,4920,4920,225,354,592,517,660,826,1022,485,209,29,1,4472,4472,204,313,367,340,500,720,960,555,420,90,3
경기도 포천시 이동면(4165038000),6219,6219,510,331,820,909,608,818,1151,664,368,38,2,3407,3407,253,165,573,556,350,444,604,317,134,10,1,2812,2812,257,166,247,353,258,374,547,347,234,28,1
경기도 포천시 영북면(4165039000),8194,8194,590,435,966,956,821,1212,1579,933,611,89,2,4433,4433,310,218,678,584,472,691,818,409,226,26,1,3761,3761,280,217,288,372,349,521,761,524,385,63,1
경기도 포천시 관인면(4165040000),2686,2686,44,113,224,126,214,497,706,469,263,29,1,1408,1408,20,49,148,85,135,265,375,225,100,5,1,1278,1278,24,64,76,41,79,232,331,244,163,24,0
경기도 포천시 화현면(4165041000),2715,2715,187,141,289,325,276,422,578,287,185,25,0,1433,1433,96,63,166,178,160,229,332,139,65,5,0,1282,1282,91,78,123,147,116,193,246,148,120,20,0
경기도 포천시 포천동(4165051000),18981,18981,1112,1760,2549,1988,2636,3697,3044,1384,719,87,5,9594,9594,551,942,1388,1075,1289,1917,1558,612,244,16,2,9387,9387,561,818,1161,913,1347,1780,1486,772,475,71,3
경기도 포천시 선단동(4165052000),14908,14908,677,1089,2036,1404,2176,3382,2554,969,545,72,4,8042,8042,351,568,1159,798,1201,1876,1431,453,182,21,2,6866,6866,326,521,877,606,975,1506,1123,516,363,51,2
경기도 여주시 (4167000000),112410,112410,6768,9333,11720,11055,15797,20064,20430,10429,5858,928,28,57176,57176,3482,4831,6435,5854,8118,10576,10381,5068,2199,227,5,55234,55234,3286,4502,5285,5201,7679,9488,10049,5361,3659,701,23
경기도 여주시 가남읍(4167025000),15067,15067,848,1182,1564,1638,2160,2712,2717,1380,740,121,5,7828,7828,418,611,864,932,1157,1475,1371,682,280,36,2,7239,7239,430,571,700,706,1003,1237,1346,698,460,85,3
경기도 여주시 점동면(4167031000),4780,4780,191,241,428,292,417,862,1178,688,407,74,2,2468,2468,113,133,257,157,229,461,605,349,142,22,0,2312,2312,78,108,171,135,188,401,573,339,265,52,2
경기도 여주시 흥천면(4167032000),5082,5082,168,248,386,340,492,899,1296,749,428,73,3,2664,2664,92,136,222,195,274,501,668,386,171,18,1,2418,2418,76,112,164,145,218,398,628,363,257,55,2
경기도 여주시 금사면(4167033000),2946,2946,85,120,202,184,250,542,820,447,249,47,0,1529,1529,44,56,128,100,134,294,436,226,101,10,0,1417,1417,41,64,74,84,116,248,384,221,148,37,0
경기도 여주시 세종대왕면(4167034500),6175,6175,240,410,494,455,653,1048,1458,809,532,76,0,3193,3193,119,201,281,245,382,593,760,416,183,13,0,2982,2982,121,209,213,210,271,455,698,393,349,63,0
경기도 여주시 대신면(4167035000),6892,6892,186,392,594,406,619,1213,1746,972,660,100,4,3587,3587,88,225,359,231,346,660,927,463,253,34,1,3305,3305,98,167,235,175,273,553,819,509,407,66,3
경기도 여주시 북내면(4167036000),4901,4901,132,332,422,273,545,959,1131,597,442,67,1,2572,2572,78,201,240,145,291,552,602,279,168,16,0,2329,2329,54,131,182,128,254,407,529,318,274,51,1
경기도 여주시 강천면(4167037000),4265,4265,117,256,332,295,450,879,1006,566,301,63,0,2214,2214,59,132,197,155,249,488,508,286,126,14,0,2051,2051,58,124,135,140,201,391,498,280,175,49,0
경기도 여주시 산북면(4167038000),2494,2494,102,138,163,177,247,416,637,368,212,34,0,1256,1256,48,65,90,102,130,214,333,173,93,8,0,1238,1238,54,73,73,75,117,202,304,195,119,26,0
경기도 여주시 여흥동(4167051000),21474,21474,1303,1880,2683,2278,3388,3893,3490,1596,838,120,5,10757,10757,681,961,1437,1172,1710,1956,1744,761,309,26,0,10717,10717,622,919,1246,1106,1678,1937,1746,835,529,94,5
경기도 여주시 중앙동(4167052000),19783,19783,1547,2230,2454,2184,3264,3538,2664,1237,574,87,4,9926,9926,791,1156,1310,1144,1577,1868,1287,565,211,17,0,9857,9857,756,1074,1144,1040,1687,1670,1377,672,363,70,4
경기도 여주시 오학동(4167053000),18551,18551,1849,1904,1998,2533,3312,3103,2287,1020,475,66,4,9182,9182,951,954,1050,1276,1639,1514,1140,482,162,13,1,9369,9369,898,950,948,1257,1673,1589,1147,538,313,53,3
경기도 연천군 (4180000000),42731,42731,2479,2991,5026,4069,4707,6963,8159,4840,3062,420,15,22438,22438,1267,1573,3232,2349,2564,3772,4244,2221,1107,104,5,20293,20293,1212,1418,1794,1720,2143,3191,3915,2619,1955,316,10
경기도 연천군 연천읍(4180025000),7599,7599,681,393,1117,1009,746,1043,1165,819,548,74,4,4125,4125,339,219,785,615,413,595,598,351,191,18,1,3474,3474,342,174,332,394,333,448,567,468,357,56,3
경기도 연천군 전곡읍(4180025300),18969,18969,1395,1854,2268,2093,2567,3152,3020,1518,933,163,6,9686,9686,716,947,1307,1137,1311,1658,1531,720,313,44,2,9283,9283,679,907,961,956,1256,1494,1489,798,620,119,4
경기도 연천군 군남면(4180031000),3132,3132,84,152,312,179,264,539,750,490,329,30,3,1665,1665,45,82,209,114,155,303,408,228,114,5,2,1467,1467,39,70,103,65,109,236,342,262,215,25,1
경기도 연천군 청산면(4180032000),4148,4148,116,197,529,259,397,737,995,533,338,46,1,2204,2204,49,108,377,167,234,400,508,230,118,13,0,1944,1944,67,89,152,92,163,337,487,303,220,33,1
경기도 연천군 백학면(4180033000),2548,2548,66,134,206,150,230,480,608,391,263,19,1,1361,1361,36,76,127,98,126,270,321,183,117,7,0,1187,1187,30,58,79,52,104,210,287,208,146,12,1
경기도 연천군 미산면(4180034000),1729,1729,40,65,115,127,128,316,494,250,165,29,0,929,929,23,37,68,74,82,173,279,115,70,8,0,800,800,17,28,47,53,46,143,215,135,95,21,0
경기도 연천군 왕징면(4180035000),1006,1006,22,48,68,60,78,145,250,205,119,11,0,554,554,15,34,43,35,54,85,132,100,55,1,0,452,452,7,14,25,25,24,60,118,105,64,10,0
경기도 연천군 신서면(4180036000),2690,2690,53,105,319,135,220,391,667,488,277,35,0,1431,1431,27,50,244,80,142,210,353,225,93,7,0,1259,1259,26,55,75,55,78,181,314,263,184,28,0
경기도 연천군 중면(4180037000),188,188,4,10,38,16,15,25,43,20,15,2,0,114,114,2,6,35,9,8,12,26,11,5,0,0,74,74,2,4,3,7,7,13,17,9,10,2,0
경기도 연천군 장남면(4180038000),722,722,18,33,54,41,62,135,167,126,75,11,0,369,369,15,14,37,20,39,66,88,58,31,1,0,353,353,3,19,17,21,23,69,79,68,44,10,0
경기도 가평군 (4182000000),62168,62168,3047,4471,6009,5406,7722,11043,13153,6834,3913,549,21,32046,32046,1537,2296,3489,2957,4147,5866,6777,3283,1534,154,6,30122,30122,1510,2175,2520,2449,3575,5177,6376,3551,2379,395,15
경기도 가평군 가평읍(4182025000),19532,19532,1062,1677,2125,1804,2649,3397,3579,1890,1182,159,8,9931,9931,545,893,1166,959,1404,1807,1787,877,450,42,1,9601,9601,517,784,959,845,1245,1590,1792,1013,732,117,7
경기도 가평군 설악면(4182031000),9656,9656,493,757,885,799,1097,1669,2172,1051,621,110,2,4966,4966,238,360,482,451,571,902,1119,552,255,35,1,4690,4690,255,397,403,348,526,767,1053,499,366,75,1
경기도 가평군 청평면(4182032500),13915,13915,566,952,1247,1088,1843,2618,2941,1640,899,116,5,7097,7097,287,482,719,575,1001,1398,1497,751,353,32,2,6818,6818,279,470,528,513,842,1220,1444,889,546,84,3
경기도 가평군 상면(4182033000),5688,5688,153,244,512,389,560,1112,1490,773,396,59,0,2999,2999,75,133,357,218,315,569,772,389,156,15,0,2689,2689,78,111,155,171,245,543,718,384,240,44,0
경기도 가평군 조종면(4182034500),9556,9556,647,664,1016,1095,1205,1553,1917,922,481,52,4,5083,5083,332,341,623,622,652,805,1055,444,192,16,1,4473,4473,315,323,393,473,553,748,862,478,289,36,3
경기도 가평군 북면(4182035000),3821,3821,126,177,224,231,368,694,1054,558,334,53,2,1970,1970,60,87,142,132,204,385,547,270,128,14,1,1851,1851,66,90,82,99,164,309,507,288,206,39,1
경기도 양평군 (4183000000),121789,121789,6937,9676,10446,10606,16376,20976,25237,13494,6935,1078,28,61176,61176,3578,5061,5801,5433,8284,10776,12566,6694,2735,243,5,60613,60613,3359,4615,4645,5173,8092,10200,12671,6800,4200,835,23
경기도 양평군 양평읍(4183025000),31683,31683,2154,3281,3581,3213,4899,5483,5050,2549,1295,173,5,15877,15877,1099,1681,1986,1648,2355,2810,2542,1240,471,45,0,15806,15806,1055,1600,1595,1565,2544,2673,2508,1309,824,128,5
경기도 양평군 강상면(4183031000),10391,10391,832,927,820,1080,1653,1638,1920,994,465,61,1,5168,5168,412,500,421,525,821,840,932,514,190,13,0,5223,5223,420,427,399,555,832,798,988,480,275,48,1
경기도 양평군 강하면(4183032000),4891,4891,175,242,348,369,508,867,1343,712,280,44,3,2461,2461,96,139,196,195,249,437,640,386,113,9,1,2430,2430,79,103,152,174,259,430,703,326,167,35,2
경기도 양평군 양서면(4183033000),13970,13970,723,1025,1202,1150,1837,2488,2983,1673,767,119,3,6951,6951,391,519,655,585,934,1223,1446,830,334,33,1,7019,7019,332,506,547,565,903,1265,1537,843,433,86,2
경기도 양평군 옥천면(4183034000),8268,8268,468,579,732,752,1088,1465,1755,929,442,58,0,4212,4212,232,309,440,396,581,744,881,444,170,15,0,4056,4056,236,270,292,356,507,721,874,485,272,43,0
경기도 양평군 서종면(4183035000),10065,10065,595,877,627,844,1507,1752,2257,1083,440,81,2,5007,5007,295,458,358,393,751,904,1081,573,177,17,0,5058,5058,300,419,269,451,756,848,1176,510,263,64,2
경기도 양평군 단월면(4183036000),3877,3877,118,216,249,259,388,678,1043,561,315,50,0,1977,1977,57,100,149,146,216,355,542,285,120,7,0,1900,1900,61,116,100,113,172,323,501,276,195,43,0
경기도 양평군 청운면(4183037000),3799,3799,100,143,217,196,357,646,1090,591,395,60,4,1964,1964,62,87,124,109,214,335,567,281,168,15,2,1835,1835,38,56,93,87,143,311,523,310,227,45,2
경기도 양평군 양동면(4183038000),4626,4626,131,200,257,272,403,871,1251,710,433,94,4,2331,2331,79,99,150,151,224,463,632,346,171,15,1,2295,2295,52,101,107,121,179,408,619,364,262,79,3
경기도 양평군 지평면(4183039500),7047,7047,230,377,470,408,702,1210,1858,1035,631,123,3,3578,3578,128,228,252,220,383,636,973,503,226,29,0,3469,3469,102,149,218,188,319,574,885,532,405,94,3
경기도 양평군 용문면(4183040000),17933,17933,1198,1486,1575,1697,2418,2970,3392,1931,1092,171,3,9003,9003,625,769,867,875,1231,1538,1686,933,441,38,0,8930,8930,573,717,708,822,1187,1432,1706,998,651,133,3
경기도 양평군 개군면(4183041000),5239,5239,213,323,368,366,616,908,1295,726,380,44,0,2647,2647,102,172,203,190,325,491,644,359,154,7,0,2592,2592,111,151,165,176,291,417,651,367,226,37,0
강원도  (4200000000),1539038,1539038,99379,132947,173587,161505,218809,264247,263043,134783,78574,11815,349,774562,774562,50847,69116,97650,85318,111759,136456,131407,61101,28255,2581,72,764476,764476,48532,63831,75937,76187,107050,127791,131636,73682,50319,9234,277
동해출장소  (4210500000),0,0,0,0,0,0,0,0,0,0,0,0,0,0,0,0,0,0,0,0,0,0,0,0,0,0,0,0,0,0,0,0,0,0,0,0,0,0,0
강원도 춘천시 (4211000000),285575,285575,20611,26365,37495,34297,41984,46906,42283,20675,12937,1959,63,140937,140937,10519,13680,20048,17663,20683,23618,20455,9079,4703,470,19,144638,144638,10092,12685,17447,16634,21301,23288,21828,11596,8234,1489,44
강원도 춘천시 신북읍(4211025000),7503,7503,294,425,701,630,824,1380,1585,870,684,107,3,3763,3763,142,217,404,332,450,726,822,386,252,31,1,3740,3740,152,208,297,298,374,654,763,484,432,76,2
강원도 춘천시 동면(4211031000),19415,19415,1899,2446,1919,2139,3545,3029,2727,999,593,116,3,9571,9571,971,1268,1043,990,1726,1555,1349,446,202,21,0,9844,9844,928,1178,876,1149,1819,1474,1378,553,391,95,3
강원도 춘천시 동산면(4211032000),1451,1451,24,55,108,87,103,225,458,197,179,14,1,781,781,8,36,61,54,67,126,264,96,65,4,0,670,670,16,19,47,33,36,99,194,101,114,10,1
강원도 춘천시 신동면(4211033000),2604,2604,98,135,230,195,249,488,647,290,235,37,0,1351,1351,55,61,144,104,143,278,327,142,91,6,0,1253,1253,43,74,86,91,106,210,320,148,144,31,0
강원도 춘천시 남면(4211034000),1081,1081,21,27,53,48,84,188,314,191,129,26,0,588,588,14,18,31,32,46,117,168,100,53,9,0,493,493,7,9,22,16,38,71,146,91,76,17,0
강원도 춘천시 서면(4211035000),3720,3720,96,164,227,212,314,651,1012,559,396,86,3,1915,1915,41,101,128,111,185,375,546,273,140,15,0,1805,1805,55,63,99,101,129,276,466,286,256,71,3
강원도 춘천시 사북면(4211036000),2493,2493,66,125,163,112,200,426,740,365,254,40,2,1238,1238,33,67,105,67,97,212,380,182,87,7,1,1255,1255,33,58,58,45,103,214,360,183,167,33,1
강원도 춘천시 북산면(4211038000),969,969,12,15,30,37,58,189,310,194,109,15,0,534,534,6,7,17,27,34,113,183,97,48,2,0,435,435,6,8,13,10,24,76,127,97,61,13,0
강원도 춘천시 동내면(4211039000),17087,17087,1242,1673,2061,2196,2786,2819,2502,1045,653,108,2,8517,8517,652,849,1046,1152,1398,1458,1235,455,246,26,0,8570,8570,590,824,1015,1044,1388,1361,1267,590,407,82,2
강원도 춘천시 남산면(4211040000),3427,3427,74,138,215,226,333,645,933,504,303,51,5,1809,1809,44,77,123,133,196,365,486,254,114,15,2,1618,1618,30,61,92,93,137,280,447,250,189,36,3
강원도 춘천시 교동(4211052000),3548,3548,95,160,945,426,338,478,533,351,199,22,1,1839,1839,58,91,522,247,173,255,250,172,61,9,1,1709,1709,37,69,423,179,165,223,283,179,138,13,0
강원도 춘천시 조운동(4211053000),2644,2644,70,109,337,268,327,446,511,319,222,34,1,1283,1283,33,62,169,143,180,237,246,136,69,7,1,1361,1361,37,47,168,125,147,209,265,183,153,27,0
강원도 춘천시 약사명동(4211054500),3376,3376,228,200,412,448,446,535,536,325,205,39,2,1582,1582,103,97,203,231,223,275,248,125,68,8,1,1794,1794,125,103,209,217,223,260,288,200,137,31,1
강원도 춘천시 근화동(4211057000),8371,8371,865,630,965,1442,1085,1153,1110,633,426,60,2,4205,4205,447,351,471,767,570,643,548,231,153,22,2,4166,4166,418,279,494,675,515,510,562,402,273,38,0
강원도 춘천시 소양동(4211058000),9181,9181,694,744,1136,1120,1304,1586,1357,743,432,63,2,4513,4513,350,402,609,576,687,778,644,290,160,17,0,4668,4668,344,342,527,544,617,808,713,453,272,46,2
강원도 춘천시 후평1동(4211060000),11419,11419,447,793,1810,1295,1458,1845,1977,1044,655,93,2,5708,5708,235,418,955,737,745,938,957,462,237,24,0,5711,5711,212,375,855,558,713,907,1020,582,418,69,2
강원도 춘천시 후평2동(4211061000),14470,14470,1184,1371,2138,2013,2078,2266,1804,920,596,96,4,6884,6884,591,704,1083,1005,996,1076,817,375,210,27,0,7586,7586,593,667,1055,1008,1082,1190,987,545,386,69,4
강원도 춘천시 후평3동(4211061100),20551,20551,1607,1867,2547,2605,3015,3353,3047,1475,918,112,5,9799,9799,817,939,1320,1345,1441,1578,1415,614,302,25,3,10752,10752,790,928,1227,1260,1574,1775,1632,861,616,87,2
강원도 춘천시 효자1동(4211062000),4356,4356,293,363,525,434,626,728,705,380,263,38,1,2162,2162,138,206,271,232,322,369,344,156,113,11,0,2194,2194,155,157,254,202,304,359,361,224,150,27,1
강원도 춘천시 효자2동(4211063000),12029,12029,369,630,2977,1301,1328,1750,1770,1101,708,91,4,6321,6321,184,319,1720,774,743,970,853,472,265,18,3,5708,5708,185,311,1257,527,585,780,917,629,443,73,1
강원도 춘천시 효자3동(4211064000),4420,4420,129,231,971,583,469,659,693,383,265,35,2,2225,2225,67,119,480,328,265,346,331,165,117,7,0,2195,2195,62,112,491,255,204,313,362,218,148,28,2
강원도 춘천시 석사동(4211065000),34267,34267,2127,4115,4963,3507,5507,6177,4301,2124,1269,172,5,16868,16868,1083,2090,2636,1845,2609,3097,2090,902,472,43,1,17399,17399,1044,2025,2327,1662,2898,3080,2211,1222,797,129,4
강원도 춘천시 퇴계동(4211066000),48247,48247,4033,5532,6198,5837,7973,8231,6055,2574,1577,234,3,23257,23257,2061,2840,3290,2885,3679,3955,2815,1107,568,56,1,24990,24990,1972,2692,2908,2952,4294,4276,3240,1467,1009,178,2
강원도 춘천시 강남동(4211067500),24253,24253,2149,2077,2876,3591,3738,3962,3455,1519,739,138,9,11822,11822,1087,1099,1493,1787,1823,1884,1610,731,273,33,2,12431,12431,1062,978,1383,1804,1915,2078,1845,788,466,105,7
강원도 춘천시 신사우동(4211070500),24693,24693,2495,2340,2988,3545,3796,3697,3201,1570,928,132,1,12402,12402,1299,1242,1724,1759,1885,1892,1527,710,337,27,0,12291,12291,1196,1098,1264,1786,1911,1805,1674,860,591,105,1
강원도 원주시 (4213000000),358838,358838,27108,35103,44521,45425,56898,61500,50760,22141,13323,2004,55,177888,177888,13850,18124,23713,23094,27943,30877,25121,9986,4732,440,8,180950,180950,13258,16979,20808,22331,28955,30623,25639,12155,8591,1564,47
강원도 원주시 문막읍(4213025000),18023,18023,1060,1537,2009,1789,2829,3482,2836,1469,869,134,9,9197,9197,547,778,1102,961,1473,1859,1448,683,312,31,3,8826,8826,513,759,907,828,1356,1623,1388,786,557,103,6
강원도 원주시 소초면(4213031000),8417,8417,341,452,927,678,863,1619,2007,854,568,106,2,4474,4474,184,229,614,382,481,861,1062,415,217,29,0,3943,3943,157,223,313,296,382,758,945,439,351,77,2
강원도 원주시 호저면(4213032000),3648,3648,103,126,294,233,312,684,966,463,411,55,1,1919,1919,57,72,187,123,187,392,509,242,140,10,0,1729,1729,46,54,107,110,125,292,457,221,271,45,1
강원도 원주시 지정면(4213033000),29115,29115,4757,2687,2564,6726,5361,3175,2491,820,452,80,2,14324,14324,2365,1331,1260,3351,2735,1495,1222,402,149,14,0,14791,14791,2392,1356,1304,3375,2626,1680,1269,418,303,66,2
강원도 원주시 부론면(4213035000),2227,2227,35,91,125,84,142,336,678,402,282,52,0,1131,1131,14,38,71,51,95,192,354,204,101,11,0,1096,1096,21,53,54,33,47,144,324,198,181,41,0
강원도 원주시 귀래면(4213036000),2164,2164,39,65,132,99,149,429,620,360,231,40,0,1117,1117,22,28,75,64,83,243,341,164,91,6,0,1047,1047,17,37,57,35,66,186,279,196,140,34,0
강원도 원주시 흥업면(4213037000),9376,9376,455,702,1451,918,1232,1629,1741,699,480,67,2,4961,4961,231,361,853,495,667,887,933,341,178,14,1,4415,4415,224,341,598,423,565,742,808,358,302,53,1
강원도 원주시 판부면(4213038000),7316,7316,385,617,962,880,1123,1406,1139,460,294,48,2,3869,3869,188,337,539,504,573,773,614,229,104,7,1,3447,3447,197,280,423,376,550,633,525,231,190,41,1
강원도 원주시 신림면(4213039000),3556,3556,66,107,176,184,261,714,1051,559,388,48,2,1819,1819,31,68,92,110,154,374,562,270,144,14,0,1737,1737,35,39,84,74,107,340,489,289,244,34,2
강원도 원주시 중앙동(4213051500),2502,2502,41,87,166,162,246,513,644,332,257,54,0,1332,1332,24,46,87,94,155,314,359,152,90,11,0,1170,1170,17,41,79,68,91,199,285,180,167,43,0
강원도 원주시 원인동(4213052000),4379,4379,169,305,638,450,521,788,809,383,281,34,1,2084,2084,84,162,326,231,268,376,379,159,86,13,0,2295,2295,85,143,312,219,253,412,430,224,195,21,1
강원도 원주시 개운동(4213053000),12724,12724,588,1255,1553,1171,1670,2400,2143,1145,707,90,2,6096,6096,277,688,830,592,776,1146,1010,504,254,19,0,6628,6628,311,567,723,579,894,1254,1133,641,453,71,2
강원도 원주시 명륜1동(4213054100),8279,8279,369,687,1027,752,1063,1615,1507,753,444,61,1,3972,3972,187,335,559,383,511,764,732,322,165,14,0,4307,4307,182,352,468,369,552,851,775,431,279,47,1
강원도 원주시 명륜2동(4213054200),17098,17098,920,1771,2294,1727,2525,3288,2619,1142,704,107,1,8234,8234,447,883,1176,874,1195,1626,1287,495,231,20,0,8864,8864,473,888,1118,853,1330,1662,1332,647,473,87,1
강원도 원주시 단구동(4213055000),44390,44390,3136,5047,6528,5480,7718,7937,5055,2125,1208,153,3,21754,21754,1619,2617,3507,2815,3613,3871,2402,878,400,31,1,22636,22636,1517,2430,3021,2665,4105,4066,2653,1247,808,122,2
강원도 원주시 일산동(4213056000),8595,8595,373,589,1574,986,977,1344,1429,795,450,75,3,4151,4151,181,332,750,536,508,649,640,357,172,25,1,4444,4444,192,257,824,450,469,695,789,438,278,50,2
강원도 원주시 학성동(4213057500),4625,4625,140,265,500,385,588,882,980,509,321,53,2,2276,2276,69,146,278,204,322,452,457,222,114,12,0,2349,2349,71,119,222,181,266,430,523,287,207,41,2
강원도 원주시 단계동(4213059000),28699,28699,2059,2300,4151,4253,4012,5232,4279,1473,807,129,4,13993,13993,1098,1185,2180,2243,1887,2386,2037,648,302,27,0,14706,14706,961,1115,1971,2010,2125,2846,2242,825,505,102,4
강원도 원주시 우산동(4213060000),13498,13498,930,1181,1974,1525,2110,2283,2002,940,485,67,1,7118,7118,505,651,1133,807,1095,1236,1055,430,188,18,0,6380,6380,425,530,841,718,1015,1047,947,510,297,49,1
강원도 원주시 태장1동(4213061000),10279,10279,707,1081,1150,1029,1691,1795,1561,792,421,51,1,5144,5144,347,568,585,536,861,956,771,344,167,9,0,5135,5135,360,513,565,493,830,839,790,448,254,42,1
강원도 원주시 태장2동(4213062000),24722,24722,1587,2477,2923,2676,3969,4579,3793,1607,984,125,2,12378,12378,833,1291,1591,1398,2002,2330,1883,694,326,30,0,12344,12344,754,1186,1332,1278,1967,2249,1910,913,658,95,2
강원도 원주시 봉산동(4213063500),7838,7838,249,588,846,618,903,1506,1618,845,572,89,4,3873,3873,130,339,466,363,448,782,771,362,191,20,1,3965,3965,119,249,380,255,455,724,847,483,381,69,3
강원도 원주시 행구동(4213065000),7785,7785,499,836,895,741,1168,1469,1282,499,339,52,5,3877,3877,270,431,491,369,560,728,656,228,128,16,0,3908,3908,229,405,404,372,608,741,626,271,211,36,5
강원도 원주시 무실동(4213066000),34867,34867,3101,4474,4427,4637,6606,5604,3838,1386,679,113,2,17033,17033,1602,2380,2354,2253,3047,2690,1831,619,236,21,0,17834,17834,1499,2094,2073,2384,3559,2914,2007,767,443,92,2
강원도 원주시 반곡관설동(4213067500),44716,44716,4999,5776,5235,7242,8859,6791,3672,1329,689,121,3,21762,21762,2538,2828,2607,3355,4247,3495,1806,622,246,18,0,22954,22954,2461,2948,2628,3887,4612,3296,1866,707,443,103,3
강원도 강릉시 (4215000000),212526,212526,12618,18167,24307,20967,31590,36596,35931,19857,10711,1733,49,105472,105472,6510,9523,13360,11136,16017,18554,17184,8930,3899,351,8,107054,107054,6108,8644,10947,9831,15573,18042,18747,10927,6812,1382,41
강원도 강릉시 주문진읍(4215025000),16665,16665,656,920,1423,1214,2028,2982,3664,2323,1243,209,3,8136,8136,339,510,823,639,1092,1541,1717,996,429,49,1,8529,8529,317,410,600,575,936,1441,1947,1327,814,160,2
강원도 강릉시 성산면(4215031000),3456,3456,123,196,262,203,372,673,797,450,326,53,1,1756,1756,67,103,164,115,210,345,414,226,104,8,0,1700,1700,56,93,98,88,162,328,383,224,222,45,1
강원도 강릉시 왕산면(4215032000),1583,1583,35,32,88,84,100,300,502,268,149,25,0,852,852,28,11,48,60,62,168,270,135,66,4,0,731,731,7,21,40,24,38,132,232,133,83,21,0
강원도 강릉시 구정면(4215033000),4295,4295,222,285,330,327,501,720,998,500,323,86,3,2177,2177,122,152,192,162,280,383,519,236,112,18,1,2118,2118,100,133,138,165,221,337,479,264,211,68,2
강원도 강릉시 강동면(4215034000),4144,4144,91,170,390,263,404,737,964,636,419,68,2,2201,2201,48,93,256,171,265,426,505,284,142,11,0,1943,1943,43,77,134,92,139,311,459,352,277,57,2
강원도 강릉시 옥계면(4215035000),3449,3449,85,149,235,203,303,631,902,553,341,46,1,1768,1768,41,90,147,126,174,359,467,249,105,10,0,1681,1681,44,59,88,77,129,272,435,304,236,36,1
강원도 강릉시 사천면(4215036000),4691,4691,178,248,407,399,557,861,1092,558,333,56,2,2427,2427,100,131,241,222,312,455,549,271,137,9,0,2264,2264,78,117,166,177,245,406,543,287,196,47,2
강원도 강릉시 연곡면(4215037000),6337,6337,306,441,466,503,917,1068,1396,776,396,65,3,3176,3176,155,229,262,274,476,549,688,373,154,14,2,3161,3161,151,212,204,229,441,519,708,403,242,51,1
강원도 강릉시 홍제동(4215051000),15173,15173,1228,1486,1696,1938,2560,2470,2047,1104,546,93,5,7412,7412,630,753,892,1006,1220,1233,969,492,195,22,0,7761,7761,598,733,804,932,1340,1237,1078,612,351,71,5
강원도 강릉시 중앙동(4215052000),4765,4765,145,277,528,397,596,753,983,654,355,74,3,2307,2307,78,130,276,236,310,408,443,281,123,21,1,2458,2458,67,147,252,161,286,345,540,373,232,53,2
강원도 강릉시 옥천동(4215054000),3361,3361,87,148,330,254,412,611,679,547,268,23,2,1743,1743,50,84,189,151,250,328,317,250,121,3,0,1618,1618,37,64,141,103,162,283,362,297,147,20,2
강원도 강릉시 교1동(4215055000),25718,25718,1623,2798,3590,2553,4307,4511,3403,1793,996,138,6,12539,12539,820,1444,1911,1309,2030,2244,1597,776,383,25,0,13179,13179,803,1354,1679,1244,2277,2267,1806,1017,613,113,6
강원도 강릉시 교2동(4215056000),7666,7666,332,552,944,741,980,1386,1466,790,413,60,2,3807,3807,171,290,483,427,485,713,693,383,152,10,0,3859,3859,161,262,461,314,495,673,773,407,261,50,2
강원도 강릉시 포남1동(4215057100),10503,10503,418,730,1275,899,1391,1984,2043,1157,538,66,2,5163,5163,219,390,677,489,753,962,904,530,219,19,1,5340,5340,199,340,598,410,638,1022,1139,627,319,47,1
강원도 강릉시 포남2동(4215057200),12737,12737,504,1060,1590,1227,1778,2315,2430,1165,559,106,3,6239,6239,254,564,841,680,902,1151,1106,527,200,13,1,6498,6498,250,496,749,547,876,1164,1324,638,359,93,2
강원도 강릉시 초당동(4215058000),4714,4714,281,360,514,549,678,901,809,369,221,32,0,2290,2290,125,183,303,305,317,421,391,155,84,6,0,2424,2424,156,177,211,244,361,480,418,214,137,26,0
강원도 강릉시 송정동(4215059000),10042,10042,880,997,1114,1220,1652,1661,1478,658,315,65,2,4821,4821,429,507,583,604,787,787,706,278,129,11,0,5221,5221,451,490,531,616,865,874,772,380,186,54,2
강원도 강릉시 내곡동(4215060000),16376,16376,1296,1524,2299,1982,2702,2560,2263,1102,556,89,3,8243,8243,654,809,1283,1014,1407,1253,1083,525,194,21,0,8133,8133,642,715,1016,968,1295,1307,1180,577,362,68,3
강원도 강릉시 강남동(4215061500),17655,17655,854,1443,1898,1521,2416,3084,3093,2054,1121,169,2,8872,8872,442,784,1098,831,1303,1615,1451,891,423,33,1,8783,8783,412,659,800,690,1113,1469,1642,1163,698,136,1
강원도 강릉시 성덕동(4215064500),27918,27918,2187,3251,3346,3083,4948,4641,3577,1749,977,155,4,13801,13801,1163,1721,1803,1592,2386,2315,1734,743,314,30,0,14117,14117,1024,1530,1543,1491,2562,2326,1843,1006,663,125,4
강원도 강릉시 경포동(4215066500),11278,11278,1087,1100,1582,1407,1988,1747,1345,651,316,55,0,5742,5742,575,545,888,723,996,898,661,329,113,14,0,5536,5536,512,555,694,684,992,849,684,322,203,41,0
강원도 동해시 (4217000000),89674,89674,6120,8424,9123,8521,14151,15655,14853,8046,4178,591,12,45580,45580,3148,4423,5381,4571,7351,8172,7205,3646,1568,113,2,44094,44094,2972,4001,3742,3950,6800,7483,7648,4400,2610,478,10
강원도 동해시 천곡동(4217051000),30675,30675,2541,3246,3324,3368,5165,5130,4798,2044,908,150,1,15253,15253,1300,1650,1901,1781,2565,2461,2255,977,331,31,1,15422,15422,1241,1596,1423,1587,2600,2669,2543,1067,577,119,0
강원도 동해시 송정동(4217052000),3701,3701,120,203,499,268,446,633,759,438,288,46,1,2030,2030,57,112,345,169,270,358,385,209,114,11,0,1671,1671,63,91,154,99,176,275,374,229,174,35,1
강원도 동해시 북삼동(4217053000),19946,19946,1448,2446,2354,1932,3670,3707,2520,1201,592,76,0,10371,10371,742,1325,1426,1043,1821,1966,1254,544,237,13,0,9575,9575,706,1121,928,889,1849,1741,1266,657,355,63,0
강원도 동해시 부곡동(4217054000),4928,4928,155,325,424,302,639,899,1095,714,328,45,2,2390,2390,83,179,233,149,347,453,509,306,125,6,0,2538,2538,72,146,191,153,292,446,586,408,203,39,2
강원도 동해시 동호동(4217055000),5077,5077,275,405,449,411,714,924,932,649,295,21,2,2553,2553,144,210,254,212,402,495,438,280,110,7,1,2524,2524,131,195,195,199,312,429,494,369,185,14,1
강원도 동해시 발한동(4217057000),3311,3311,89,155,242,187,384,531,793,569,316,45,0,1675,1675,45,75,143,122,228,300,376,265,110,11,0,1636,1636,44,80,99,65,156,231,417,304,206,34,0
강원도 동해시 묵호동(4217059000),3000,3000,84,153,163,157,364,490,690,548,327,23,1,1499,1499,51,85,96,88,214,286,323,217,136,3,0,1501,1501,33,68,67,69,150,204,367,331,191,20,1
강원도 동해시 북평동(4217060000),12825,12825,1195,1160,1220,1500,2053,2199,1907,955,541,93,2,6616,6616,623,607,709,767,1078,1199,969,445,206,13,0,6209,6209,572,553,511,733,975,1000,938,510,335,80,2
강원도 동해시 망상동(4217063000),3451,3451,147,177,236,226,431,591,749,509,333,51,1,1747,1747,70,97,146,127,254,323,378,224,120,8,0,1704,1704,77,80,90,99,177,268,371,285,213,43,1
강원도 동해시 삼화동(4217065000),2760,2760,66,154,212,170,285,551,610,419,250,41,2,1446,1446,33,83,128,113,172,331,318,179,79,10,0,1314,1314,33,71,84,57,113,220,292,240,171,31,2
강원도 태백시 (4219000000),40266,40266,2190,3563,3353,3127,5974,6989,7737,4823,2264,240,6,20368,20368,1154,1860,1938,1682,3170,3772,3815,2113,814,49,1,19898,19898,1036,1703,1415,1445,2804,3217,3922,2710,1450,191,5
강원도 태백시 황지동(4219051500),5970,5970,400,530,547,511,862,1041,1138,627,281,31,2,2952,2952,215,267,326,274,448,522,529,268,95,8,0,3018,3018,185,263,221,237,414,519,609,359,186,23,2
강원도 태백시 황연동(4219052500),4211,4211,150,293,315,252,567,732,1017,607,248,29,1,2145,2145,72,159,198,148,315,402,505,254,89,3,0,2066,2066,78,134,117,104,252,330,512,353,159,26,1
강원도 태백시 삼수동(4219053500),5600,5600,315,484,373,420,846,891,1057,786,384,41,3,2870,2870,175,254,232,217,469,521,496,349,143,13,1,2730,2730,140,230,141,203,377,370,561,437,241,28,2
강원도 태백시 상장동(4219054000),12955,12955,975,1523,1328,1236,2457,2240,1786,962,402,46,0,6536,6536,516,783,736,646,1236,1177,870,429,138,5,0,6419,6419,459,740,592,590,1221,1063,916,533,264,41,0
강원도 태백시 문곡소도동(4219058500),3787,3787,147,248,280,249,463,700,905,526,236,33,0,1902,1902,73,117,143,128,260,371,458,236,108,8,0,1885,1885,74,131,137,121,203,329,447,290,128,25,0
강원도 태백시 장성동(4219059500),3307,3307,122,205,272,222,345,668,722,473,253,25,0,1637,1637,60,99,151,131,189,356,368,203,77,3,0,1670,1670,62,106,121,91,156,312,354,270,176,22,0
강원도 태백시 구문소동(4219060500),2466,2466,49,205,117,123,248,387,614,461,242,20,0,1296,1296,30,146,69,66,145,229,327,200,80,4,0,1170,1170,19,59,48,57,103,158,287,261,162,16,0
강원도 태백시 철암동(4219061500),1970,1970,32,75,121,114,186,330,498,381,218,15,0,1030,1030,13,35,83,72,108,194,262,174,84,5,0,940,940,19,40,38,42,78,136,236,207,134,10,0
강원도 속초시 (4221000000),82691,82691,5560,7067,8795,9020,12120,15106,14033,6850,3516,613,11,41009,41009,2824,3703,4955,4868,6068,7453,6809,2975,1244,109,1,41682,41682,2736,3364,3840,4152,6052,7653,7224,3875,2272,504,10
강원도 속초시 영랑동(4221051000),4426,4426,167,224,389,398,487,872,1048,539,258,42,2,2308,2308,89,127,240,232,283,468,518,249,96,6,0,2118,2118,78,97,149,166,204,404,530,290,162,36,2
강원도 속초시 동명동(4221052000),3513,3513,210,256,270,305,483,672,686,405,195,31,0,1772,1772,106,139,156,163,261,345,340,188,68,6,0,1741,1741,104,117,114,142,222,327,346,217,127,25,0
강원도 속초시 금호동(4221054000),6026,6026,220,415,583,473,700,1170,1304,691,384,85,1,2960,2960,111,225,342,272,368,572,613,310,136,11,0,3066,3066,109,190,241,201,332,598,691,381,248,74,1
강원도 속초시 교동(4221056000),9520,9520,477,780,1107,976,1281,1696,1826,863,443,69,2,4683,4683,241,424,629,535,646,823,856,358,159,12,0,4837,4837,236,356,478,441,635,873,970,505,284,57,2
강원도 속초시 노학동(4221057000),21838,21838,1344,2115,2408,2252,3274,4142,3612,1635,896,159,1,10893,10893,671,1100,1362,1231,1585,2047,1832,737,303,25,0,10945,10945,673,1015,1046,1021,1689,2095,1780,898,593,134,1
강원도 속초시 조양동(4221058000),29276,29276,2754,2900,3343,3852,4938,5047,3763,1747,808,122,2,14288,14288,1408,1480,1837,1985,2394,2411,1730,731,285,27,0,14988,14988,1346,1420,1506,1867,2544,2636,2033,1016,523,95,2
강원도 속초시 청호동(4221059000),4967,4967,301,263,451,559,647,888,1006,486,301,62,3,2492,2492,156,134,251,315,355,467,513,189,99,12,1,2475,2475,145,129,200,244,292,421,493,297,202,50,2
강원도 속초시 대포동(4221060000),3125,3125,87,114,244,205,310,619,788,484,231,43,0,1613,1613,42,74,138,135,176,320,407,213,98,10,0,1512,1512,45,40,106,70,134,299,381,271,133,33,0
강원도 삼척시 (4223000000),64296,64296,3524,5363,6870,5206,8564,10944,11955,7050,4135,671,14,32525,32525,1777,2754,3866,2818,4659,5961,6018,3178,1358,136,0,31771,31771,1747,2609,3004,2388,3905,4983,5937,3872,2777,535,14
강원도 삼척시 도계읍(4223025000),9910,9910,267,1136,1758,438,964,1502,1947,1179,642,75,2,4946,4946,133,547,930,237,547,821,1001,525,187,18,0,4964,4964,134,589,828,201,417,681,946,654,455,57,2
강원도 삼척시 원덕읍(4223025300),3194,3194,72,109,229,183,335,610,752,498,352,51,3,1683,1683,37,56,154,125,215,367,407,204,107,11,0,1511,1511,35,53,75,58,120,243,345,294,245,40,3
강원도 삼척시 원덕읍임원출장소(4223025400),1699,1699,46,58,113,80,193,319,410,278,168,33,1,854,854,21,31,67,49,122,182,209,110,55,8,0,845,845,25,27,46,31,71,137,201,168,113,25,1
강원도 삼척시 근덕면(4223031000),5034,5034,102,165,294,264,448,953,1271,806,606,121,4,2587,2587,53,87,190,162,289,568,655,368,197,18,0,2447,2447,49,78,104,102,159,385,616,438,409,103,4
강원도 삼척시 하장면(4223032000),1283,1283,20,36,57,59,121,261,402,178,133,16,0,698,698,15,20,28,39,90,140,221,88,54,3,0,585,585,5,16,29,20,31,121,181,90,79,13,0
강원도 삼척시 노곡면(4223033000),711,711,6,9,28,20,59,135,208,131,91,24,0,388,388,3,5,18,13,45,88,120,58,31,7,0,323,323,3,4,10,7,14,47,88,73,60,17,0
강원도 삼척시 미로면(4223034000),1802,1802,26,60,74,67,182,325,484,317,225,42,0,937,937,13,39,48,38,124,187,268,148,63,9,0,865,865,13,21,26,29,58,138,216,169,162,33,0
강원도 삼척시 가곡면(4223035000),668,668,11,24,22,15,69,116,190,126,83,12,0,342,342,9,12,15,8,41,69,94,65,28,1,0,326,326,2,12,7,7,28,47,96,61,55,11,0
강원도 삼척시 신기면(4223036000),673,673,12,12,24,28,67,138,177,118,84,13,0,366,366,5,6,15,15,53,84,96,57,33,2,0,307,307,7,6,9,13,14,54,81,61,51,11,0
강원도 삼척시 남양동(4223051000),7277,7277,222,449,653,540,873,1315,1612,1037,497,78,1,3574,3574,113,235,366,298,485,637,774,474,178,14,0,3703,3703,109,214,287,242,388,678,838,563,319,64,1
강원도 삼척시 교동(4223053000),15611,15611,1709,1827,1944,2052,2777,2495,1663,742,341,60,1,7951,7951,866,951,1100,1057,1359,1320,821,333,130,14,0,7660,7660,843,876,844,995,1418,1175,842,409,211,46,1
강원도 삼척시 정라동(4223054000),8620,8620,557,742,960,822,1334,1516,1363,826,424,76,0,4359,4359,268,401,533,439,703,849,653,361,138,14,0,4261,4261,289,341,427,383,631,667,710,465,286,62,0
강원도 삼척시 성내동(4223057000),7814,7814,474,736,714,638,1142,1259,1476,814,489,70,2,3840,3840,241,364,402,338,586,649,699,387,157,17,0,3974,3974,233,372,312,300,556,610,777,427,332,53,2
강원도 홍천군 (4272000000),67959,67959,3452,4820,6266,5613,7843,11963,15319,7255,4738,670,20,34968,34968,1770,2435,3780,3064,4182,6354,7985,3518,1719,159,2,32991,32991,1682,2385,2486,2549,3661,5609,7334,3737,3019,511,18
강원도 홍천군 홍천읍(4272025000),33754,33754,2340,3317,3876,3557,5031,5854,5487,2537,1528,222,5,17020,17020,1189,1697,2223,1885,2536,3034,2742,1114,547,53,0,16734,16734,1151,1620,1653,1672,2495,2820,2745,1423,981,169,5
강원도 홍천군 화촌면(4272031000),4516,4516,98,148,344,257,345,721,1369,700,451,81,2,2399,2399,50,85,231,152,220,407,714,369,153,18,0,2117,2117,48,63,113,105,125,314,655,331,298,63,2
강원도 홍천군 두촌면(4272032000),2425,2425,42,90,126,105,153,417,775,396,272,48,1,1214,1214,25,41,75,57,94,221,402,185,102,12,0,1211,1211,17,49,51,48,59,196,373,211,170,36,1
강원도 홍천군 내촌면(4272033000),2412,2412,49,72,108,98,166,441,795,366,282,33,2,1260,1260,28,38,66,53,108,233,431,190,102,11,0,1152,1152,21,34,42,45,58,208,364,176,180,22,2
강원도 홍천군 서석면(4272034000),3728,3728,122,178,255,198,290,746,1066,485,343,42,3,1915,1915,69,89,157,107,155,397,556,254,120,11,0,1813,1813,53,89,98,91,135,349,510,231,223,31,3
강원도 홍천군 영귀미면(4272035200),4111,4111,110,180,216,220,344,732,1238,631,388,49,3,2126,2126,55,99,135,126,198,399,649,314,140,10,1,1985,1985,55,81,81,94,146,333,589,317,248,39,2
강원도 홍천군 남면(4272036000),6131,6131,370,392,723,586,525,915,1374,678,501,67,0,3290,3290,187,164,530,340,298,490,739,351,177,14,0,2841,2841,183,228,193,246,227,425,635,327,324,53,0
강원도 홍천군 서면(4272037000),3801,3801,91,118,206,198,353,713,1166,550,345,59,2,1994,1994,48,58,123,128,207,374,637,263,139,17,0,1807,1807,43,60,83,70,146,339,529,287,206,42,2
강원도 홍천군 북방면(4272038000),3969,3969,119,188,253,236,366,763,1113,505,384,41,1,2087,2087,57,96,147,131,216,427,607,262,138,6,0,1882,1882,62,92,106,105,150,336,506,243,246,35,1
강원도 홍천군 내면(4272039000),3112,3112,111,137,159,158,270,661,936,407,244,28,1,1663,1663,62,68,93,85,150,372,508,216,101,7,1,1449,1449,49,69,66,73,120,289,428,191,143,21,0
강원도 횡성군 (4273000000),46595,46595,2070,3494,3542,3207,4904,8425,11214,5654,3525,535,25,23926,23926,1095,1821,2048,1724,2692,4460,5875,2780,1323,105,3,22669,22669,975,1673,1494,1483,2212,3965,5339,2874,2202,430,22
강원도 횡성군 횡성읍(4273025000),20976,20976,1421,1970,2197,1967,2900,3703,3605,1834,1168,203,8,10563,10563,740,997,1243,1005,1534,1939,1809,820,434,42,0,10413,10413,681,973,954,962,1366,1764,1796,1014,734,161,8
강원도 횡성군 우천면(4273031000),4444,4444,122,201,323,231,384,834,1234,652,404,57,2,2343,2343,61,111,207,132,220,457,647,340,156,11,1,2101,2101,61,90,116,99,164,377,587,312,248,46,1
강원도 횡성군 안흥면(4273032000),3190,3190,69,587,122,116,182,520,869,439,243,41,2,1646,1646,46,305,71,63,100,274,465,217,99,6,0,1544,1544,23,282,51,53,82,246,404,222,144,35,2
강원도 횡성군 둔내면(4273033000),5865,5865,226,387,335,385,582,1151,1553,723,470,47,6,3050,3050,117,216,192,231,326,610,809,365,175,8,1,2815,2815,109,171,143,154,256,541,744,358,295,39,5
강원도 횡성군 갑천면(4273034000),2440,2440,33,69,123,89,167,453,794,406,262,43,1,1267,1267,19,33,62,49,97,252,424,220,103,8,0,1173,1173,14,36,61,40,70,201,370,186,159,35,1
강원도 횡성군 청일면(4273035000),2379,2379,35,62,91,90,148,447,794,428,241,41,2,1213,1213,15,37,58,52,85,229,442,212,75,8,0,1166,1166,20,25,33,38,63,218,352,216,166,33,2
강원도 횡성군 공근면(4273036000),3467,3467,73,97,182,155,256,647,1085,529,377,66,0,1808,1808,40,49,106,95,159,348,581,276,141,13,0,1659,1659,33,48,76,60,97,299,504,253,236,53,0
강원도 횡성군 서원면(4273037000),2078,2078,55,58,98,108,164,336,711,309,213,23,3,1107,1107,34,33,60,60,110,172,391,164,76,6,1,971,971,21,25,38,48,54,164,320,145,137,17,2
강원도 횡성군 강림면(4273038000),1756,1756,36,63,71,66,121,334,569,334,147,14,1,929,929,23,40,49,37,61,179,307,166,64,3,0,827,827,13,23,22,29,60,155,262,168,83,11,1
강원도 영월군 (4275000000),37970,37970,1531,2767,3083,2525,4331,7038,8597,4782,2916,385,15,19686,19686,817,1513,1762,1388,2327,3911,4579,2231,1056,98,4,18284,18284,714,1254,1321,1137,2004,3127,4018,2551,1860,287,11
강원도 영월군 영월읍(4275025000),20883,20883,1194,2080,2204,1788,2904,3743,3567,2056,1188,154,5,10680,10680,646,1161,1238,942,1459,2040,1823,919,416,36,0,10203,10203,548,919,966,846,1445,1703,1744,1137,772,118,5
강원도 영월군 상동읍(4275025300),1012,1012,16,33,42,33,95,181,283,182,134,13,0,533,533,12,17,29,15,62,112,157,80,48,1,0,479,479,4,16,13,18,33,69,126,102,86,12,0
강원도 영월군 산솔면(4275031200),1415,1415,29,44,61,42,105,311,406,244,155,18,0,758,758,11,21,39,33,67,180,244,106,52,5,0,657,657,18,23,22,9,38,131,162,138,103,13,0
강원도 영월군 김삿갓면(4275032500),1734,1734,21,79,85,52,153,351,556,256,155,26,0,913,913,11,41,54,34,76,196,309,130,57,5,0,821,821,10,38,31,18,77,155,247,126,98,21,0
강원도 영월군 북면(4275033000),2069,2069,30,83,116,91,163,416,583,340,217,28,2,1085,1085,17,34,68,58,104,235,326,160,74,7,2,984,984,13,49,48,33,59,181,257,180,143,21,0
강원도 영월군 남면(4275034000),2212,2212,31,92,116,98,203,394,681,343,218,34,2,1185,1185,14,48,74,67,132,235,366,169,71,9,0,1027,1027,17,44,42,31,71,159,315,174,147,25,2
강원도 영월군 한반도면(4275035500),1208,1208,41,39,82,63,110,248,340,169,107,9,0,668,668,18,25,49,32,63,158,186,88,47,2,0,540,540,23,14,33,31,47,90,154,81,60,7,0
강원도 영월군 한반도면쌍용출장소(4275035900),1644,1644,45,47,100,104,152,278,427,282,182,26,1,894,894,26,16,56,74,104,168,233,131,75,10,1,750,750,19,31,44,30,48,110,194,151,107,16,0
강원도 영월군 주천면(4275036000),3731,3731,86,192,199,165,287,725,1073,556,392,52,4,1913,1913,45,109,116,89,166,382,580,272,137,16,1,1818,1818,41,83,83,76,121,343,493,284,255,36,3
강원도 영월군 무릉도원면(4275038000),2062,2062,38,78,78,89,159,391,681,354,168,25,1,1057,1057,17,41,39,44,94,205,355,176,79,7,0,1005,1005,21,37,39,45,65,186,326,178,89,18,1
강원도 평창군 (4276000000),41084,41084,1686,2706,3224,2777,4991,7752,9614,5009,2915,395,15,21189,21189,835,1436,1935,1515,2735,4151,5038,2393,1074,75,2,19895,19895,851,1270,1289,1262,2256,3601,4576,2616,1841,320,13
강원도 평창군 평창읍(4276025000),8451,8451,378,683,758,619,1030,1550,1837,947,560,86,3,4328,4328,186,346,438,337,550,819,959,470,205,17,1,4123,4123,192,337,320,282,480,731,878,477,355,69,2
강원도 평창군 미탄면(4276031000),1623,1623,31,63,101,61,149,337,464,255,136,25,1,851,851,15,33,62,35,92,193,251,128,39,3,0,772,772,16,30,39,26,57,144,213,127,97,22,1
강원도 평창군 방림면(4276032000),857,857,18,39,40,39,65,157,261,140,87,11,0,447,447,12,23,25,22,36,76,148,65,39,1,0,410,410,6,16,15,17,29,81,113,75,48,10,0
강원도 평창군 방림면계촌출장소(4276032500),1702,1702,50,66,81,87,142,326,545,247,134,24,0,880,880,24,33,42,46,78,174,297,131,52,3,0,822,822,26,33,39,41,64,152,248,116,82,21,0
강원도 평창군 대화면(4276033000),5154,5154,196,297,359,285,589,948,1286,679,451,61,3,2635,2635,90,155,227,152,325,509,679,319,168,11,0,2519,2519,106,142,132,133,264,439,607,360,283,50,3
강원도 평창군 봉평면(4276034000),5764,5764,257,417,402,403,762,1109,1380,645,349,38,2,3035,3035,119,228,240,221,416,602,733,331,135,10,0,2729,2729,138,189,162,182,346,507,647,314,214,28,2
강원도 평창군 용평면(4276035000),3079,3079,107,186,209,153,341,641,784,367,264,27,0,1558,1558,54,98,123,75,180,344,412,167,97,8,0,1521,1521,53,88,86,78,161,297,372,200,167,19,0
강원도 평창군 진부면(4276036000),8554,8554,373,606,720,524,1050,1592,1914,1084,599,88,4,4321,4321,198,319,428,266,557,837,990,494,218,13,1,4233,4233,175,287,292,258,493,755,924,590,381,75,3
강원도 평창군 대관령면(4276038000),5900,5900,276,349,554,606,863,1092,1143,645,335,35,2,3134,3134,137,201,350,361,501,597,569,288,121,9,0,2766,2766,139,148,204,245,362,495,574,357,214,26,2
강원도 정선군 (4277000000),35401,35401,1548,2360,2542,2669,4556,6629,7957,4396,2400,334,10,18460,18460,786,1222,1504,1489,2603,3741,4225,1979,838,70,3,16941,16941,762,1138,1038,1180,1953,2888,3732,2417,1562,264,7
강원도 정선군 정선읍(4277025000),10319,10319,565,932,944,832,1517,1865,1870,1105,581,103,5,5287,5287,288,497,568,424,788,1021,985,496,197,21,2,5032,5032,277,435,376,408,729,844,885,609,384,82,3
강원도 정선군 고한읍(4277025300),4363,4363,272,226,288,636,683,708,819,522,190,19,0,2297,2297,136,104,159,370,412,420,391,233,69,3,0,2066,2066,136,122,129,266,271,288,428,289,121,16,0
강원도 정선군 사북읍(4277025600),4621,4621,255,360,352,396,722,883,980,462,193,17,1,2424,2424,131,182,201,216,397,494,510,214,78,1,0,2197,2197,124,178,151,180,325,389,470,248,115,16,1
강원도 정선군 신동읍(4277025900),1779,1779,57,109,115,86,186,351,447,257,159,12,0,935,935,27,53,74,53,114,205,251,98,56,4,0,844,844,30,56,41,33,72,146,196,159,103,8,0
강원도 정선군 신동읍함백출장소(4277026000),1594,1594,38,101,113,86,157,310,393,240,139,15,2,797,797,17,55,62,55,97,180,203,91,31,5,1,797,797,21,46,51,31,60,130,190,149,108,10,1
강원도 정선군 남면(4277032000),3167,3167,121,186,181,222,430,595,833,375,198,25,1,1685,1685,62,94,113,133,262,330,451,170,65,5,0,1482,1482,59,92,68,89,168,265,382,205,133,20,1
강원도 정선군 북평면(4277034000),2493,2493,77,168,155,125,274,477,579,357,235,46,0,1271,1271,41,85,101,69,150,262,297,174,84,8,0,1222,1222,36,83,54,56,124,215,282,183,151,38,0
강원도 정선군 임계면(4277035000),3465,3465,79,130,172,149,269,709,993,529,390,45,0,1836,1836,37,65,97,97,174,397,558,250,150,11,0,1629,1629,42,65,75,52,95,312,435,279,240,34,0
강원도 정선군 화암면(4277036000),1628,1628,44,75,99,58,140,379,461,216,135,21,0,893,893,23,45,63,30,86,236,263,95,47,5,0,735,735,21,30,36,28,54,143,198,121,88,16,0
강원도 정선군 여량면(4277037000),1972,1972,40,73,123,79,178,352,582,333,180,31,1,1035,1035,24,42,66,42,123,196,316,158,61,7,0,937,937,16,31,57,37,55,156,266,175,119,24,1
강원도 철원군 (4278000000),42916,42916,3055,3496,5110,4454,5377,6865,7303,4410,2463,370,13,22245,22245,1530,1831,3289,2484,2835,3648,3680,1965,885,96,2,20671,20671,1525,1665,1821,1970,2542,3217,3623,2445,1578,274,11
강원도 철원군 철원읍(4278025000),5222,5222,409,446,562,596,622,845,836,559,304,42,1,2650,2650,196,247,326,327,330,454,414,239,103,14,0,2572,2572,213,199,236,269,292,391,422,320,201,28,1
강원도 철원군 김화읍(4278025300),3397,3397,317,249,442,462,367,436,536,335,218,35,0,1806,1806,167,130,294,260,210,233,282,139,82,9,0,1591,1591,150,119,148,202,157,203,254,196,136,26,0
강원도 철원군 갈말읍(4278025600),11825,11825,747,948,1469,1196,1563,1968,2063,1172,603,91,5,6324,6324,380,516,997,690,814,1046,1077,536,246,20,2,5501,5501,367,432,472,506,749,922,986,636,357,71,3
강원도 철원군 동송읍(4278025900),14773,14773,1054,1343,1638,1422,1947,2442,2507,1469,825,123,3,7442,7442,505,669,993,768,998,1294,1234,669,278,34,0,7331,7331,549,674,645,654,949,1148,1273,800,547,89,3
강원도 철원군 서면(4278031000),1800,1800,150,75,332,231,168,213,283,205,127,16,0,998,998,73,49,243,144,95,117,141,91,41,4,0,802,802,77,26,89,87,73,96,142,114,86,12,0
강원도 철원군 서면와수출장소(4278031500),3639,3639,216,310,415,293,522,613,636,370,218,44,2,1838,1838,118,155,265,151,278,327,305,155,73,11,0,1801,1801,98,155,150,142,244,286,331,215,145,33,2
강원도 철원군 근남면(4278032000),2154,2154,162,122,251,252,179,329,423,270,146,18,2,1137,1137,91,63,170,142,105,164,221,125,52,4,0,1017,1017,71,59,81,110,74,165,202,145,94,14,2
강원도 철원군 근북면(4278033000),106,106,0,3,1,2,9,19,19,30,22,1,0,50,50,0,2,1,2,5,13,6,11,10,0,0,56,56,0,1,0,0,4,6,13,19,12,1,0
강원도 화천군 (4279000000),24050,24050,1657,1694,3477,2723,2595,3735,4218,2183,1541,216,11,13024,13024,862,846,2374,1616,1412,2030,2297,998,530,53,6,11026,11026,795,848,1103,1107,1183,1705,1921,1185,1011,163,5
강원도 화천군 화천읍(4279025000),8269,8269,651,740,1091,976,1101,1267,1224,694,466,55,4,4301,4301,346,381,656,548,575,677,657,296,148,15,2,3968,3968,305,359,435,428,526,590,567,398,318,40,2
강원도 화천군 간동면(4279031000),2656,2656,48,127,231,125,204,568,685,369,247,50,2,1416,1416,26,62,161,78,107,320,391,170,88,12,1,1240,1240,22,65,70,47,97,248,294,199,159,38,1
강원도 화천군 하남면(4279032000),2856,2856,133,241,258,230,341,519,595,289,221,27,2,1500,1500,70,122,144,118,188,294,329,149,79,6,1,1356,1356,63,119,114,112,153,225,266,140,142,21,1
강원도 화천군 상서면(4279033000),4070,4070,254,162,1019,531,296,490,672,340,271,33,2,2464,2464,122,71,827,363,177,279,375,150,92,7,1,1606,1606,132,91,192,168,119,211,297,190,179,26,1
강원도 화천군 사내면(4279034000),6199,6199,571,424,878,861,653,891,1042,491,336,51,1,3343,3343,298,210,586,509,365,460,545,233,123,13,1,2856,2856,273,214,292,352,288,431,497,258,213,38,0
강원도 양구군 (4280000000),21700,21700,1602,1950,2793,2441,2419,3367,3712,1954,1278,178,6,11398,11398,796,960,1849,1365,1295,1774,1983,882,449,42,3,10302,10302,806,990,944,1076,1124,1593,1729,1072,829,136,3
강원도 양구군 양구읍(4280025000),13802,13802,1346,1561,1636,1862,1811,2006,1944,951,608,74,3,6994,6994,654,751,967,999,938,1032,1007,420,204,20,2,6808,6808,692,810,669,863,873,974,937,531,404,54,1
강원도 양구군 국토정중앙면(4280031500),3340,3340,95,179,432,237,264,580,784,431,291,44,3,1871,1871,53,97,350,150,159,325,423,201,107,5,1,1469,1469,42,82,82,87,105,255,361,230,184,39,2
강원도 양구군 동면(4280032000),2037,2037,94,75,377,178,143,335,390,252,160,33,0,1128,1128,52,38,265,116,79,179,217,115,58,9,0,909,909,42,37,112,62,64,156,173,137,102,24,0
강원도 양구군 방산면(4280033000),1272,1272,42,63,245,87,81,193,289,140,118,14,0,729,729,22,36,202,52,48,99,161,63,41,5,0,543,543,20,27,43,35,33,94,128,77,77,9,0
강원도 양구군 해안면(4280034000),1249,1249,25,72,103,77,120,253,305,180,101,13,0,676,676,15,38,65,48,71,139,175,83,39,3,0,573,573,10,34,38,29,49,114,130,97,62,10,0
강원도 인제군 (4281000000),32198,32198,2464,2261,4134,3941,3982,5064,5795,2666,1628,257,6,17519,17519,1254,1195,2784,2296,2209,2720,3130,1278,582,66,5,14679,14679,1210,1066,1350,1645,1773,2344,2665,1388,1046,191,1
강원도 인제군 인제읍(4281025000),10319,10319,985,888,1238,1375,1511,1576,1540,726,412,66,2,5426,5426,497,475,744,763,804,833,792,352,147,18,1,4893,4893,488,413,494,612,707,743,748,374,265,48,1
강원도 인제군 인제읍귀둔출장소(4281025100),512,512,15,29,26,30,50,122,122,75,39,4,0,269,269,6,15,14,18,29,71,61,38,15,2,0,243,243,9,14,12,12,21,51,61,37,24,2,0
강원도 인제군 남면(4281031000),3789,3789,248,230,489,495,389,562,780,319,235,42,0,2058,2058,115,115,326,312,227,311,412,154,76,10,0,1731,1731,133,115,163,183,162,251,368,165,159,32,0
강원도 인제군 북면(4281032000),8014,8014,524,601,978,810,1005,1401,1522,671,440,59,3,4329,4329,275,319,635,454,558,757,847,304,162,15,3,3685,3685,249,282,343,356,447,644,675,367,278,44,0
강원도 인제군 기린면(4281033000),4996,4996,370,312,549,643,601,778,1010,426,258,49,0,2726,2726,189,162,373,380,333,403,575,206,95,10,0,2270,2270,181,150,176,263,268,375,435,220,163,39,0
강원도 인제군 서화면(4281034000),2545,2545,196,118,527,388,230,310,404,220,131,21,0,1542,1542,107,63,433,247,144,174,213,107,49,5,0,1003,1003,89,55,94,141,86,136,191,113,82,16,0
강원도 인제군 상남면(4281035000),2023,2023,126,83,327,200,196,315,417,229,113,16,1,1169,1169,65,46,259,122,114,171,230,117,38,6,1,854,854,61,37,68,78,82,144,187,112,75,10,0
강원도 고성군 (4282000000),27382,27382,1360,1598,2673,2379,3076,4782,5764,3381,2037,325,7,14123,14123,693,864,1710,1336,1697,2612,2954,1475,701,80,1,13259,13259,667,734,963,1043,1379,2170,2810,1906,1336,245,6
강원도 고성군 간성읍(4282025000),7110,7110,586,537,905,843,867,1118,1144,641,409,59,1,3757,3757,301,294,575,471,469,613,591,290,133,20,0,3353,3353,285,243,330,372,398,505,553,351,276,39,1
강원도 고성군 거진읍(4282025300),5961,5961,158,323,444,311,566,1082,1423,942,597,114,1,2970,2970,85,162,296,172,307,612,713,393,206,24,0,2991,2991,73,161,148,139,259,470,710,549,391,90,1
강원도 고성군 현내면(4282031000),2297,2297,61,91,123,129,197,379,642,400,234,41,0,1126,1126,32,53,74,68,125,208,326,162,70,8,0,1171,1171,29,38,49,61,72,171,316,238,164,33,0
강원도 고성군 죽왕면(4282032000),3456,3456,97,167,309,246,347,610,832,474,329,43,2,1781,1781,41,93,186,150,202,331,431,219,118,10,0,1675,1675,56,74,123,96,145,279,401,255,211,33,2
강원도 고성군 토성면(4282033000),8558,8558,458,480,892,850,1099,1593,1723,924,468,68,3,4489,4489,234,262,579,475,594,848,893,411,174,18,1,4069,4069,224,218,313,375,505,745,830,513,294,50,2
강원도 양양군 (4283000000),27917,27917,1223,1749,2279,2213,3454,4931,5998,3651,2069,339,11,14245,14245,627,926,1354,1209,1881,2648,3054,1695,780,69,2,13672,13672,596,823,925,1004,1573,2283,2944,1956,1289,270,9
강원도 양양군 양양읍(4283025000),12693,12693,788,1102,1202,1197,1960,2176,2217,1252,672,122,5,6442,6442,412,582,722,617,994,1151,1092,596,248,26,2,6251,6251,376,520,480,580,966,1025,1125,656,424,96,3
강원도 양양군 서면(4283031000),2792,2792,48,162,186,147,278,515,675,479,265,36,1,1438,1438,23,89,112,85,154,300,345,206,118,6,0,1354,1354,25,73,74,62,124,215,330,273,147,30,1
강원도 양양군 손양면(4283032000),2283,2283,56,83,174,162,205,424,531,363,245,38,2,1151,1151,26,33,98,90,128,233,278,157,98,10,0,1132,1132,30,50,76,72,77,191,253,206,147,28,2
강원도 양양군 현북면(4283033000),2609,2609,77,85,170,185,244,449,682,430,251,34,2,1348,1348,35,48,112,115,143,221,359,204,103,8,0,1261,1261,42,37,58,70,101,228,323,226,148,26,2
강원도 양양군 현남면(4283034000),2953,2953,78,113,143,208,307,467,748,513,322,53,1,1526,1526,36,63,83,114,198,263,401,256,107,5,0,1427,1427,42,50,60,94,109,204,347,257,215,48,1
강원도 양양군 강현면(4283035000),4587,4587,176,204,404,314,460,900,1145,614,314,56,0,2340,2340,95,111,227,188,264,480,579,276,106,14,0,2247,2247,81,93,177,126,196,420,566,338,208,42,0
충청북도  (4300000000),1597284,1597284,114305,146096,192565,188858,237457,270224,244664,121942,71063,9815,295,811063,811063,58361,75821,107271,101511,122858,139180,123074,56017,24749,2170,51,786221,786221,55944,70275,85294,87347,114599,131044,121590,65925,46314,7645,244
충청북도 청주시 (4311000000),848795,848795,69572,84565,117640,117081,136323,137945,107362,48807,25787,3609,104,428161,428161,35433,43733,64186,62130,69078,69044,52717,22178,8888,761,13,420634,420634,34139,40832,53454,54951,67245,68901,54645,26629,16899,2848,91
충청북도 청주시 상당구 (4311100000),194292,194292,15797,19584,24055,23428,30628,33307,26811,12662,7004,987,29,96472,96472,7971,10111,12979,12014,15180,16553,13299,5737,2410,214,4,97820,97820,7826,9473,11076,11414,15448,16754,13512,6925,4594,773,25
충청북도 청주시 상당구 낭성면(4311131000),2229,2229,51,50,149,131,161,421,629,348,245,42,2,1169,1169,30,24,89,73,97,226,358,173,89,10,0,1060,1060,21,26,60,58,64,195,271,175,156,32,2
충청북도 청주시 상당구 미원면(4311132000),4852,4852,99,166,294,281,374,802,1385,792,567,89,3,2502,2502,48,88,174,175,229,455,725,396,191,20,1,2350,2350,51,78,120,106,145,347,660,396,376,69,2
충청북도 청주시 상당구 가덕면(4311133000),3839,3839,80,110,293,201,350,798,1011,564,389,43,0,1965,1965,38,59,173,116,200,429,549,275,116,10,0,1874,1874,42,51,120,85,150,369,462,289,273,33,0
충청북도 청주시 상당구 남일면(4311134000),6775,6775,368,425,671,664,748,1286,1438,620,487,64,4,3471,3471,183,211,408,370,405,653,762,297,162,20,0,3304,3304,185,214,263,294,343,633,676,323,325,44,4
충청북도 청주시 상당구 문의면(4311135000),3855,3855,69,184,273,204,352,723,913,583,483,69,2,1999,1999,33,100,157,126,214,421,487,279,162,20,0,1856,1856,36,84,116,78,138,302,426,304,321,49,2
충청북도 청주시 상당구 중앙동(4311152500),6910,6910,366,506,1059,857,884,1104,1026,656,408,42,2,3367,3367,200,259,520,465,445,542,487,288,152,9,0,3543,3543,166,247,539,392,439,562,539,368,256,33,2
충청북도 청주시 상당구 성안동(4311154500),6770,6770,225,356,936,677,769,1148,1322,807,455,74,1,3468,3468,121,185,527,394,438,606,649,342,186,20,0,3302,3302,104,171,409,283,331,542,673,465,269,54,1
충청북도 청주시 상당구 탑대성동(4311162000),8487,8487,365,637,938,752,1117,1539,1548,990,516,82,3,4144,4144,179,328,524,423,569,770,701,429,205,14,2,4343,4343,186,309,414,329,548,769,847,561,311,68,1
충청북도 청주시 상당구 영운동(4311167000),10506,10506,560,834,1212,1121,1493,1876,1855,1017,481,56,1,5247,5247,278,426,652,606,794,977,889,429,182,13,1,5259,5259,282,408,560,515,699,899,966,588,299,43,0
충청북도 청주시 상당구 금천동(4311168000),30771,30771,2398,3650,3969,3368,5313,5261,3873,1929,887,122,1,14909,14909,1209,1846,2097,1679,2544,2567,1774,856,314,23,0,15862,15862,1189,1804,1872,1689,2769,2694,2099,1073,573,99,1
충청북도 청주시 상당구 용담.명암.산성동(4311169000),13268,13268,1386,1955,1453,1425,2487,2161,1355,671,321,52,2,6537,6537,710,1020,785,679,1156,1096,662,300,117,12,0,6731,6731,676,935,668,746,1331,1065,693,371,204,40,2
충청북도 청주시 상당구 용암1동(4311172000),56234,56234,5596,6463,7546,7795,9832,9355,6216,2208,1063,155,5,28102,28102,2818,3371,4052,3936,4811,4618,3147,1006,319,24,0,28132,28132,2778,3092,3494,3859,5021,4737,3069,1202,744,131,5
충청북도 청주시 상당구 용암2동(4311173000),39796,39796,4234,4248,5262,5952,6748,6833,4240,1477,702,97,3,19592,19592,2124,2194,2821,2972,3278,3193,2109,667,215,19,0,20204,20204,2110,2054,2441,2980,3470,3640,2131,810,487,78,3
충청북도 청주시 서원구 (4311200000),192817,192817,12401,19303,27979,22284,29426,33805,27364,12716,6622,894,23,95965,95965,6344,10039,15171,11783,14548,16629,13173,5742,2347,188,1,96852,96852,6057,9264,12808,10501,14878,17176,14191,6974,4275,706,22
충청북도 청주시 서원구 남이면(4311231000),10001,10001,615,595,1062,1072,1192,2051,1970,843,532,69,0,5227,5227,298,303,619,585,643,1078,1077,418,192,14,0,4774,4774,317,292,443,487,549,973,893,425,340,55,0
충청북도 청주시 서원구 현도면(4311232000),3203,3203,68,104,169,188,300,555,813,532,393,78,3,1666,1666,40,49,94,114,195,311,454,259,137,13,0,1537,1537,28,55,75,74,105,244,359,273,256,65,3
충청북도 청주시 서원구 사직1동(4311251000),6074,6074,232,387,739,602,805,1178,1162,608,316,44,1,3129,3129,107,189,416,334,444,627,606,280,118,8,0,2945,2945,125,198,323,268,361,551,556,328,198,36,1
충청북도 청주시 서원구 사직2동(4311252000),13537,13537,1243,1380,1453,1761,1995,2139,2114,881,495,74,2,6617,6617,642,684,766,858,1009,1006,1031,421,189,11,0,6920,6920,601,696,687,903,986,1133,1083,460,306,63,2
충청북도 청주시 서원구 사창동(4311253000),14733,14733,574,907,3511,1980,1800,2068,2102,1207,540,43,1,7420,7420,289,470,1855,1154,962,974,941,549,211,15,0,7313,7313,285,437,1656,826,838,1094,1161,658,329,28,1
충청북도 청주시 서원구 모충동(4311254000),16825,16825,843,1158,2716,2029,2109,2886,2934,1368,688,90,4,8443,8443,441,579,1438,1147,1143,1434,1372,623,246,20,0,8382,8382,402,579,1278,882,966,1452,1562,745,442,70,4
충청북도 청주시 서원구 산남동(4311255000),26165,26165,2096,3768,3622,3004,4872,4706,2453,1057,506,77,4,13109,13109,1067,1930,2006,1506,2283,2417,1209,490,182,18,1,13056,13056,1029,1838,1616,1498,2589,2289,1244,567,324,59,3
충청북도 청주시 서원구 분평동(4311256000),29855,29855,2213,3826,4255,3155,5237,5634,3205,1396,827,106,1,14493,14493,1113,2018,2318,1582,2364,2746,1506,555,269,22,0,15362,15362,1100,1808,1937,1573,2873,2888,1699,841,558,84,1
충청북도 청주시 서원구 수곡1동(4311257000),13260,13260,498,930,1940,1302,1671,2367,2457,1339,684,69,3,6706,6706,272,508,1090,744,877,1164,1172,599,267,13,0,6554,6554,226,422,850,558,794,1203,1285,740,417,56,3
충청북도 청주시 서원구 수곡2동(4311258000),15851,15851,868,1339,1913,1724,2045,3059,2818,1290,689,105,1,7791,7791,441,703,1037,927,1061,1443,1398,554,205,22,0,8060,8060,427,636,876,797,984,1616,1420,736,484,83,1
충청북도 청주시 서원구 성화.개신.죽림동(4311259000),43313,43313,3151,4909,6599,5467,7400,7162,5336,2195,952,139,3,21364,21364,1634,2606,3532,2832,3567,3429,2407,994,331,32,0,21949,21949,1517,2303,3067,2635,3833,3733,2929,1201,621,107,3
충청북도 청주시 흥덕구 (4311300000),267294,267294,22937,26205,39983,41022,43445,43030,30684,12779,6288,897,24,135731,135731,11697,13522,21678,21803,22055,21549,15212,5853,2180,179,3,131563,131563,11240,12683,18305,19219,21390,21481,15472,6926,4108,718,21
충청북도 청주시 흥덕구 오송읍(4311325000),24499,24499,2128,2415,3458,4035,4219,3353,2721,1344,713,111,2,12160,12160,1099,1214,1658,2050,2161,1730,1375,592,254,27,0,12339,12339,1029,1201,1800,1985,2058,1623,1346,752,459,84,2
충청북도 청주시 흥덕구 강내면(4311331000),10706,10706,631,1015,1371,1068,1530,2021,1684,831,489,63,3,5505,5505,303,521,741,599,816,1052,889,414,158,12,0,5201,5201,328,494,630,469,714,969,795,417,331,51,3
충청북도 청주시 흥덕구 옥산면(4311332000),17889,17889,2185,1291,1743,3371,2695,2696,2238,1029,564,75,2,9164,9164,1097,687,967,1742,1470,1377,1121,500,189,14,0,8725,8725,1088,604,776,1629,1225,1319,1117,529,375,61,2
충청북도 청주시 흥덕구 운천.신봉동(4311370000),16622,16622,774,1383,2397,1769,2311,3330,2777,1189,599,91,2,8216,8216,402,709,1284,976,1157,1560,1363,551,193,20,1,8406,8406,372,674,1113,793,1154,1770,1414,638,406,71,1
충청북도 청주시 흥덕구 복대1동(4311374100),50335,50335,5426,6363,6914,8115,9930,7412,3903,1479,696,96,1,25661,25661,2758,3342,3750,4193,4904,3865,1937,648,253,11,0,24674,24674,2668,3021,3164,3922,5026,3547,1966,831,443,85,1
충청북도 청주시 흥덕구 복대2동(4311374200),15953,15953,583,1025,3373,1894,1960,2762,2525,1246,529,55,1,8185,8185,315,533,1953,1100,1028,1338,1161,556,194,7,0,7768,7768,268,492,1420,794,932,1424,1364,690,335,48,1
충청북도 청주시 흥덕구 가경동(4311374700),55622,55622,4836,6644,7535,7098,9338,10183,6559,2255,1019,151,4,27151,27151,2460,3406,4014,3524,4337,4794,3188,1021,371,36,0,28471,28471,2376,3238,3521,3574,5001,5389,3371,1234,648,115,4
충청북도 청주시 흥덕구 봉명1동(4311375100),9657,9657,409,557,2031,1630,1303,1513,1330,616,234,32,2,5148,5148,214,289,1059,974,750,806,687,272,91,5,1,4509,4509,195,268,972,656,553,707,643,344,143,27,1
충청북도 청주시 흥덕구 봉명2.송정동(4311375600),23843,23843,1525,2178,4104,3927,3792,3933,2776,1056,479,71,2,12804,12804,759,1111,2344,2359,2083,2047,1393,522,166,19,1,11039,11039,766,1067,1760,1568,1709,1886,1383,534,313,52,1
충청북도 청주시 흥덕구 강서제1동(4311376000),28591,28591,1941,2256,5245,4718,4242,4577,3351,1407,726,123,5,14522,14522,1011,1149,2782,2533,2179,2320,1659,625,242,22,0,14069,14069,930,1107,2463,2185,2063,2257,1692,782,484,101,5
충청북도 청주시 흥덕구 강서제2동(4311377000),13577,13577,2499,1078,1812,3397,2125,1250,820,327,240,29,0,7215,7215,1279,561,1126,1753,1170,660,439,152,69,6,0,6362,6362,1220,517,686,1644,955,590,381,175,171,23,0
충청북도 청주시 청원구 (4311400000),194392,194392,18437,19473,25623,30347,32824,27803,22503,10650,5873,831,28,99993,99993,9421,10061,14358,16530,17295,14313,11033,4846,1951,180,5,94399,94399,9016,9412,11265,13817,15529,13490,11470,5804,3922,651,23
충청북도 청주시 청원구 내수읍(4311425000),19016,19016,1306,1761,2214,1871,2941,3487,2958,1450,883,139,6,9777,9777,657,918,1325,1018,1565,1845,1496,664,258,30,1,9239,9239,649,843,889,853,1376,1642,1462,786,625,109,5
충청북도 청주시 청원구 오창읍(4311425300),70231,70231,9390,7754,8664,14709,13351,7675,5134,2191,1167,193,3,37502,37502,4801,3989,5120,8145,7183,4252,2554,1041,378,39,0,32729,32729,4589,3765,3544,6564,6168,3423,2580,1150,789,154,3
충청북도 청주시 청원구 북이면(4311431000),4480,4480,73,147,322,284,387,805,1198,684,506,69,5,2395,2395,40,73,200,191,259,483,650,321,162,15,1,2085,2085,33,74,122,93,128,322,548,363,344,54,4
충청북도 청주시 청원구 우암동(4311451000),12363,12363,478,773,2098,1480,1489,1985,2030,1235,723,69,3,6243,6243,243,376,1100,838,846,1061,976,530,257,16,0,6120,6120,235,397,998,642,643,924,1054,705,466,53,3
충청북도 청주시 청원구 내덕1동(4311452000),8446,8446,288,522,1033,813,1092,1487,1654,981,512,60,4,4279,4279,130,290,587,489,605,766,765,430,202,12,3,4167,4167,158,232,446,324,487,721,889,551,310,48,1
충청북도 청주시 청원구 내덕2동(4311453000),13386,13386,794,1057,2054,1624,1940,2235,1953,1118,555,56,0,6854,6854,425,536,1118,930,1029,1126,965,505,209,11,0,6532,6532,369,521,936,694,911,1109,988,613,346,45,0
충청북도 청주시 청원구 율량.사천동(4311454000),48286,48286,3966,5035,7359,6928,7977,7798,5783,2189,1075,171,5,23972,23972,2031,2629,3940,3675,3945,3614,2760,993,345,40,0,24314,24314,1935,2406,3419,3253,4032,4184,3023,1196,730,131,5
충청북도 청주시 청원구 오근장동(4311455000),18184,18184,2142,2424,1879,2638,3647,2331,1793,802,452,74,2,8971,8971,1094,1250,968,1244,1863,1166,867,362,140,17,0,9213,9213,1048,1174,911,1394,1784,1165,926,440,312,57,2
충청북도 충주시 (4313000000),208865,208865,13517,18229,23187,22550,30145,36776,34706,17524,10765,1428,38,105738,105738,6804,9492,13342,12350,15519,18801,17422,7875,3799,327,7,103127,103127,6713,8737,9845,10200,14626,17975,17284,9649,6966,1101,31
충청북도 충주시 주덕읍(4313025000),4833,4833,95,197,355,283,452,992,1259,652,484,63,1,2494,2494,51,102,220,180,280,535,655,285,175,11,0,2339,2339,44,95,135,103,172,457,604,367,309,52,1
충청북도 충주시 살미면(4313031000),2024,2024,35,51,107,92,162,380,626,342,190,38,1,1027,1027,16,28,58,58,88,205,322,180,64,8,0,997,997,19,23,49,34,74,175,304,162,126,30,1
충청북도 충주시 수안보면(4313032500),2884,2884,63,106,170,134,217,558,818,477,296,45,0,1455,1455,29,62,109,74,129,302,428,219,91,12,0,1429,1429,34,44,61,60,88,256,390,258,205,33,0
충청북도 충주시 대소원면(4313033500),9118,9118,567,430,1381,1460,1235,1494,1446,610,436,57,2,5177,5177,294,233,896,935,735,838,787,297,146,16,0,3941,3941,273,197,485,525,500,656,659,313,290,41,2
충청북도 충주시 신니면(4313035000),2855,2855,24,82,146,144,188,514,849,467,393,47,1,1462,1462,11,40,97,92,121,284,451,204,148,14,0,1393,1393,13,42,49,52,67,230,398,263,245,33,1
충청북도 충주시 노은면(4313036000),2232,2232,42,86,102,100,155,351,665,393,288,49,1,1144,1144,22,53,59,59,111,188,333,204,104,11,0,1088,1088,20,33,43,41,44,163,332,189,184,38,1
충청북도 충주시 앙성면(4313037000),3957,3957,55,118,222,179,296,758,1161,657,440,70,1,2030,2030,35,61,144,113,156,422,605,315,165,14,0,1927,1927,20,57,78,66,140,336,556,342,275,56,1
충청북도 충주시 중앙탑면(4313038500),13519,13519,1992,1081,1443,2965,2272,1561,1247,553,348,56,1,6941,6941,996,530,812,1588,1224,789,620,253,115,13,1,6578,6578,996,551,631,1377,1048,772,627,300,233,43,0
충청북도 충주시 금가면(4313039000),3875,3875,316,285,541,424,526,517,624,351,263,28,0,2088,2088,155,141,363,247,302,302,317,156,96,9,0,1787,1787,161,144,178,177,224,215,307,195,167,19,0
충청북도 충주시 동량면(4313040000),3589,3589,92,153,251,170,282,687,946,531,408,68,1,1817,1817,37,75,144,94,169,376,500,247,163,12,0,1772,1772,55,78,107,76,113,311,446,284,245,56,1
충청북도 충주시 산척면(4313041000),2257,2257,45,78,121,123,176,408,607,368,293,37,1,1166,1166,26,43,76,81,97,213,330,166,121,12,1,1091,1091,19,35,45,42,79,195,277,202,172,25,0
충청북도 충주시 엄정면(4313042000),3090,3090,69,125,152,142,239,517,905,494,393,52,2,1566,1566,41,70,84,84,138,276,486,233,139,14,1,1524,1524,28,55,68,58,101,241,419,261,254,38,1
충청북도 충주시 소태면(4313043000),1939,1939,54,71,82,107,138,335,559,308,254,31,0,992,992,23,40,48,63,81,178,300,152,98,9,0,947,947,31,31,34,44,57,157,259,156,156,22,0
충청북도 충주시 성내.충인동(4313051500),2629,2629,83,156,254,188,324,447,553,365,223,36,0,1299,1299,38,75,147,116,183,246,254,145,90,5,0,1330,1330,45,81,107,72,141,201,299,220,133,31,0
충청북도 충주시 교현.안림동(4313053500),23243,23243,1559,2412,2580,2276,3558,4334,3639,1757,1012,112,4,11601,11601,791,1249,1487,1206,1788,2162,1799,771,317,31,0,11642,11642,768,1163,1093,1070,1770,2172,1840,986,695,81,4
충청북도 충주시 교현2동(4313054000),6741,6741,223,488,778,560,885,1214,1281,808,452,51,1,3427,3427,110,251,458,344,472,636,633,360,153,10,0,3314,3314,113,237,320,216,413,578,648,448,299,41,1
충청북도 충주시 용산동(4313055000),14975,14975,1087,1968,1755,1487,2736,2626,1860,889,503,62,2,7344,7344,521,1061,981,745,1298,1273,897,374,182,12,0,7631,7631,566,907,774,742,1438,1353,963,515,321,50,2
충청북도 충주시 지현동(4313056000),5150,5150,230,466,527,432,717,898,916,591,331,42,0,2555,2555,124,240,285,238,369,456,441,257,136,9,0,2595,2595,106,226,242,194,348,442,475,334,195,33,0
충청북도 충주시 문화동(4313057100),9354,9354,314,630,1026,752,1161,1627,1998,1142,625,77,2,4700,4700,157,322,561,422,646,833,978,512,251,17,1,4654,4654,157,308,465,330,515,794,1020,630,374,60,1
충청북도 충주시 호암.직동(4313058000),20161,20161,2125,2499,2359,3089,3709,3039,2048,811,418,63,1,10013,10013,1074,1272,1273,1577,1805,1513,998,364,131,6,0,10148,10148,1051,1227,1086,1512,1904,1526,1050,447,287,57,1
충청북도 충주시 달천동(4313060500),3789,3789,87,164,552,263,402,696,831,471,284,38,1,2040,2040,40,95,313,173,250,385,471,209,97,7,0,1749,1749,47,69,239,90,152,311,360,262,187,31,1
충청북도 충주시 봉방동(4313061000),9125,9125,469,689,1048,924,1327,1730,1601,899,397,38,3,4735,4735,246,350,596,524,725,947,765,416,154,11,1,4390,4390,223,339,452,400,602,783,836,483,243,27,2
충청북도 충주시 칠금.금릉동(4313062500),14428,14428,901,1641,1838,1407,2289,2900,2005,886,498,61,2,7127,7127,459,866,1006,747,1060,1443,977,389,165,15,0,7301,7301,442,775,832,660,1229,1457,1028,497,333,46,2
충청북도 충주시 연수동(4313063000),36485,36485,2466,3574,4643,4097,5600,6937,5392,2310,1287,172,7,18102,18102,1240,1868,2679,2184,2723,3341,2625,982,421,38,1,18383,18383,1226,1706,1964,1913,2877,3596,2767,1328,866,134,6
충청북도 충주시 목행.용탄동(4313064000),6613,6613,524,679,754,752,1099,1256,870,392,249,35,3,3436,3436,268,365,446,406,569,658,450,185,77,11,1,3177,3177,256,314,308,346,530,598,420,207,172,24,2
충청북도 제천시 (4315000000),132243,132243,7911,11764,14617,12130,17500,23358,24487,12607,6963,866,40,66545,66545,4058,6061,8226,6471,8936,12012,12225,5816,2542,190,8,65698,65698,3853,5703,6391,5659,8564,11346,12262,6791,4421,676,32
충청북도 제천시 봉양읍(4315025000),6737,6737,232,335,472,377,645,1235,1820,947,585,88,1,3443,3443,123,174,265,219,363,659,947,459,218,16,0,3294,3294,109,161,207,158,282,576,873,488,367,72,1
충청북도 제천시 금성면(4315031000),1898,1898,37,84,95,100,127,346,572,282,217,34,4,1014,1014,24,51,59,62,69,193,329,142,77,8,0,884,884,13,33,36,38,58,153,243,140,140,26,4
충청북도 제천시 청풍면(4315032000),1263,1263,20,46,58,60,74,250,376,212,155,12,0,649,649,13,23,30,40,43,139,192,108,58,3,0,614,614,7,23,28,20,31,111,184,104,97,9,0
충청북도 제천시 수산면(4315033000),2022,2022,34,61,76,63,128,388,626,380,240,26,0,1061,1061,19,32,52,42,81,206,337,201,84,7,0,961,961,15,29,24,21,47,182,289,179,156,19,0
충청북도 제천시 덕산면(4315034000),2149,2149,64,190,59,81,160,345,597,391,228,33,1,1097,1097,38,103,36,39,94,182,321,196,85,2,1,1052,1052,26,87,23,42,66,163,276,195,143,31,0
충청북도 제천시 한수면(4315035000),703,703,19,36,31,33,71,129,200,100,70,13,1,355,355,7,19,24,19,40,73,99,47,21,5,1,348,348,12,17,7,14,31,56,101,53,49,8,0
충청북도 제천시 백운면(4315036000),3334,3334,78,145,152,139,216,589,1052,534,377,52,0,1723,1723,49,77,99,78,126,303,566,269,143,13,0,1611,1611,29,68,53,61,90,286,486,265,234,39,0
충청북도 제천시 송학면(4315038000),4655,4655,90,202,362,230,351,867,1309,719,458,66,1,2442,2442,43,112,221,151,212,453,708,347,176,18,1,2213,2213,47,90,141,79,139,414,601,372,282,48,0
충청북도 제천시 교동(4315051000),18405,18405,1430,2240,2155,1841,3064,3501,2480,1100,535,55,4,9090,9090,755,1120,1197,932,1419,1753,1255,461,187,11,0,9315,9315,675,1120,958,909,1645,1748,1225,639,348,44,4
충청북도 제천시 의림지동(4315051800),10060,10060,720,1096,1427,930,1570,1793,1468,648,348,59,1,5003,5003,397,546,785,464,767,913,712,287,119,13,0,5057,5057,323,550,642,466,803,880,756,361,229,46,1
충청북도 제천시 중앙동(4315052800),5748,5748,232,387,626,449,708,957,1232,745,370,40,2,2841,2841,106,206,324,249,381,501,565,341,158,9,1,2907,2907,126,181,302,200,327,456,667,404,212,31,1
충청북도 제천시 남현동(4315053700),4899,4899,183,278,590,387,531,843,1136,653,272,24,2,2449,2449,89,144,341,224,291,437,511,303,104,4,1,2450,2450,94,134,249,163,240,406,625,350,168,20,1
충청북도 제천시 영서동(4315054700),10094,10094,758,885,999,1029,1434,1740,1693,966,522,63,5,5062,5062,393,474,562,510,771,889,809,434,201,18,1,5032,5032,365,411,437,519,663,851,884,532,321,45,4
충청북도 제천시 용두동(4315056000),18606,18606,1254,2181,2838,2140,2592,3108,2644,1116,657,74,2,9316,9316,616,1105,1574,1158,1294,1542,1353,460,201,12,1,9290,9290,638,1076,1264,982,1298,1566,1291,656,456,62,1
충청북도 제천시 신백동(4315057700),11063,11063,619,1141,1334,963,1639,2167,1742,909,487,56,6,5553,5553,307,584,773,517,780,1140,879,389,165,18,1,5510,5510,312,557,561,446,859,1027,863,520,322,38,5
충청북도 제천시 청전동(4315059000),15449,15449,621,1045,1857,1349,1830,2768,3353,1729,799,92,6,7783,7783,312,559,1046,785,969,1379,1578,839,297,19,0,7666,7666,309,486,811,564,861,1389,1775,890,502,73,6
충청북도 제천시 화산동(4315060500),15158,15158,1520,1412,1486,1959,2360,2332,2187,1176,643,79,4,7664,7664,767,732,838,982,1236,1250,1064,533,248,14,0,7494,7494,753,680,648,977,1124,1082,1123,643,395,65,4
충청북도 보은군 (4372000000),31792,31792,1302,1971,2193,1990,3106,5565,7440,4414,3269,530,12,16042,16042,679,1041,1314,1093,1716,3089,3855,2057,1071,127,0,15750,15750,623,930,879,897,1390,2476,3585,2357,2198,403,12
충청북도 보은군 보은읍(4372025000),14683,14683,917,1267,1307,1202,1843,2622,2795,1531,1030,163,6,7313,7313,450,679,753,608,957,1402,1381,699,340,44,0,7370,7370,467,588,554,594,886,1220,1414,832,690,119,6
충청북도 보은군 속리산면(4372031500),1839,1839,27,70,118,72,129,375,525,314,175,33,1,948,948,16,28,76,49,80,201,281,142,65,10,0,891,891,11,42,42,23,49,174,244,172,110,23,1
충청북도 보은군 장안면(4372032500),1450,1450,80,71,98,131,155,224,311,192,163,24,1,760,760,42,30,64,83,88,140,162,91,55,5,0,690,690,38,41,34,48,67,84,149,101,108,19,1
충청북도 보은군 마로면(4372033000),2162,2162,46,90,76,81,139,354,618,409,309,39,1,1055,1055,24,49,46,46,83,201,318,178,97,13,0,1107,1107,22,41,30,35,56,153,300,231,212,26,1
충청북도 보은군 탄부면(4372034000),1616,1616,19,54,65,63,102,252,430,323,269,39,0,797,797,13,26,41,42,64,150,214,149,87,11,0,819,819,6,28,24,21,38,102,216,174,182,28,0
충청북도 보은군 삼승면(4372035000),2303,2303,53,115,153,162,197,369,557,362,301,33,1,1177,1177,34,61,90,110,122,207,287,161,102,3,0,1126,1126,19,54,63,52,75,162,270,201,199,30,1
충청북도 보은군 수한면(4372036000),1882,1882,41,84,96,69,153,298,557,303,232,48,1,953,953,23,42,53,38,89,166,309,154,72,7,0,929,929,18,42,43,31,64,132,248,149,160,41,1
충청북도 보은군 회남면(4372037000),728,728,16,24,21,17,49,112,250,129,96,14,0,399,399,12,14,13,10,32,70,135,73,38,2,0,329,329,4,10,8,7,17,42,115,56,58,12,0
충청북도 보은군 회인면(4372038500),1726,1726,42,63,79,62,108,310,461,311,246,43,1,866,866,23,31,59,29,74,178,247,149,67,9,0,860,860,19,32,20,33,34,132,214,162,179,34,1
충청북도 보은군 내북면(4372039000),1659,1659,33,62,90,67,101,311,450,274,221,50,0,847,847,24,36,61,37,58,179,248,119,72,13,0,812,812,9,26,29,30,43,132,202,155,149,37,0
충청북도 보은군 산외면(4372040000),1744,1744,28,71,90,64,130,338,486,266,227,44,0,927,927,18,45,58,41,69,195,273,142,76,10,0,817,817,10,26,32,23,61,143,213,124,151,34,0
충청북도 옥천군 (4373000000),49934,49934,2286,3732,4022,3587,6016,8706,10585,6358,4005,620,17,25182,25182,1187,1975,2296,1859,3227,4668,5418,3038,1360,152,2,24752,24752,1099,1757,1726,1728,2789,4038,5167,3320,2645,468,15
충청북도 옥천군 옥천읍(4373025000),28914,28914,1885,2979,2998,2614,4406,5002,4709,2722,1396,199,4,14481,14481,977,1577,1672,1324,2234,2608,2295,1236,518,40,0,14433,14433,908,1402,1326,1290,2172,2394,2414,1486,878,159,4
충청북도 옥천군 동이면(4373031000),3224,3224,78,117,189,159,274,614,900,481,349,62,1,1655,1655,40,63,121,87,156,330,486,241,112,19,0,1569,1569,38,54,68,72,118,284,414,240,237,43,1
충청북도 옥천군 안남면(4373032000),1402,1402,37,60,53,68,84,240,387,253,178,42,0,705,705,21,31,34,40,51,125,216,125,52,10,0,697,697,16,29,19,28,33,115,171,128,126,32,0
충청북도 옥천군 안내면(4373033000),1904,1904,34,62,79,71,147,306,548,337,282,36,2,976,976,19,32,53,36,94,179,288,178,86,11,0,928,928,15,30,26,35,53,127,260,159,196,25,2
충청북도 옥천군 청성면(4373034000),2342,2342,37,57,72,78,120,407,699,424,381,63,4,1166,1166,18,31,48,34,82,230,380,202,120,21,0,1176,1176,19,26,24,44,38,177,319,222,261,42,4
충청북도 옥천군 청산면(4373035000),2961,2961,40,131,118,106,212,455,850,579,414,54,2,1444,1444,19,67,64,58,130,259,435,272,124,16,0,1517,1517,21,64,54,48,82,196,415,307,290,38,2
충청북도 옥천군 이원면(4373036000),4046,4046,83,158,222,216,356,716,1048,703,465,79,0,2073,2073,39,89,131,123,237,395,543,355,145,16,0,1973,1973,44,69,91,93,119,321,505,348,320,63,0
충청북도 옥천군 군서면(4373037000),2155,2155,34,71,117,104,163,380,593,387,262,42,2,1128,1128,22,34,69,59,104,216,324,194,94,10,2,1027,1027,12,37,48,45,59,164,269,193,168,32,0
충청북도 옥천군 군북면(4373038000),2986,2986,58,97,174,171,254,586,851,472,278,43,2,1554,1554,32,51,104,98,139,326,451,235,109,9,0,1432,1432,26,46,70,73,115,260,400,237,169,34,2
충청북도 영동군 (4374000000),45509,45509,1980,3149,3695,2910,4876,8035,9877,6316,4112,540,19,22686,22686,1007,1649,2076,1537,2636,4303,5108,2827,1425,116,2,22823,22823,973,1500,1619,1373,2240,3732,4769,3489,2687,424,17
충청북도 영동군 영동읍(4374025000),20046,20046,1375,1941,2225,1803,2848,3472,3251,1938,1069,121,3,9886,9886,699,1007,1202,912,1441,1789,1621,827,372,16,0,10160,10160,676,934,1023,891,1407,1683,1630,1111,697,105,3
충청북도 영동군 용산면(4374031000),3276,3276,73,149,242,151,280,612,855,503,362,44,5,1675,1675,41,71,133,86,161,349,453,261,112,8,0,1601,1601,32,78,109,65,119,263,402,242,250,36,5
충청북도 영동군 황간면(4374032000),4164,4164,134,303,250,227,375,749,1025,644,413,42,2,2111,2111,69,173,143,125,213,412,533,287,149,7,0,2053,2053,65,130,107,102,162,337,492,357,264,35,2
충청북도 영동군 추풍령면(4374033500),2214,2214,37,93,123,89,190,424,579,387,257,32,3,1105,1105,19,49,70,50,110,232,294,184,88,8,1,1109,1109,18,44,53,39,80,192,285,203,169,24,2
충청북도 영동군 매곡면(4374034000),1879,1879,45,85,98,76,142,326,489,317,265,35,1,946,946,25,44,62,45,91,185,247,146,88,13,0,933,933,20,41,36,31,51,141,242,171,177,22,1
충청북도 영동군 상촌면(4374035000),2253,2253,51,93,82,86,153,362,628,447,294,55,2,1096,1096,22,53,50,48,88,205,321,204,95,9,1,1157,1157,29,40,32,38,65,157,307,243,199,46,1
충청북도 영동군 양강면(4374036000),3093,3093,84,151,264,148,245,591,742,485,347,35,1,1561,1561,35,90,165,84,140,315,397,211,114,10,0,1532,1532,49,61,99,64,105,276,345,274,233,25,1
충청북도 영동군 용화면(4374037000),970,970,26,47,39,31,59,195,254,161,140,17,1,486,486,14,27,19,17,32,118,141,67,47,4,0,484,484,12,20,20,14,27,77,113,94,93,13,1
충청북도 영동군 학산면(4374038000),2736,2736,57,100,136,105,193,449,768,500,371,56,1,1378,1378,33,43,91,57,128,246,401,224,143,12,0,1358,1358,24,57,45,48,65,203,367,276,228,44,1
충청북도 영동군 양산면(4374039000),1774,1774,24,72,86,52,147,322,436,353,231,51,0,875,875,14,36,49,36,87,167,244,149,79,14,0,899,899,10,36,37,16,60,155,192,204,152,37,0
충청북도 영동군 심천면(4374040000),3104,3104,74,115,150,142,244,533,850,581,363,52,0,1567,1567,36,56,92,77,145,285,456,267,138,15,0,1537,1537,38,59,58,65,99,248,394,314,225,37,0
충청북도 증평군 (4374500000),36916,36916,2904,3389,4418,4393,5587,6142,5495,2789,1595,201,3,19222,19222,1512,1764,2626,2448,2997,3247,2756,1284,547,41,0,17694,17694,1392,1625,1792,1945,2590,2895,2739,1505,1048,160,3
충청북도 증평군 증평읍(4374525000),35102,35102,2862,3326,4293,4305,5415,5821,5021,2505,1380,171,3,18266,18266,1489,1732,2541,2402,2891,3068,2500,1131,477,35,0,16836,16836,1373,1594,1752,1903,2524,2753,2521,1374,903,136,3
충청북도 증평군 도안면(4374531000),1814,1814,42,63,125,88,172,321,474,284,215,30,0,956,956,23,32,85,46,106,179,256,153,70,6,0,858,858,19,31,40,42,66,142,218,131,145,24,0
충청북도 진천군 (4375000000),85625,85625,7307,8379,9234,11288,13932,13980,11627,5606,3765,493,14,45059,45059,3784,4360,5358,6275,7572,7659,6026,2619,1300,101,5,40566,40566,3523,4019,3876,5013,6360,6321,5601,2987,2465,392,9
충청북도 진천군 진천읍(4375025000),30132,30132,1944,3262,3948,2993,4853,5397,4179,2110,1282,160,4,15547,15547,1024,1701,2272,1629,2520,2900,2054,957,451,36,3,14585,14585,920,1561,1676,1364,2333,2497,2125,1153,831,124,1
충청북도 진천군 덕산읍(4375025300),29939,29939,4328,3276,2990,6047,5856,3616,2301,875,575,73,2,15859,15859,2235,1678,1665,3271,3241,1974,1186,387,201,21,0,14080,14080,2093,1598,1325,2776,2615,1642,1115,488,374,52,2
충청북도 진천군 덕산읍혁신도시출장소(4375025400),0,0,0,0,0,0,0,0,0,0,0,0,0,0,0,0,0,0,0,0,0,0,0,0,0,0,0,0,0,0,0,0,0,0,0,0,0,0,0
충청북도 진천군 초평면(4375032000),3079,3079,63,158,185,165,275,557,794,449,374,56,3,1591,1591,32,83,111,104,165,330,421,223,112,10,0,1488,1488,31,75,74,61,110,227,373,226,262,46,3
충청북도 진천군 문백면(4375033000),3469,3469,109,142,222,253,317,718,837,477,352,42,0,1817,1817,50,69,144,153,190,390,462,234,118,7,0,1652,1652,59,73,78,100,127,328,375,243,234,35,0
충청북도 진천군 백곡면(4375034000),2081,2081,41,70,93,112,159,363,590,343,272,34,4,1071,1071,25,35,57,63,99,211,310,167,96,7,1,1010,1010,16,35,36,49,60,152,280,176,176,27,3
충청북도 진천군 이월면(4375035000),6274,6274,174,363,559,503,712,1174,1467,717,531,73,1,3346,3346,89,197,337,327,404,649,805,346,182,9,1,2928,2928,85,166,222,176,308,525,662,371,349,64,0
충청북도 진천군 광혜원면(4375037000),10651,10651,648,1108,1237,1215,1760,2155,1459,635,379,55,0,5828,5828,329,597,772,728,953,1205,788,305,140,11,0,4823,4823,319,511,465,487,807,950,671,330,239,44,0
충청북도 괴산군 (4376000000),37301,37301,1229,1863,2530,2155,3635,7028,9463,5379,3502,503,14,19233,19233,630,955,1509,1233,2093,3838,5046,2568,1243,114,4,18068,18068,599,908,1021,922,1542,3190,4417,2811,2259,389,10
충청북도 괴산군 괴산읍(4376025000),9498,9498,534,840,1052,873,1374,1652,1606,949,545,71,2,4891,4891,272,425,610,477,749,909,816,415,203,15,0,4607,4607,262,415,442,396,625,743,790,534,342,56,2
충청북도 괴산군 감물면(4376031000),2147,2147,68,126,115,104,176,397,591,310,224,36,0,1125,1125,35,62,64,62,114,227,311,153,90,7,0,1022,1022,33,64,51,42,62,170,280,157,134,29,0
충청북도 괴산군 장연면(4376032000),1914,1914,49,55,86,64,142,412,575,286,217,27,1,968,968,30,27,51,35,75,230,313,125,78,3,1,946,946,19,28,35,29,67,182,262,161,139,24,0
충청북도 괴산군 연풍면(4376033000),2325,2325,35,71,121,102,197,414,696,374,272,42,1,1203,1203,14,41,72,61,119,212,394,180,102,7,1,1122,1122,21,30,49,41,78,202,302,194,170,35,0
충청북도 괴산군 칠성면(4376034000),3097,3097,68,129,192,165,290,654,787,473,298,40,1,1566,1566,24,61,103,96,169,376,421,216,91,8,1,1531,1531,44,68,89,69,121,278,366,257,207,32,0
충청북도 괴산군 문광면(4376035000),2209,2209,51,96,132,109,189,411,584,362,237,37,1,1125,1125,30,46,85,62,106,229,292,193,75,7,0,1084,1084,21,50,47,47,83,182,292,169,162,30,1
충청북도 괴산군 청천면(4376036000),5162,5162,125,185,230,209,378,1026,1559,835,529,82,4,2680,2680,67,104,152,122,219,545,843,411,196,21,0,2482,2482,58,81,78,87,159,481,716,424,333,61,4
충청북도 괴산군 청안면(4376037000),3468,3468,116,123,182,179,273,683,962,531,360,58,1,1779,1779,54,63,108,102,169,375,523,250,119,16,0,1689,1689,62,60,74,77,104,308,439,281,241,42,1
충청북도 괴산군 사리면(4376039000),2696,2696,70,88,189,137,250,494,686,443,297,41,1,1394,1394,42,40,115,80,149,276,371,210,100,10,1,1302,1302,28,48,74,57,101,218,315,233,197,31,0
충청북도 괴산군 소수면(4376040000),2090,2090,50,62,100,109,171,366,633,363,199,36,1,1097,1097,25,37,58,71,101,192,344,193,66,10,0,993,993,25,25,42,38,70,174,289,170,133,26,1
충청북도 괴산군 불정면(4376041000),2695,2695,63,88,131,104,195,519,784,453,324,33,1,1405,1405,37,49,91,65,123,267,418,222,123,10,0,1290,1290,26,39,40,39,72,252,366,231,201,23,1
충청북도 음성군 (4377000000),92175,92175,5261,7260,9047,8990,13351,17422,16747,8302,5032,740,23,48936,48936,2721,3831,5191,5155,7443,9699,8949,4003,1771,165,8,43239,43239,2540,3429,3856,3835,5908,7723,7798,4299,3261,575,15
충청북도 음성군 음성읍(4377025000),16601,16601,792,1290,1580,1394,2199,3130,3321,1755,995,143,2,8494,8494,415,659,883,750,1213,1653,1712,808,363,37,1,8107,8107,377,631,697,644,986,1477,1609,947,632,106,1
충청북도 음성군 금왕읍(4377025300),19521,19521,1112,1814,2094,1856,3205,3876,3164,1448,828,119,5,10488,10488,590,984,1244,1070,1749,2190,1666,658,304,32,1,9033,9033,522,830,850,786,1456,1686,1498,790,524,87,4
충청북도 음성군 소이면(4377031000),2880,2880,48,109,135,159,211,484,765,516,385,65,3,1482,1482,27,61,82,104,137,270,403,244,139,15,0,1398,1398,21,48,53,55,74,214,362,272,246,50,3
충청북도 음성군 원남면(4377032000),2988,2988,53,97,162,158,212,498,878,512,356,60,2,1566,1566,26,56,103,90,139,269,488,266,114,15,0,1422,1422,27,41,59,68,73,229,390,246,242,45,2
충청북도 음성군 맹동면(4377033000),13133,13133,1382,1177,1385,2230,2332,1830,1624,706,410,57,0,6942,6942,699,617,709,1236,1275,981,918,349,146,12,0,6191,6191,683,560,676,994,1057,849,706,357,264,45,0
충청북도 음성군 대소면(4377034000),15794,15794,1007,1489,1800,1602,2725,3368,2263,918,558,63,1,8654,8654,517,804,1057,961,1492,1936,1233,457,181,15,1,7140,7140,490,685,743,641,1233,1432,1030,461,377,48,0
충청북도 음성군 삼성면(4377035000),6782,6782,216,374,578,502,768,1485,1565,755,469,66,4,3788,3788,125,197,370,315,485,870,871,383,158,12,2,2994,2994,91,177,208,187,283,615,694,372,311,54,2
충청북도 음성군 생극면(4377036000),4504,4504,151,224,330,276,472,879,1100,604,391,74,3,2430,2430,80,117,207,172,290,515,592,299,147,10,1,2074,2074,71,107,123,104,182,364,508,305,244,64,2
충청북도 음성군 감곡면(4377037000),9972,9972,500,686,983,813,1227,1872,2067,1088,640,93,3,5092,5092,242,336,536,457,663,1015,1066,539,219,17,2,4880,4880,258,350,447,356,564,857,1001,549,421,76,1
충청북도 단양군 (4380000000),28129,28129,1036,1795,1982,1784,2986,5267,6875,3840,2268,285,11,14259,14259,546,960,1147,960,1641,2820,3552,1752,803,76,2,13870,13870,490,835,835,824,1345,2447,3323,2088,1465,209,9
충청북도 단양군 단양읍(4380025000),10253,10253,575,898,1007,928,1378,1894,1962,977,556,75,3,5137,5137,288,466,558,494,726,1010,959,422,195,19,0,5116,5116,287,432,449,434,652,884,1003,555,361,56,3
충청북도 단양군 매포읍(4380025300),5184,5184,224,383,414,362,640,948,1052,734,385,42,0,2671,2671,127,208,250,207,357,527,528,317,137,13,0,2513,2513,97,175,164,155,283,421,524,417,248,29,0
충청북도 단양군 대강면(4380031000),2427,2427,55,89,122,81,181,472,710,402,270,42,3,1216,1216,28,45,70,38,102,263,372,193,94,10,1,1211,1211,27,44,52,43,79,209,338,209,176,32,2
충청북도 단양군 가곡면(4380032000),2051,2051,40,119,99,69,163,380,609,352,198,21,1,1094,1094,26,73,57,36,97,205,322,192,80,6,0,957,957,14,46,42,33,66,175,287,160,118,15,1
충청북도 단양군 영춘면(4380033000),3177,3177,54,158,121,126,280,630,920,536,309,43,0,1519,1519,29,87,78,65,139,310,457,232,111,11,0,1658,1658,25,71,43,61,141,320,463,304,198,32,0
충청북도 단양군 어상천면(4380034000),1866,1866,38,54,75,62,133,357,624,302,199,22,0,1026,1026,22,36,55,30,86,189,365,151,87,5,0,840,840,16,18,20,32,47,168,259,151,112,17,0
충청북도 단양군 적성면(4380035000),1514,1514,21,26,59,72,102,276,489,265,181,21,2,778,778,9,12,29,46,69,157,268,126,54,8,0,736,736,12,14,30,26,33,119,221,139,127,13,2
충청북도 단양군 단성면(4380036000),1657,1657,29,68,85,84,109,310,509,272,170,19,2,818,818,17,33,50,44,65,159,281,119,45,4,1,839,839,12,35,35,40,44,151,228,153,125,15,1
충청남도  (4400000000),2119296,2119296,158702,200812,235636,256051,326734,340833,304193,173001,106626,16270,438,1083970,1083970,81203,104219,130601,138163,174021,180937,153227,80075,37622,3836,66,1035326,1035326,77499,96593,105035,117888,152713,159896,150966,92926,69004,12434,372
충청남도 천안시 (4413000000),657080,657080,56815,67486,94292,100670,111788,104562,71263,31408,16293,2441,62,336080,336080,29054,34895,49947,53616,58184,53563,36093,14487,5689,540,12,321000,321000,27761,32591,44345,47054,53604,50999,35170,16921,10604,1901,50
충청남도 천안시 동남구 (4413100000),254867,254867,18229,25461,34330,31200,41639,43473,34571,16099,8539,1293,33,129273,129273,9408,13188,18256,16545,21497,22141,17367,7529,3050,285,7,125594,125594,8821,12273,16074,14655,20142,21332,17204,8570,5489,1008,26
충청남도 천안시 동남구 목천읍(4413125000),24201,24201,1498,2537,2793,2341,4215,4676,3380,1658,957,143,3,12420,12420,787,1329,1564,1222,2188,2520,1713,744,327,25,1,11781,11781,711,1208,1229,1119,2027,2156,1667,914,630,118,2
충청남도 천안시 동남구 풍세면(4413131000),4084,4084,102,218,389,298,435,719,977,543,344,58,1,2244,2244,59,118,250,186,284,408,524,278,125,12,0,1840,1840,43,100,139,112,151,311,453,265,219,46,1
충청남도 천안시 동남구 광덕면(4413132000),4244,4244,98,163,319,293,400,821,1115,573,389,72,1,2153,2153,47,97,189,159,221,427,594,280,124,14,1,2091,2091,51,66,130,134,179,394,521,293,265,58,0
충청남도 천안시 동남구 북면(4413133000),4352,4352,109,211,359,313,490,868,1060,532,341,67,2,2281,2281,54,113,224,183,281,478,536,275,122,15,0,2071,2071,55,98,135,130,209,390,524,257,219,52,2
충청남도 천안시 동남구 성남면(4413134000),3062,3062,64,142,223,172,287,574,791,463,289,57,0,1592,1592,27,63,129,107,178,330,420,221,109,8,0,1470,1470,37,79,94,65,109,244,371,242,180,49,0
충청남도 천안시 동남구 수신면(4413135000),2276,2276,43,80,182,164,215,415,562,336,252,27,0,1254,1254,18,45,120,109,150,253,305,159,89,6,0,1022,1022,25,35,62,55,65,162,257,177,163,21,0
충청남도 천안시 동남구 병천면(4413136000),6264,6264,235,344,765,574,758,1159,1251,662,441,75,0,3385,3385,120,181,513,351,448,624,650,317,160,21,0,2879,2879,115,163,252,223,310,535,601,345,281,54,0
충청남도 천안시 동남구 동면(4413137000),2045,2045,15,65,127,89,155,392,542,363,257,38,2,1101,1101,9,41,77,50,112,238,291,189,89,5,0,944,944,6,24,50,39,43,154,251,174,168,33,2
충청남도 천안시 동남구 중앙동(4413151000),5404,5404,177,268,553,521,651,1001,1174,681,343,34,1,2828,2828,92,142,286,310,364,574,593,322,135,9,1,2576,2576,85,126,267,211,287,427,581,359,208,25,0
충청남도 천안시 동남구 문성동(4413152000),4400,4400,215,257,631,668,634,714,760,349,143,29,0,2299,2299,121,124,318,383,351,393,396,152,53,8,0,2101,2101,94,133,313,285,283,321,364,197,90,21,0
충청남도 천안시 동남구 원성1동(4413153000),8585,8585,370,628,1055,824,1135,1677,1567,850,409,68,2,4438,4438,197,363,610,450,615,853,768,410,156,16,0,4147,4147,173,265,445,374,520,824,799,440,253,52,2
충청남도 천안시 동남구 원성2동(4413154000),9225,9225,261,625,1140,814,1266,1787,1724,986,547,73,2,4735,4735,130,337,645,482,683,926,840,454,219,19,0,4490,4490,131,288,495,332,583,861,884,532,328,54,2
충청남도 천안시 동남구 봉명동(4413155000),18005,18005,1044,1390,2738,2471,2865,3188,2636,1122,475,73,3,9249,9249,551,744,1420,1386,1488,1662,1308,513,158,18,1,8756,8756,493,646,1318,1085,1377,1526,1328,609,317,55,2
충청남도 천안시 동남구 일봉동(4413156000),22838,22838,1866,3131,2633,2314,4186,4064,2710,1256,592,85,1,11344,11344,923,1608,1422,1108,2054,2030,1398,571,211,19,0,11494,11494,943,1523,1211,1206,2132,2034,1312,685,381,66,1
충청남도 천안시 동남구 신방동(4413157000),44259,44259,4060,5750,6039,6329,8807,7088,3843,1448,786,105,4,22665,22665,2148,3025,3313,3414,4480,3532,1894,615,221,21,2,21594,21594,1912,2725,2726,2915,4327,3556,1949,833,565,84,2
충청남도 천안시 동남구 청룡동(4413158000),54607,54607,5410,6913,6729,7501,10118,8575,5749,2322,1106,178,6,27253,27253,2783,3520,3542,3750,5033,4261,2846,1077,394,46,1,27354,27354,2627,3393,3187,3751,5085,4314,2903,1245,712,132,5
충청남도 천안시 동남구 신안동(4413159000),37016,37016,2662,2739,7655,5514,5022,5755,4730,1955,868,111,5,18032,18032,1342,1338,3634,2895,2567,2632,2291,952,358,23,0,18984,18984,1320,1401,4021,2619,2455,3123,2439,1003,510,88,5
충청남도 천안시 서북구 (4413300000),402213,402213,38586,42025,59962,69470,70149,61089,36692,15309,7754,1148,29,206807,206807,19646,21707,31691,37071,36687,31422,18726,6958,2639,255,5,195406,195406,18940,20318,28271,32399,33462,29667,17966,8351,5115,893,24
충청남도 천안시 서북구 성환읍(4413325000),23720,23720,987,2127,2725,1945,3502,4272,4150,2481,1346,181,4,12418,12418,524,1123,1583,1104,1941,2347,2096,1157,500,43,0,11302,11302,463,1004,1142,841,1561,1925,2054,1324,846,138,4
충청남도 천안시 서북구 성거읍(4413325300),21320,21320,1596,2280,2483,2473,4020,3810,2660,1254,665,76,3,11186,11186,790,1163,1415,1337,2177,2072,1389,589,237,15,2,10134,10134,806,1117,1068,1136,1843,1738,1271,665,428,61,1
충청남도 천안시 서북구 직산읍(4413325600),20034,20034,1292,1829,2486,2627,3623,3602,2591,1214,678,90,2,10942,10942,678,977,1498,1563,2102,1977,1328,562,236,21,0,9092,9092,614,852,988,1064,1521,1625,1263,652,442,69,2
충청남도 천안시 서북구 입장면(4413331000),8413,8413,250,492,856,695,1012,1752,1729,957,570,99,1,4574,4574,131,254,536,458,607,984,921,443,209,31,0,3839,3839,119,238,320,237,405,768,808,514,361,68,1
충청남도 천안시 서북구 성정1동(4413351000),17820,17820,901,1147,2682,2599,2623,3357,2622,1284,526,75,4,9340,9340,475,583,1428,1495,1459,1772,1329,587,193,19,0,8480,8480,426,564,1254,1104,1164,1585,1293,697,333,56,4
충청남도 천안시 서북구 성정2동(4413352000),26013,26013,872,1204,6456,5693,3850,3693,2681,1048,443,72,1,14089,14089,451,606,3298,3447,2251,2018,1395,470,139,14,0,11924,11924,421,598,3158,2246,1599,1675,1286,578,304,58,1
충청남도 천안시 서북구 쌍용1동(4413353000),13639,13639,749,1182,2287,1835,1837,2390,2108,799,384,67,1,6683,6683,407,587,1152,1002,917,1115,991,369,127,16,0,6956,6956,342,595,1135,833,920,1275,1117,430,257,51,1
충청남도 천안시 서북구 쌍용2동(4413354000),37078,37078,2921,4661,5926,4857,6349,6759,3618,1275,613,98,1,18240,18240,1478,2418,3092,2472,2953,3185,1860,556,198,27,1,18838,18838,1443,2243,2834,2385,3396,3574,1758,719,415,71,0
충청남도 천안시 서북구 쌍용3동(4413355000),18478,18478,1217,2234,2536,2158,3004,3496,2245,946,555,85,2,8942,8942,601,1196,1374,1065,1411,1637,1120,363,161,14,0,9536,9536,616,1038,1162,1093,1593,1859,1125,583,394,71,2
충청남도 천안시 서북구 백석동(4413356000),40215,40215,5060,5729,4969,6263,7947,5872,2909,956,436,70,4,20211,20211,2554,2968,2620,3014,4034,2955,1463,442,147,14,0,20004,20004,2506,2761,2349,3249,3913,2917,1446,514,289,56,4
충청남도 천안시 서북구 불당1동(4413356600),32815,32815,3624,4532,4546,6006,6362,5057,1838,518,284,45,3,16399,16399,1838,2333,2321,3019,2998,2580,968,243,93,5,1,16416,16416,1786,2199,2225,2987,3364,2477,870,275,191,40,2
충청남도 천안시 서북구 불당2동(4413356700),36643,36643,6124,5136,3867,7494,8099,4047,1293,382,173,26,2,18246,18246,3115,2598,1867,3521,4120,2136,652,182,47,7,1,18397,18397,3009,2538,2000,3973,3979,1911,641,200,126,19,1
충청남도 천안시 서북구 부성1동(4413358000),48431,48431,4094,4104,10280,9778,7701,6976,3407,1333,670,88,0,25030,25030,2094,2106,5238,5493,3970,3519,1752,601,239,18,0,23401,23401,2000,1998,5042,4285,3731,3457,1655,732,431,70,0
충청남도 천안시 서북구 부성2동(4413359000),57594,57594,8899,5368,7863,15047,10220,6006,2841,862,411,76,1,30507,30507,4510,2795,4269,8081,5747,3125,1462,394,113,11,0,27087,27087,4389,2573,3594,6966,4473,2881,1379,468,298,65,1
충청남도 공주시 (4415000000),103174,103174,5101,8099,10956,8752,12763,17581,19784,11411,7497,1197,33,51521,51521,2650,4197,5937,4739,6705,9066,9911,5352,2644,315,5,51653,51653,2451,3902,5019,4013,6058,8515,9873,6059,4853,882,28
충청남도 공주시 유구읍(4415025000),7170,7170,217,370,428,386,717,1182,1882,1128,764,94,2,3599,3599,124,182,268,243,415,575,956,544,268,24,0,3571,3571,93,188,160,143,302,607,926,584,496,70,2
충청남도 공주시 이인면(4415031000),3164,3164,81,115,183,192,238,564,785,529,409,67,1,1625,1625,35,75,114,105,149,320,422,252,128,25,0,1539,1539,46,40,69,87,89,244,363,277,281,42,1
충청남도 공주시 탄천면(4415032000),2903,2903,57,125,161,173,213,432,708,528,415,89,2,1497,1497,29,60,99,107,133,258,371,260,154,26,0,1406,1406,28,65,62,66,80,174,337,268,261,63,2
충청남도 공주시 계룡면(4415033000),5336,5336,121,263,307,256,422,963,1403,895,597,105,4,2742,2742,63,139,180,148,253,575,705,451,195,31,2,2594,2594,58,124,127,108,169,388,698,444,402,74,2
충청남도 공주시 반포면(4415034000),4246,4246,128,188,310,290,460,934,1090,510,285,50,1,2207,2207,79,104,182,165,242,501,561,251,108,14,0,2039,2039,49,84,128,125,218,433,529,259,177,36,1
충청남도 공주시 의당면(4415036000),4613,4613,173,337,461,336,571,873,950,498,352,59,3,2400,2400,87,168,293,192,311,474,493,253,117,12,0,2213,2213,86,169,168,144,260,399,457,245,235,47,3
충청남도 공주시 정안면(4415037000),4752,4752,103,349,269,230,405,764,1217,722,576,115,2,2527,2527,59,252,168,131,251,414,655,356,212,29,0,2225,2225,44,97,101,99,154,350,562,366,364,86,2
충청남도 공주시 우성면(4415038000),5160,5160,138,276,333,321,486,898,1231,783,600,90,4,2677,2677,72,145,189,192,296,518,646,387,202,30,0,2483,2483,66,131,144,129,190,380,585,396,398,60,4
충청남도 공주시 사곡면(4415039000),2832,2832,57,158,148,125,234,472,707,466,403,60,2,1413,1413,29,75,75,82,144,258,367,213,154,16,0,1419,1419,28,83,73,43,90,214,340,253,249,44,2
충청남도 공주시 신풍면(4415040000),3149,3149,66,88,143,153,289,555,912,545,328,65,5,1402,1402,31,43,86,80,127,235,413,243,125,19,0,1747,1747,35,45,57,73,162,320,499,302,203,46,5
충청남도 공주시 중학동(4415051000),4617,4617,179,331,604,371,532,805,818,568,350,59,0,2324,2324,96,188,333,204,294,421,401,248,127,12,0,2293,2293,83,143,271,167,238,384,417,320,223,47,0
충청남도 공주시 웅진동(4415054000),8164,8164,452,634,926,798,1120,1354,1475,848,496,61,0,3993,3993,245,309,499,433,588,674,692,366,174,13,0,4171,4171,207,325,427,365,532,680,783,482,322,48,0
충청남도 공주시 금학동(4415055000),5389,5389,296,608,702,517,745,888,876,460,258,39,0,2675,2675,157,294,346,275,374,467,444,231,83,4,0,2714,2714,139,314,356,242,371,421,432,229,175,35,0
충청남도 공주시 옥룡동(4415056000),7813,7813,273,536,782,625,994,1446,1607,945,535,68,2,3932,3932,138,282,453,365,557,727,793,403,193,21,0,3881,3881,135,254,329,260,437,719,814,542,342,47,2
충청남도 공주시 신관동(4415057000),19732,19732,1258,2076,3514,2212,2927,3212,2553,1232,659,87,2,9541,9541,643,1023,1745,1162,1415,1542,1193,549,247,21,1,10191,10191,615,1053,1769,1050,1512,1670,1360,683,412,66,1
충청남도 공주시 월송동(4415059000),14134,14134,1502,1645,1685,1767,2410,2239,1570,754,470,89,3,6967,6967,763,858,907,855,1156,1107,799,345,157,18,2,7167,7167,739,787,778,912,1254,1132,771,409,313,71,1
충청남도 보령시 (4418000000),97932,97932,5443,7899,8911,8662,13244,16491,18085,11450,6702,1019,26,49644,49644,2757,4086,5179,4727,7236,8853,8944,5212,2421,225,4,48288,48288,2686,3813,3732,3935,6008,7638,9141,6238,4281,794,22
충청남도 보령시 웅천읍(4418025000),6046,6046,125,283,373,338,540,1029,1557,1029,648,124,0,3061,3061,68,144,240,193,331,560,786,482,228,29,0,2985,2985,57,139,133,145,209,469,771,547,420,95,0
충청남도 보령시 주포면(4418031000),1612,1612,32,81,154,79,160,255,414,271,143,23,0,848,848,14,40,115,38,94,154,223,126,40,4,0,764,764,18,41,39,41,66,101,191,145,103,19,0
충청남도 보령시 오천면(4418032000),2140,2140,30,108,132,114,228,379,527,364,222,35,1,1135,1135,11,55,77,76,145,234,259,183,89,6,0,1005,1005,19,53,55,38,83,145,268,181,133,29,1
충청남도 보령시 오천면어항출장소(4418032500),1587,1587,56,92,111,84,211,295,400,200,117,20,1,857,857,30,52,72,55,125,178,198,101,43,3,0,730,730,26,40,39,29,86,117,202,99,74,17,1
충청남도 보령시 원산도출장소(4418032800),1097,1097,25,53,72,59,97,205,253,188,127,18,0,597,597,11,26,52,39,64,128,139,90,44,4,0,500,500,14,27,20,20,33,77,114,98,83,14,0
충청남도 보령시 천북면(4418033000),3408,3408,95,156,207,185,311,550,850,578,413,62,1,1771,1771,45,91,126,116,195,311,431,290,154,12,0,1637,1637,50,65,81,69,116,239,419,288,259,50,1
충청남도 보령시 청소면(4418034000),2570,2570,55,87,135,125,193,402,599,525,384,65,0,1295,1295,35,51,80,78,126,237,301,242,130,15,0,1275,1275,20,36,55,47,67,165,298,283,254,50,0
충청남도 보령시 청라면(4418035000),3789,3789,96,179,244,175,348,612,936,689,441,65,4,1895,1895,49,96,143,103,202,335,488,311,160,8,0,1894,1894,47,83,101,72,146,277,448,378,281,57,4
충청남도 보령시 남포면(4418036000),5060,5060,128,236,344,248,436,903,1242,851,561,104,7,2540,2540,69,117,189,146,251,504,642,398,201,22,1,2520,2520,59,119,155,102,185,399,600,453,360,82,6
충청남도 보령시 주산면(4418038000),2401,2401,28,90,107,89,164,364,589,498,391,79,2,1201,1201,19,53,60,51,109,205,298,224,153,28,1,1200,1200,9,37,47,38,55,159,291,274,238,51,1
충청남도 보령시 미산면(4418039000),1698,1698,36,60,75,63,131,242,448,356,245,42,0,869,869,17,36,45,32,95,136,248,159,93,8,0,829,829,19,24,30,31,36,106,200,197,152,34,0
충청남도 보령시 성주면(4418040000),2131,2131,69,98,134,124,247,368,529,353,188,19,2,1060,1060,40,57,79,71,148,212,242,151,57,3,0,1071,1071,29,41,55,53,99,156,287,202,131,16,2
충청남도 보령시 주교면(4418041000),5130,5130,151,310,412,332,641,912,1124,739,441,67,1,2693,2693,76,158,268,203,390,502,568,354,160,14,0,2437,2437,75,152,144,129,251,410,556,385,281,53,1
충청남도 보령시 대천1동(4418051500),13846,13846,923,1379,1557,1466,2078,2389,2140,1267,572,74,1,6964,6964,466,696,896,796,1062,1229,1017,561,223,18,0,6882,6882,457,683,661,670,1016,1160,1123,706,349,56,1
충청남도 보령시 대천2동(4418052500),6629,6629,414,645,636,708,1023,1125,1011,645,383,39,0,3354,3354,206,321,360,395,546,601,476,284,155,10,0,3275,3275,208,324,276,313,477,524,535,361,228,29,0
충청남도 보령시 대천3동(4418053500),16003,16003,1460,1880,1861,1978,2976,2504,1890,946,456,50,2,8026,8026,747,950,1049,994,1546,1270,897,411,152,10,0,7977,7977,713,930,812,984,1430,1234,993,535,304,40,2
충청남도 보령시 대천4동(4418054500),16596,16596,1499,1811,1908,2001,2747,2797,2131,1108,520,72,2,8267,8267,750,963,1052,1039,1362,1415,1021,480,168,15,2,8329,8329,749,848,856,962,1385,1382,1110,628,352,57,0
충청남도 보령시 대천5동(4418056500),6189,6189,221,351,449,494,713,1160,1445,843,450,61,2,3211,3211,104,180,276,302,445,642,710,365,171,16,0,2978,2978,117,171,173,192,268,518,735,478,279,45,2
충청남도 아산시 (4420000000),329043,329043,31520,36166,37599,48425,59760,49137,35857,18555,10464,1517,43,171323,171323,16248,18589,20931,25855,32385,26718,18161,8358,3731,340,7,157720,157720,15272,17577,16668,22570,27375,22419,17696,10197,6733,1177,36
충청남도 아산시 염치읍(4420025000),6373,6373,290,477,529,551,830,1135,1243,724,520,71,3,3363,3363,146,250,322,340,485,622,652,340,192,14,0,3010,3010,144,227,207,211,345,513,591,384,328,57,3
충청남도 아산시 배방읍(4420025300),82799,82799,9386,9983,10470,15078,15961,11172,6424,2788,1328,204,5,42562,42562,4815,5177,5484,7830,8401,5886,3192,1270,462,43,2,40237,40237,4571,4806,4986,7248,7560,5286,3232,1518,866,161,3
충청남도 아산시 송악면(4420031000),4192,4192,170,356,272,265,525,731,882,578,355,57,1,2161,2161,87,187,156,144,285,412,469,282,129,10,0,2031,2031,83,169,116,121,240,319,413,296,226,47,1
충청남도 아산시 탕정면(4420033000),29136,29136,4177,4117,3355,5347,6517,3194,1381,642,344,61,1,15627,15627,2169,2121,1897,2724,3637,1920,733,283,131,12,0,13509,13509,2008,1996,1458,2623,2880,1274,648,359,213,49,1
충청남도 아산시 음봉면(4420035000),20329,20329,2342,1897,2145,3320,3666,2848,2389,1041,574,106,1,11044,11044,1186,973,1364,1807,2178,1588,1234,510,186,18,0,9285,9285,1156,924,781,1513,1488,1260,1155,531,388,88,1
충청남도 아산시 둔포면(4420036000),22801,22801,2525,1607,2317,4718,3967,3124,2578,1175,670,117,3,12880,12880,1317,799,1415,2821,2519,1801,1404,559,220,25,0,9921,9921,1208,808,902,1897,1448,1323,1174,616,450,92,3
충청남도 아산시 영인면(4420037000),5497,5497,131,248,397,411,519,958,1322,815,603,92,1,2896,2896,65,143,245,241,307,559,724,373,220,19,0,2601,2601,66,105,152,170,212,399,598,442,383,73,1
충청남도 아산시 인주면(4420038000),6134,6134,233,369,480,561,854,1174,1218,661,497,86,1,3423,3423,129,194,307,365,550,721,656,309,174,18,0,2711,2711,104,175,173,196,304,453,562,352,323,68,1
충청남도 아산시 선장면(4420039000),3025,3025,57,103,162,166,239,496,766,561,422,53,0,1560,1560,33,53,88,106,153,301,373,277,161,15,0,1465,1465,24,50,74,60,86,195,393,284,261,38,0
충청남도 아산시 도고면(4420040000),4428,4428,108,167,312,287,395,807,1057,688,544,62,1,2274,2274,47,81,184,167,245,458,553,323,202,13,1,2154,2154,61,86,128,120,150,349,504,365,342,49,0
충청남도 아산시 신창면(4420041000),19349,19349,1295,1960,2369,1917,3332,3309,2640,1544,872,109,2,10154,10154,662,997,1386,1051,1808,1821,1393,681,326,29,0,9195,9195,633,963,983,866,1524,1488,1247,863,546,80,2
충청남도 아산시 온양1동(4420057000),9254,9254,833,696,1080,1628,1537,1289,1162,661,317,48,3,4833,4833,416,376,559,905,883,687,593,298,111,5,0,4421,4421,417,320,521,723,654,602,569,363,206,43,3
충청남도 아산시 온양2동(4420058000),10678,10678,377,776,1640,1184,1428,1986,1750,987,479,66,5,5597,5597,183,416,951,722,792,1034,844,452,182,19,2,5081,5081,194,360,689,462,636,952,906,535,297,47,3
충청남도 아산시 온양3동(4420059000),37198,37198,3592,4980,4540,4765,7162,5672,3628,1841,896,118,4,18632,18632,1855,2462,2417,2410,3644,2984,1705,783,334,38,0,18566,18566,1737,2518,2123,2355,3518,2688,1923,1058,562,80,4
충청남도 아산시 온양4동(4420060000),18353,18353,1313,2285,2102,1905,3358,3222,2263,1215,597,91,2,9349,9349,711,1208,1195,1001,1716,1671,1103,520,207,17,0,9004,9004,602,1077,907,904,1642,1551,1160,695,390,74,2
충청남도 아산시 온양5동(4420061000),21186,21186,1842,2682,2713,2584,4027,3508,2126,1063,564,71,6,10896,10896,998,1400,1539,1366,2043,1826,1035,452,216,21,0,10290,10290,844,1282,1174,1218,1984,1682,1091,611,348,50,6
충청남도 아산시 온양6동(4420062000),28311,28311,2849,3463,2716,3738,5443,4512,3028,1571,882,105,4,14072,14072,1429,1752,1422,1855,2739,2427,1498,646,278,24,2,14239,14239,1420,1711,1294,1883,2704,2085,1530,925,604,81,2
충청남도 서산시 (4421000000),176435,176435,14417,17027,18617,21232,27830,28826,24216,14055,8746,1424,45,92011,92011,7326,9020,11172,11859,14852,15485,12177,6693,3128,295,4,84424,84424,7091,8007,7445,9373,12978,13341,12039,7362,5618,1129,41
충청남도 서산시 대산읍(4421025000),13310,13310,657,923,1715,1382,1790,2966,2150,992,618,113,4,7747,7747,339,492,1186,938,1106,1785,1194,476,203,28,0,5563,5563,318,431,529,444,684,1181,956,516,415,85,4
충청남도 서산시 인지면(4421031000),7242,7242,437,663,575,538,1062,1336,1204,769,568,84,6,3688,3688,222,359,355,284,544,741,610,366,193,14,0,3554,3554,215,304,220,254,518,595,594,403,375,70,6
충청남도 서산시 부석면(4421032000),5269,5269,103,200,251,247,466,829,1333,1011,716,109,4,2685,2685,47,106,168,153,299,454,669,493,273,23,0,2584,2584,56,94,83,94,167,375,664,518,443,86,4
충청남도 서산시 팔봉면(4421033000),3341,3341,56,102,147,139,259,588,920,660,407,61,2,1708,1708,34,53,91,83,155,329,472,331,148,12,0,1633,1633,22,49,56,56,104,259,448,329,259,49,2
충청남도 서산시 지곡면(4421034000),8228,8228,554,770,651,895,1230,1389,1325,821,504,88,1,4424,4424,274,393,410,564,720,775,697,399,175,17,0,3804,3804,280,377,241,331,510,614,628,422,329,71,1
충청남도 서산시 성연면(4421036000),15531,15531,2837,1321,1454,3748,2566,1628,1101,497,322,57,0,8147,8147,1453,683,818,1987,1419,865,572,237,104,9,0,7384,7384,1384,638,636,1761,1147,763,529,260,218,48,0
충청남도 서산시 음암면(4421037000),9274,9274,421,736,787,759,1290,1702,1674,1036,761,104,4,4804,4804,222,386,495,418,726,897,862,497,281,19,1,4470,4470,199,350,292,341,564,805,812,539,480,85,3
충청남도 서산시 운산면(4421038000),4978,4978,111,243,245,229,508,785,1195,927,632,101,2,2527,2527,59,135,133,135,306,438,587,468,244,21,1,2451,2451,52,108,112,94,202,347,608,459,388,80,1
충청남도 서산시 해미면(4421039000),7218,7218,208,431,653,452,790,1299,1498,1114,664,108,1,3740,3740,103,231,418,270,478,708,754,523,232,23,0,3478,3478,105,200,235,182,312,591,744,591,432,85,1
충청남도 서산시 고북면(4421040000),6125,6125,334,425,592,514,800,799,1101,828,637,88,7,3187,3187,163,224,403,289,480,437,543,398,226,23,1,2938,2938,171,201,189,225,320,362,558,430,411,65,6
충청남도 서산시 부춘동(4421051000),19105,19105,1525,1938,2569,2583,3196,3200,2258,1115,617,100,4,9982,9982,816,1016,1495,1488,1626,1677,1093,534,223,14,0,9123,9123,709,922,1074,1095,1570,1523,1165,581,394,86,4
충청남도 서산시 동문1동(4421052500),18464,18464,1520,2206,2005,1986,3298,3281,2233,1194,614,124,3,9607,9607,826,1271,1237,1058,1644,1657,1077,573,238,26,0,8857,8857,694,935,768,928,1654,1624,1156,621,376,98,3
충청남도 서산시 동문2동(4421053500),8695,8695,501,855,1060,792,1375,1549,1375,748,375,62,3,4390,4390,251,471,591,428,718,801,649,322,143,15,1,4305,4305,250,384,469,364,657,748,726,426,232,47,2
충청남도 서산시 수석동(4421054000),15819,15819,1214,1901,1977,1827,2780,2548,1942,1004,533,92,1,8022,8022,583,932,1112,1034,1409,1331,971,458,170,22,0,7797,7797,631,969,865,793,1371,1217,971,546,363,70,1
충청남도 서산시 석남동(4421055000),33836,33836,3939,4313,3936,5141,6420,4927,2907,1339,778,133,3,17353,17353,1934,2268,2260,2730,3222,2590,1427,618,275,29,0,16483,16483,2005,2045,1676,2411,3198,2337,1480,721,503,104,3
충청남도 논산시 (4423000000),113871,113871,6509,9268,10635,10032,14484,19144,21115,12780,8531,1340,33,56839,56839,3304,4773,5959,5339,7663,10123,10666,5809,2862,334,7,57032,57032,3205,4495,4676,4693,6821,9021,10449,6971,5669,1006,26
충청남도 논산시 강경읍(4423025000),7837,7837,252,586,619,454,915,1372,1723,1152,658,104,2,3830,3830,134,294,354,245,481,709,848,502,233,29,1,4007,4007,118,292,265,209,434,663,875,650,425,75,1
충청남도 논산시 연무읍(4423025300),13237,13237,827,1026,1196,1210,1606,2021,2506,1583,1084,175,3,6631,6631,429,523,708,655,878,1087,1272,701,341,37,0,6606,6606,398,503,488,555,728,934,1234,882,743,138,3
충청남도 논산시 성동면(4423031000),3996,3996,105,161,252,212,307,647,967,695,581,67,2,2005,2005,50,85,154,126,210,346,500,300,213,20,1,1991,1991,55,76,98,86,97,301,467,395,368,47,1
충청남도 논산시 광석면(4423032000),4104,4104,93,225,257,241,376,667,1011,689,492,51,2,2069,2069,42,112,140,135,241,375,541,326,143,14,0,2035,2035,51,113,117,106,135,292,470,363,349,37,2
충청남도 논산시 노성면(4423033000),2892,2892,85,140,203,187,275,447,641,491,362,58,3,1465,1465,42,73,126,100,165,266,324,239,118,12,0,1427,1427,43,67,77,87,110,181,317,252,244,46,3
충청남도 논산시 상월면(4423034000),3467,3467,52,153,193,178,349,663,873,526,409,68,3,1736,1736,30,83,117,89,192,359,459,252,135,20,0,1731,1731,22,70,76,89,157,304,414,274,274,48,3
충청남도 논산시 부적면(4423035000),3470,3470,81,143,221,209,306,604,886,556,392,69,3,1768,1768,41,68,120,114,193,349,473,266,129,14,1,1702,1702,40,75,101,95,113,255,413,290,263,55,2
충청남도 논산시 연산면(4423036000),5994,5994,160,312,320,318,488,1142,1587,925,628,109,5,3074,3074,83,166,196,170,281,625,858,451,219,25,0,2920,2920,77,146,124,148,207,517,729,474,409,84,5
충청남도 논산시 벌곡면(4423038000),2411,2411,60,91,113,114,212,413,621,440,289,58,0,1229,1229,30,51,64,74,122,245,319,214,94,16,0,1182,1182,30,40,49,40,90,168,302,226,195,42,0
충청남도 논산시 양촌면(4423039000),6155,6155,385,384,419,570,561,1031,1245,829,625,106,0,3122,3122,197,214,247,301,299,561,663,375,233,32,0,3033,3033,188,170,172,269,262,470,582,454,392,74,0
충청남도 논산시 가야곡면(4423040000),3371,3371,60,115,212,155,268,593,878,578,439,72,1,1722,1722,37,64,125,100,152,332,462,282,147,20,1,1649,1649,23,51,87,55,116,261,416,296,292,52,0
충청남도 논산시 은진면(4423041000),3964,3964,104,208,387,259,417,701,869,530,412,75,2,2113,2113,53,100,243,173,273,407,469,250,129,16,0,1851,1851,51,108,144,86,144,294,400,280,283,59,2
충청남도 논산시 채운면(4423042000),2164,2164,56,130,129,108,192,340,538,342,272,57,0,1041,1041,28,64,68,58,108,191,272,151,82,19,0,1123,1123,28,66,61,50,84,149,266,191,190,38,0
충청남도 논산시 취암동(4423051000),35017,35017,3080,3866,4484,4390,5799,5613,4335,2135,1136,172,7,17435,17435,1548,1985,2414,2287,2880,2853,2075,954,390,46,3,17582,17582,1532,1881,2070,2103,2919,2760,2260,1181,746,126,4
충청남도 논산시 부창동(4423052000),15792,15792,1109,1728,1630,1427,2413,2890,2435,1309,752,99,0,7599,7599,560,891,883,712,1188,1418,1131,546,256,14,0,8193,8193,549,837,747,715,1225,1472,1304,763,496,85,0
충청남도 계룡시 (4425000000),43475,43475,3722,6192,4765,4691,8286,7239,5016,2193,1172,196,3,21710,21710,1862,3256,2663,2411,4014,3631,2410,1039,384,39,1,21765,21765,1860,2936,2102,2280,4272,3608,2606,1154,788,157,2
충청남도 계룡시 두마면(4425031000),8257,8257,676,981,898,950,1348,1482,1196,475,205,45,1,4070,4070,335,505,471,483,627,732,602,240,71,4,0,4187,4187,341,476,427,467,721,750,594,235,134,41,1
충청남도 계룡시 엄사면(4425031500),18185,18185,1122,2218,2201,1617,3011,3502,2515,1143,735,120,1,8904,8904,581,1178,1215,828,1439,1708,1183,518,228,25,1,9281,9281,541,1040,986,789,1572,1794,1332,625,507,95,0
충청남도 계룡시 신도안면(4425033000),8528,8528,1251,1929,722,1319,2431,715,89,53,17,2,0,4449,4449,613,1017,422,678,1240,436,21,14,7,1,0,4079,4079,638,912,300,641,1191,279,68,39,10,1,0
충청남도 계룡시 금암동(4425051000),8505,8505,673,1064,944,805,1496,1540,1216,522,215,29,1,4287,4287,333,556,555,422,708,755,604,267,78,9,0,4218,4218,340,508,389,383,788,785,612,255,137,20,1
충청남도 당진시 (4427000000),166893,166893,14128,15892,15447,21200,27259,26745,22987,13427,8524,1243,41,88877,88877,7157,8340,9088,12167,15299,15146,11923,6386,3049,320,2,78016,78016,6971,7552,6359,9033,11960,11599,11064,7041,5475,923,39
충청남도 당진시 합덕읍(4427025000),8569,8569,256,514,591,598,1042,1466,1829,1285,846,133,9,4512,4512,137,298,357,369,635,843,918,603,311,41,0,4057,4057,119,216,234,229,407,623,911,682,535,92,9
충청남도 당진시 송악읍(4427025300),30519,30519,3605,2813,2194,4947,5700,4683,3606,1763,1056,151,1,16964,16964,1845,1482,1298,2783,3443,2848,1993,864,366,41,1,13555,13555,1760,1331,896,2164,2257,1835,1613,899,690,110,0
충청남도 당진시 고대면(4427031000),5268,5268,143,273,343,276,494,910,1256,851,620,97,5,2702,2702,75,138,197,161,282,521,650,405,247,26,0,2566,2566,68,135,146,115,212,389,606,446,373,71,5
충청남도 당진시 석문면(4427032000),9406,9406,355,454,816,982,1284,1927,1842,992,660,91,3,5534,5534,192,245,562,667,881,1225,1030,478,237,17,0,3872,3872,163,209,254,315,403,702,812,514,423,74,3
충청남도 당진시 대호지면(4427033000),2379,2379,56,82,115,123,184,342,614,491,321,49,2,1203,1203,36,43,75,74,116,187,304,238,116,14,0,1176,1176,20,39,40,49,68,155,310,253,205,35,2
충청남도 당진시 정미면(4427034000),3581,3581,95,168,262,214,280,563,891,598,442,67,1,1841,1841,38,81,160,126,162,314,474,302,168,16,0,1740,1740,57,87,102,88,118,249,417,296,274,51,1
충청남도 당진시 면천면(4427035000),3505,3505,83,174,203,216,334,619,866,576,362,72,0,1801,1801,40,94,120,127,202,336,442,303,118,19,0,1704,1704,43,80,83,89,132,283,424,273,244,53,0
충청남도 당진시 순성면(4427036000),5004,5004,150,296,328,244,498,887,1122,794,592,89,4,2525,2525,66,165,191,143,290,477,576,383,208,26,0,2479,2479,84,131,137,101,208,410,546,411,384,63,4
충청남도 당진시 우강면(4427037000),5460,5460,205,330,418,356,625,883,1172,824,575,72,0,2730,2730,90,177,247,203,360,476,585,379,192,21,0,2730,2730,115,153,171,153,265,407,587,445,383,51,0
충청남도 당진시 신평면(4427038000),15357,15357,1247,1819,1329,1408,2561,2531,2208,1330,802,116,6,7869,7869,630,940,772,730,1346,1426,1101,608,289,26,1,7488,7488,617,879,557,678,1215,1105,1107,722,513,90,5
충청남도 당진시 송산면(4427039000),11817,11817,980,1017,973,1779,2081,1946,1548,842,566,81,4,6791,6791,478,520,616,1181,1310,1209,852,390,212,23,0,5026,5026,502,497,357,598,771,737,696,452,354,58,4
충청남도 당진시 당진1동(4427051000),24864,24864,2315,2643,3323,4344,4466,3617,2309,1179,585,81,2,13290,13290,1164,1371,1942,2587,2378,1921,1165,534,207,21,0,11574,11574,1151,1272,1381,1757,2088,1696,1144,645,378,60,2
충청남도 당진시 당진2동(4427052000),23302,23302,2874,2666,2391,3543,4205,3416,2293,1166,664,82,2,11905,11905,1480,1393,1301,1856,2182,1783,1131,534,232,13,0,11397,11397,1394,1273,1090,1687,2023,1633,1162,632,432,69,2
충청남도 당진시 당진3동(4427053000),17862,17862,1764,2643,2161,2170,3505,2955,1431,736,433,62,2,9210,9210,886,1393,1250,1160,1712,1580,702,365,146,16,0,8652,8652,878,1250,911,1010,1793,1375,729,371,287,46,2
충청남도 금산군 (4471000000),50277,50277,2203,4138,3617,3254,5872,8824,10490,6773,4474,619,13,25377,25377,1113,2164,2087,1717,3205,4891,5398,3157,1486,157,2,24900,24900,1090,1974,1530,1537,2667,3933,5092,3616,2988,462,11
충청남도 금산군 금산읍(4471025000),22257,22257,1408,2424,2079,1837,3427,3744,3566,2398,1220,150,4,10907,10907,692,1234,1171,927,1777,1922,1693,1035,417,38,1,11350,11350,716,1190,908,910,1650,1822,1873,1363,803,112,3
충청남도 금산군 금성면(4471031000),3231,3231,78,146,176,175,280,589,786,526,398,75,2,1667,1667,44,81,120,102,154,345,415,246,146,13,1,1564,1564,34,65,56,73,126,244,371,280,252,62,1
충청남도 금산군 제원면(4471032000),2787,2787,66,90,159,136,218,493,758,452,365,50,0,1456,1456,38,56,100,81,137,289,398,225,120,12,0,1331,1331,28,34,59,55,81,204,360,227,245,38,0
충청남도 금산군 부리면(4471033000),2452,2452,59,76,94,104,167,395,650,449,401,55,2,1241,1241,28,31,58,65,113,253,343,216,120,14,0,1211,1211,31,45,36,39,54,142,307,233,281,41,2
충청남도 금산군 군북면(4471034000),2470,2470,111,129,121,119,227,412,601,422,287,41,0,1245,1245,49,67,71,63,122,251,322,193,99,8,0,1225,1225,62,62,50,56,105,161,279,229,188,33,0
충청남도 금산군 남일면(4471035000),2840,2840,76,389,137,111,220,418,646,431,363,48,1,1451,1451,45,198,90,56,123,254,348,207,114,16,0,1389,1389,31,191,47,55,97,164,298,224,249,32,1
충청남도 금산군 남이면(4471036000),2089,2089,44,161,88,72,136,396,535,345,283,28,1,1076,1076,25,91,55,36,81,231,294,156,98,9,0,1013,1013,19,70,33,36,55,165,241,189,185,19,1
충청남도 금산군 진산면(4471037000),3207,3207,75,184,173,128,281,632,756,557,371,50,0,1599,1599,44,105,80,62,155,359,397,270,116,11,0,1608,1608,31,79,93,66,126,273,359,287,255,39,0
충청남도 금산군 복수면(4471038000),2982,2982,71,142,164,164,264,550,775,490,311,50,1,1561,1561,30,83,93,79,168,315,421,253,104,15,0,1421,1421,41,59,71,85,96,235,354,237,207,35,1
충청남도 금산군 추부면(4471039000),5962,5962,215,397,426,408,652,1195,1417,703,475,72,2,3174,3174,118,218,249,246,375,672,767,356,152,21,0,2788,2788,97,179,177,162,277,523,650,347,323,51,2
충청남도 부여군 (4476000000),63260,63260,2551,4366,4842,4016,6663,10147,13656,9275,6625,1088,31,31425,31425,1358,2318,2791,2171,3640,5337,6911,4266,2356,273,4,31835,31835,1193,2048,2051,1845,3023,4810,6745,5009,4269,815,27
충청남도 부여군 부여읍(4476025000),19300,19300,870,1721,1976,1474,2407,3468,3715,2225,1233,207,4,9593,9593,469,915,1156,764,1240,1744,1808,1015,436,46,0,9707,9707,401,806,820,710,1167,1724,1907,1210,797,161,4
충청남도 부여군 규암면(4476031000),11918,11918,882,1184,1236,1130,1676,1922,1915,1082,771,115,5,5877,5877,465,618,648,552,864,1012,944,476,271,27,0,6041,6041,417,566,588,578,812,910,971,606,500,88,5
충청남도 부여군 은산면(4476032000),3667,3667,89,190,205,165,316,574,1004,594,468,57,5,1855,1855,52,88,133,106,175,307,520,287,170,16,1,1812,1812,37,102,72,59,141,267,484,307,298,41,4
충청남도 부여군 외산면(4476033000),2294,2294,40,95,104,88,164,374,580,471,322,52,4,1127,1127,21,61,66,53,93,201,281,214,126,11,0,1167,1167,19,34,38,35,71,173,299,257,196,41,4
충청남도 부여군 내산면(4476034000),1509,1509,37,54,53,67,100,233,399,308,223,35,0,754,754,18,33,34,38,58,118,223,150,73,9,0,755,755,19,21,19,29,42,115,176,158,150,26,0
충청남도 부여군 구룡면(4476035000),2312,2312,54,129,116,104,198,347,523,435,344,60,2,1137,1137,32,66,68,61,122,177,273,199,123,16,0,1175,1175,22,63,48,43,76,170,250,236,221,44,2
충청남도 부여군 홍산면(4476036000),2804,2804,80,147,156,112,258,390,662,561,374,62,2,1359,1359,42,78,94,66,140,203,327,247,146,16,0,1445,1445,38,69,62,46,118,187,335,314,228,46,2
충청남도 부여군 옥산면(4476037000),1400,1400,22,50,61,47,94,189,381,296,219,40,1,675,675,12,20,37,35,55,103,189,146,71,7,0,725,725,10,30,24,12,39,86,192,150,148,33,1
충청남도 부여군 남면(4476038000),1799,1799,39,75,87,68,135,212,443,359,320,59,2,879,879,25,43,55,40,87,109,223,156,123,17,1,920,920,14,32,32,28,48,103,220,203,197,42,1
충청남도 부여군 충화면(4476039000),1131,1131,24,26,44,53,60,167,314,233,176,34,0,573,573,11,19,25,33,33,99,158,117,70,8,0,558,558,13,7,19,20,27,68,156,116,106,26,0
충청남도 부여군 양화면(4476040000),1655,1655,31,47,61,53,110,205,433,340,317,57,1,779,779,14,27,33,33,58,108,220,160,112,13,1,876,876,17,20,28,20,52,97,213,180,205,44,0
충청남도 부여군 임천면(4476041000),2832,2832,98,123,153,128,224,413,632,577,417,64,3,1398,1398,47,62,98,74,132,239,321,264,145,16,0,1434,1434,51,61,55,54,92,174,311,313,272,48,3
충청남도 부여군 장암면(4476042000),2664,2664,71,97,135,135,212,373,633,501,429,77,1,1344,1344,41,59,78,77,146,199,350,226,147,20,1,1320,1320,30,38,57,58,66,174,283,275,282,57,0
충청남도 부여군 세도면(4476043000),3083,3083,69,137,160,165,257,471,787,563,405,69,0,1569,1569,30,71,96,99,164,250,419,270,145,25,0,1514,1514,39,66,64,66,93,221,368,293,260,44,0
충청남도 부여군 석성면(4476044000),2799,2799,88,197,198,121,279,507,648,405,309,46,1,1461,1461,47,109,113,82,164,298,342,191,103,12,0,1338,1338,41,88,85,39,115,209,306,214,206,34,1
충청남도 부여군 초촌면(4476045000),2093,2093,57,94,97,106,173,302,587,325,298,54,0,1045,1045,32,49,57,58,109,170,313,148,95,14,0,1048,1048,25,45,40,48,64,132,274,177,203,40,0
충청남도 서천군 (4477000000),50503,50503,2076,3267,3507,3100,5372,8132,10600,7993,5497,941,18,24916,24916,1040,1661,2065,1700,2905,4468,5233,3652,1960,231,1,25587,25587,1036,1606,1442,1400,2467,3664,5367,4341,3537,710,17
충청남도 서천군 장항읍(4477025000),11085,11085,527,830,1001,873,1436,1937,2055,1494,814,115,3,5536,5536,259,427,563,462,751,1092,998,657,298,29,0,5549,5549,268,403,438,411,685,845,1057,837,516,86,3
충청남도 서천군 서천읍(4477025300),13258,13258,874,1411,1255,986,1831,2292,2155,1450,843,159,2,6488,6488,434,732,736,485,878,1193,1023,663,298,46,0,6770,6770,440,679,519,501,953,1099,1132,787,545,113,2
충청남도 서천군 마서면(4477031000),4788,4788,134,236,249,247,461,760,1089,890,613,107,2,2391,2391,69,125,141,152,269,442,568,386,212,26,1,2397,2397,65,111,108,95,192,318,521,504,401,81,1
충청남도 서천군 화양면(4477032000),2234,2234,47,54,85,111,147,294,526,453,443,73,1,1091,1091,30,31,55,66,92,159,273,206,162,17,0,1143,1143,17,23,30,45,55,135,253,247,281,56,1
충청남도 서천군 기산면(4477033000),1592,1592,22,54,72,54,123,211,401,327,272,54,2,783,783,8,28,39,32,80,119,203,150,112,12,0,809,809,14,26,33,22,43,92,198,177,160,42,2
충청남도 서천군 한산면(4477034000),2466,2466,65,103,101,105,212,347,545,486,434,67,1,1159,1159,32,45,62,64,116,185,256,227,154,18,0,1307,1307,33,58,39,41,96,162,289,259,280,49,1
충청남도 서천군 마산면(4477035000),1458,1458,40,60,75,71,88,191,369,270,247,47,0,701,701,20,25,54,38,56,98,188,130,82,10,0,757,757,20,35,21,33,32,93,181,140,165,37,0
충청남도 서천군 시초면(4477036000),1228,1228,30,35,55,49,70,164,295,241,254,33,2,587,587,17,15,32,27,41,96,154,110,87,8,0,641,641,13,20,23,22,29,68,141,131,167,25,2
충청남도 서천군 문산면(4477037000),1231,1231,28,21,36,44,90,164,319,286,208,35,0,624,624,20,11,23,24,61,98,152,144,85,6,0,607,607,8,10,13,20,29,66,167,142,123,29,0
충청남도 서천군 판교면(4477038000),2030,2030,36,66,74,74,126,285,557,422,332,57,1,979,979,13,32,40,43,75,143,289,209,123,12,0,1051,1051,23,34,34,31,51,142,268,213,209,45,1
충청남도 서천군 종천면(4477039000),2018,2018,42,81,89,92,133,285,507,427,298,63,1,971,971,22,36,54,59,74,166,258,200,88,14,0,1047,1047,20,45,35,33,59,119,249,227,210,49,1
충청남도 서천군 비인면(4477040000),2846,2846,41,87,156,129,205,477,776,556,342,77,0,1402,1402,27,41,104,78,126,259,379,259,111,18,0,1444,1444,14,46,52,51,79,218,397,297,231,59,0
충청남도 서천군 서면(4477041000),4269,4269,190,229,259,265,450,725,1006,691,397,54,3,2204,2204,89,113,162,170,286,418,492,311,148,15,0,2065,2065,101,116,97,95,164,307,514,380,249,39,3
충청남도 청양군 (4479000000),30532,30532,1135,2075,2433,1933,2929,5006,6602,4453,3426,531,9,15537,15537,580,1103,1437,1100,1696,2774,3390,2092,1219,143,3,14995,14995,555,972,996,833,1233,2232,3212,2361,2207,388,6
충청남도 청양군 청양읍(4479025000),10066,10066,587,1083,1200,872,1218,1653,1664,1025,638,123,3,5097,5097,303,558,691,458,645,878,809,496,225,32,2,4969,4969,284,525,509,414,573,775,855,529,413,91,1
충청남도 청양군 운곡면(4479031000),2119,2119,43,89,136,92,154,335,518,364,339,49,0,1054,1054,22,49,85,59,87,175,277,168,118,14,0,1065,1065,21,40,51,33,67,160,241,196,221,35,0
충청남도 청양군 대치면(4479032000),2227,2227,65,85,142,104,201,411,556,349,272,42,0,1165,1165,32,46,86,63,123,239,292,176,100,8,0,1062,1062,33,39,56,41,78,172,264,173,172,34,0
충청남도 청양군 정산면(4479033000),3527,3527,127,255,299,250,376,598,732,487,348,55,0,1849,1849,64,146,193,149,215,320,394,224,124,20,0,1678,1678,63,109,106,101,161,278,338,263,224,35,0
충청남도 청양군 목면(4479034000),1510,1510,34,81,84,69,122,278,358,241,212,31,0,797,797,20,49,53,41,73,168,194,114,79,6,0,713,713,14,32,31,28,49,110,164,127,133,25,0
충청남도 청양군 청남면(4479035000),1873,1873,50,95,89,102,159,290,455,337,256,39,1,972,972,27,50,58,65,102,183,230,168,76,12,1,901,901,23,45,31,37,57,107,225,169,180,27,0
충청남도 청양군 장평면(4479036000),2273,2273,74,104,109,95,188,335,561,445,323,39,0,1155,1155,36,49,58,56,136,193,286,203,129,9,0,1118,1118,38,55,51,39,52,142,275,242,194,30,0
충청남도 청양군 남양면(4479037000),2697,2697,68,97,163,129,178,442,663,454,437,64,2,1339,1339,36,56,93,76,104,255,351,199,151,18,0,1358,1358,32,41,70,53,74,187,312,255,286,46,2
충청남도 청양군 화성면(4479038000),2161,2161,42,102,112,103,173,314,551,392,318,53,1,1086,1086,21,50,66,64,109,174,280,189,116,17,0,1075,1075,21,52,46,39,64,140,271,203,202,36,1
충청남도 청양군 비봉면(4479039000),2079,2079,45,84,99,117,160,350,544,359,283,36,2,1023,1023,19,50,54,69,102,189,277,155,101,7,0,1056,1056,26,34,45,48,58,161,267,204,182,29,2
충청남도 홍성군 (4480000000),99025,99025,7162,9460,9090,9891,14181,15644,15758,10134,6677,997,31,49355,49355,3727,4905,5040,5110,7279,8290,7795,4629,2337,238,5,49670,49670,3435,4555,4050,4781,6902,7354,7963,5505,4340,759,26
충청남도 홍성군 홍성읍(4480025000),37436,37436,2202,4066,4580,3466,5734,6749,5520,3179,1688,242,10,18533,18533,1126,2092,2526,1825,2772,3484,2622,1431,595,56,4,18903,18903,1076,1974,2054,1641,2962,3265,2898,1748,1093,186,6
충청남도 홍성군 광천읍(4480025300),8245,8245,260,539,479,464,732,1345,1882,1493,926,118,7,4085,4085,138,317,284,270,408,703,948,654,329,33,1,4160,4160,122,222,195,194,324,642,934,839,597,85,6
충청남도 홍성군 홍북읍(4480025600),29127,29127,4176,3837,2665,4786,5705,3699,2392,1116,646,101,4,14621,14621,2190,1975,1383,2296,2881,1961,1173,528,216,18,0,14506,14506,1986,1862,1282,2490,2824,1738,1219,588,430,83,4
충청남도 홍성군 금마면(4480032000),3498,3498,87,121,217,193,312,610,849,580,459,69,1,1794,1794,47,69,140,128,185,339,438,274,156,18,0,1704,1704,40,52,77,65,127,271,411,306,303,51,1
충청남도 홍성군 홍동면(4480033000),3418,3418,105,232,225,169,341,563,751,529,434,67,2,1720,1720,60,117,144,96,187,311,393,251,145,16,0,1698,1698,45,115,81,73,154,252,358,278,289,51,2
충청남도 홍성군 장곡면(4480034000),2813,2813,63,106,134,126,208,409,665,546,500,55,1,1346,1346,32,46,82,76,129,223,335,230,178,15,0,1467,1467,31,60,52,50,79,186,330,316,322,40,1
충청남도 홍성군 은하면(4480035000),2216,2216,30,66,116,78,163,318,560,452,362,70,1,1126,1126,16,35,67,56,102,195,289,220,131,15,0,1090,1090,14,31,49,22,61,123,271,232,231,55,1
충청남도 홍성군 결성면(4480036000),2060,2060,21,59,101,93,119,316,540,415,338,56,2,1008,1008,9,26,62,65,78,166,274,187,128,13,0,1052,1052,12,33,39,28,41,150,266,228,210,43,2
충청남도 홍성군 서부면(4480037000),3185,3185,65,127,171,148,259,484,839,614,408,68,2,1560,1560,25,63,100,89,161,261,420,284,144,13,0,1625,1625,40,64,71,59,98,223,419,330,264,55,2
충청남도 홍성군 갈산면(4480038000),3544,3544,75,134,203,190,277,535,881,636,527,86,0,1791,1791,42,80,123,119,183,295,444,298,182,25,0,1753,1753,33,54,80,71,94,240,437,338,345,61,0
충청남도 홍성군 구항면(4480039000),3483,3483,78,173,199,178,331,616,879,574,389,65,1,1771,1771,42,85,129,90,193,352,459,272,133,16,0,1712,1712,36,88,70,88,138,264,420,302,256,49,1
충청남도 예산군 (4481000000),76385,76385,3191,5315,6310,5692,8892,12852,15754,10303,7067,974,35,38390,38390,1648,2764,3600,3160,4822,6960,7879,4737,2589,227,4,37995,37995,1543,2551,2710,2532,4070,5892,7875,5566,4478,747,31
충청남도 예산군 예산읍(4481025000),32416,32416,1809,3134,3339,2644,4666,5641,5764,3318,1853,239,9,16076,16076,939,1612,1841,1393,2340,2924,2797,1493,675,61,1,16340,16340,870,1522,1498,1251,2326,2717,2967,1825,1178,178,8
충청남도 예산군 삽교읍(4481025300),10180,10180,574,631,1050,1264,1171,1535,1778,1174,885,117,1,5127,5127,286,318,575,699,652,814,880,544,328,31,0,5053,5053,288,313,475,565,519,721,898,630,557,86,1
충청남도 예산군 대술면(4481031000),2375,2375,40,69,105,115,199,401,617,453,329,43,4,1211,1211,18,35,61,60,143,230,319,217,119,8,1,1164,1164,22,34,44,55,56,171,298,236,210,35,3
충청남도 예산군 신양면(4481032000),2986,2986,47,136,132,138,255,450,776,567,420,59,6,1508,1508,26,75,85,86,141,262,397,259,163,14,0,1478,1478,21,61,47,52,114,188,379,308,257,45,6
충청남도 예산군 광시면(4481033000),3087,3087,65,115,153,121,252,512,733,559,512,63,2,1525,1525,35,65,87,64,150,300,385,253,172,14,0,1562,1562,30,50,66,57,102,212,348,306,340,49,2
충청남도 예산군 대흥면(4481034000),1747,1747,33,56,78,67,125,273,499,338,234,44,0,891,891,18,33,46,42,78,149,266,169,86,4,0,856,856,15,23,32,25,47,124,233,169,148,40,0
충청남도 예산군 응봉면(4481035000),2506,2506,52,123,184,148,220,427,636,378,290,45,3,1315,1315,27,74,115,90,148,215,344,179,110,12,1,1191,1191,25,49,69,58,72,212,292,199,180,33,2
충청남도 예산군 덕산면(4481036000),6637,6637,229,389,451,435,730,1249,1501,929,619,100,5,3306,3306,115,206,269,246,400,665,714,435,231,25,0,3331,3331,114,183,182,189,330,584,787,494,388,75,5
충청남도 예산군 봉산면(4481037000),2475,2475,73,145,120,129,239,378,594,410,323,63,1,1248,1248,38,69,75,80,134,216,305,192,125,14,0,1227,1227,35,76,45,49,105,162,289,218,198,49,1
충청남도 예산군 고덕면(4481038000),4364,4364,108,221,243,205,377,702,993,846,601,65,3,2229,2229,56,113,146,122,240,417,500,399,224,11,1,2135,2135,52,108,97,83,137,285,493,447,377,54,2
충청남도 예산군 신암면(4481039000),3412,3412,75,119,195,197,292,536,839,611,483,65,0,1743,1743,41,64,126,130,162,323,442,274,165,16,0,1669,1669,34,55,69,67,130,213,397,337,318,49,0
충청남도 예산군 오가면(4481040000),4200,4200,86,177,260,229,366,748,1024,720,518,71,1,2211,2211,49,100,174,148,234,445,530,323,191,17,0,1989,1989,37,77,86,81,132,303,494,397,327,54,1
충청남도 태안군 (4482500000),61411,61411,2729,4162,4615,4501,7411,10503,13010,8791,4931,743,15,30965,30965,1379,2148,2705,2492,4136,5632,6336,4206,1767,159,5,30446,30446,1350,2014,1910,2009,3275,4871,6674,4585,3164,584,10
충청남도 태안군 태안읍(4482525000),29302,29302,1966,2804,2886,2919,4347,4948,4763,2965,1495,207,2,14808,14808,1008,1419,1670,1573,2274,2575,2303,1408,526,52,0,14494,14494,958,1385,1216,1346,2073,2373,2460,1557,969,155,2
충청남도 태안군 안면읍(4482525300),8371,8371,288,478,473,472,961,1471,2012,1410,689,110,7,4154,4154,143,260,278,246,550,781,963,660,247,21,5,4217,4217,145,218,195,226,411,690,1049,750,442,89,2
충청남도 태안군 고남면(4482531000),2317,2317,60,113,91,104,229,395,568,437,287,32,1,1119,1119,25,43,49,55,141,221,278,198,103,6,0,1198,1198,35,70,42,49,88,174,290,239,184,26,1
충청남도 태안군 남면(4482532000),4193,4193,99,158,313,232,396,698,1049,718,452,78,0,2153,2153,46,88,214,142,241,373,516,358,160,15,0,2040,2040,53,70,99,90,155,325,533,360,292,63,0
충청남도 태안군 근흥면(4482533000),5374,5374,103,188,228,266,465,953,1513,1013,555,87,3,2756,2756,46,105,142,176,296,529,732,495,215,20,0,2618,2618,57,83,86,90,169,424,781,518,340,67,3
충청남도 태안군 소원면(4482534000),5319,5319,87,173,235,208,500,906,1463,1050,610,87,0,2632,2632,49,97,117,124,310,498,723,493,201,20,0,2687,2687,38,76,118,84,190,408,740,557,409,67,0
충청남도 태안군 원북면(4482535000),4340,4340,89,170,279,218,347,768,1075,776,520,96,2,2216,2216,44,93,174,130,208,432,538,382,194,21,0,2124,2124,45,77,105,88,139,336,537,394,326,75,2
충청남도 태안군 이원면(4482536000),2195,2195,37,78,110,82,166,364,567,422,323,46,0,1127,1127,18,43,61,46,116,223,283,212,121,4,0,1068,1068,19,35,49,36,50,141,284,210,202,42,0
전라북도  (4500000000),1780824,1780824,116289,168535,203799,179335,258657,299658,270532,169022,99490,15086,421,886274,886274,59636,87253,110615,92774,132659,155771,134077,76124,33994,3316,55,894550,894550,56653,81282,93184,86561,125998,143887,136455,92898,65496,11770,366
전라북도 전주시 (4511000000),655601,655601,50136,69613,91474,80201,104675,107850,81813,44905,21764,3091,79,322475,322475,25672,35936,48126,40699,51160,53182,38795,20100,8071,724,10,333126,333126,24464,33677,43348,39502,53515,54668,43018,24805,13693,2367,69
전라북도 전주시 완산구 (4511100000),334286,334286,22448,34065,48003,38798,50984,57421,44719,24362,11693,1745,48,162739,162739,11557,17732,24924,19729,24448,27785,20968,10929,4257,404,6,171547,171547,10891,16333,23079,19069,26536,29636,23751,13433,7436,1341,42
전라북도 전주시 완산구 중앙동(4511151000),7325,7325,312,452,791,766,852,1188,1436,955,500,72,1,3668,3668,168,225,430,410,464,620,682,441,210,18,0,3657,3657,144,227,361,356,388,568,754,514,290,54,1
전라북도 전주시 완산구 풍남동(4511153000),3983,3983,100,134,364,365,460,645,865,656,340,53,1,1993,1993,51,73,208,209,288,336,391,283,143,11,0,1990,1990,49,61,156,156,172,309,474,373,197,42,1
전라북도 전주시 완산구 노송동(4511160500),11627,11627,539,732,1274,1219,1558,1839,2065,1479,796,121,5,5693,5693,288,389,685,623,827,929,943,650,324,33,2,5934,5934,251,343,589,596,731,910,1122,829,472,88,3
전라북도 전주시 완산구 완산동(4511163500),5373,5373,280,364,564,521,705,865,909,713,399,52,1,2629,2629,147,199,273,275,385,462,441,298,135,14,0,2744,2744,133,165,291,246,320,403,468,415,264,38,1
전라북도 전주시 완산구 동서학동(4511165000),6272,6272,245,430,649,522,758,1061,1265,818,452,70,2,3079,3079,123,232,331,287,400,555,591,385,161,14,0,3193,3193,122,198,318,235,358,506,674,433,291,56,2
전라북도 전주시 완산구 서서학동(4511166000),8550,8550,263,582,986,720,1100,1504,1704,1119,513,58,1,4192,4192,138,301,553,380,596,772,761,495,184,12,0,4358,4358,125,281,433,340,504,732,943,624,329,46,1
전라북도 전주시 완산구 중화산1동(4511167100),14287,14287,841,1261,2166,1603,1902,2402,2217,1215,591,88,1,6870,6870,457,683,1084,813,908,1076,1023,563,233,30,0,7417,7417,384,578,1082,790,994,1326,1194,652,358,58,1
전라북도 전주시 완산구 중화산2동(4511167200),19621,19621,1260,2546,3243,2356,3309,3413,2045,944,443,62,0,9822,9822,642,1326,1661,1260,1564,1731,990,473,163,12,0,9799,9799,618,1220,1582,1096,1745,1682,1055,471,280,50,0
전라북도 전주시 완산구 서신동(4511168000),40688,40688,3097,4711,6138,5130,6692,7167,4326,2176,1113,137,1,19738,19738,1582,2427,3126,2557,3074,3472,2074,965,427,34,0,20950,20950,1515,2284,3012,2573,3618,3695,2252,1211,686,103,1
전라북도 전주시 완산구 평화1동(4511169100),12744,12744,511,781,1336,1228,1655,2190,2433,1625,841,139,5,6139,6139,277,421,710,690,896,1082,1139,641,257,25,1,6605,6605,234,360,626,538,759,1108,1294,984,584,114,4
전라북도 전주시 완산구 평화2동(4511169200),45599,45599,3590,5164,5740,4860,7392,7776,6310,3102,1448,208,9,21964,21964,1807,2680,3010,2404,3466,3715,2935,1414,484,48,1,23635,23635,1783,2484,2730,2456,3926,4061,3375,1688,964,160,8
전라북도 전주시 완산구 삼천1동(4511170100),11400,11400,628,1001,1605,1192,1535,2150,1871,945,412,59,2,5538,5538,324,522,851,639,714,1017,872,448,141,10,0,5862,5862,304,479,754,553,821,1133,999,497,271,49,2
전라북도 전주시 완산구 삼천2동(4511170200),13410,13410,644,1168,1924,1319,1687,2537,2382,1198,477,74,0,6423,6423,328,588,1007,691,801,1136,1117,571,167,17,0,6987,6987,316,580,917,628,886,1401,1265,627,310,57,0
전라북도 전주시 완산구 삼천3동(4511170300),21780,21780,1419,2305,2946,2106,3186,4308,3115,1460,790,141,4,10527,10527,710,1221,1609,1051,1449,2052,1483,649,264,39,0,11253,11253,709,1084,1337,1055,1737,2256,1632,811,526,102,4
전라북도 전주시 완산구 효자1동(4511171100),10646,10646,527,856,1328,1037,1422,1792,1831,1221,554,75,3,5086,5086,288,455,704,527,715,823,820,525,210,19,0,5560,5560,239,401,624,510,707,969,1011,696,344,56,3
전라북도 전주시 완산구 효자2동(4511171200),9944,9944,490,819,1407,1047,1313,1735,1685,1019,381,47,1,4737,4737,248,409,740,530,641,806,756,446,148,13,0,5207,5207,242,410,667,517,672,929,929,573,233,34,1
전라북도 전주시 완산구 효자3동(4511171300),14599,14599,911,1419,1950,1578,2012,2502,2244,1270,608,101,4,6850,6850,499,712,1021,771,937,1083,993,568,240,25,1,7749,7749,412,707,929,807,1075,1419,1251,702,368,76,3
전라북도 전주시 완산구 효자4동(4511171400),39245,39245,4089,4941,6032,5079,6824,6255,3797,1513,592,121,2,19088,19088,2093,2575,3103,2406,3229,2935,1837,703,186,21,0,20157,20157,1996,2366,2929,2673,3595,3320,1960,810,406,100,2
전라북도 전주시 완산구 효자5동(4511173000),37193,37193,2702,4399,7560,6150,6622,6092,2219,934,443,67,5,18703,18703,1387,2294,3818,3206,3094,3183,1120,411,180,9,1,18490,18490,1315,2105,3742,2944,3528,2909,1099,523,263,58,4
전라북도 전주시 덕진구 (4511300000),321315,321315,27688,35548,43471,41403,53691,50429,37094,20543,10071,1346,31,159736,159736,14115,18204,23202,20970,26712,25397,17827,9171,3814,320,4,161579,161579,13573,17344,20269,20433,26979,25032,19267,11372,6257,1026,27
전라북도 전주시 덕진구 진북동(4511352500),13940,13940,568,1006,1629,1268,1738,2241,2397,1857,1102,131,3,6807,6807,300,556,866,707,905,1092,1141,753,450,37,0,7133,7133,268,450,763,561,833,1149,1256,1104,652,94,3
전라북도 전주시 덕진구 인후1동(4511354000),18219,18219,1306,2287,2269,1782,3010,2863,2337,1570,710,84,1,8730,8730,650,1141,1220,861,1409,1384,1048,702,297,18,0,9489,9489,656,1146,1049,921,1601,1479,1289,868,413,66,1
전라북도 전주시 덕진구 인후2동(4511355000),11114,11114,513,660,1552,1257,1397,1763,1887,1376,644,63,2,5520,5520,260,358,792,672,769,897,847,616,292,17,0,5594,5594,253,302,760,585,628,866,1040,760,352,46,2
전라북도 전주시 덕진구 인후3동(4511356000),31643,31643,2284,3895,4558,3845,5832,5275,3132,1798,903,117,4,15570,15570,1141,1988,2388,1962,2829,2648,1486,762,338,27,1,16073,16073,1143,1907,2170,1883,3003,2627,1646,1036,565,90,3
전라북도 전주시 덕진구 덕진동(4511357000),20953,20953,1918,1764,3605,3508,3143,2787,2217,1305,626,79,1,10592,10592,979,918,1930,1817,1677,1406,1028,571,247,19,0,10361,10361,939,846,1675,1691,1466,1381,1189,734,379,60,1
전라북도 전주시 덕진구 금암1동(4511358000),7859,7859,198,326,2496,962,834,1052,987,633,326,45,0,4291,4291,101,159,1450,578,506,577,487,286,137,10,0,3568,3568,97,167,1046,384,328,475,500,347,189,35,0
전라북도 전주시 덕진구 금암2동(4511359000),9761,9761,397,614,1489,1005,1188,1524,1638,1256,587,60,3,4794,4794,209,322,795,544,638,762,713,553,235,23,0,4967,4967,188,292,694,461,550,762,925,703,352,37,3
전라북도 전주시 덕진구 팔복동(4511360000),7460,7460,261,459,858,703,1032,1356,1420,912,407,51,1,4081,4081,136,248,516,440,654,782,732,407,158,8,0,3379,3379,125,211,342,263,378,574,688,505,249,43,1
전라북도 전주시 덕진구 우아1동(4511361100),12618,12618,967,1030,1689,1865,1862,2053,1752,907,431,62,0,6293,6293,461,519,863,1000,939,1024,860,437,171,19,0,6325,6325,506,511,826,865,923,1029,892,470,260,43,0
전라북도 전주시 덕진구 우아2동(4511361200),14467,14467,772,1167,1996,1850,2404,2695,1978,1000,533,70,2,7541,7541,385,580,1087,1036,1284,1468,1020,467,197,16,1,6926,6926,387,587,909,814,1120,1227,958,533,336,54,1
전라북도 전주시 덕진구 호성동(4511362000),19813,19813,1299,2372,2589,1901,2979,3514,2954,1410,691,102,2,9459,9459,650,1179,1406,924,1365,1675,1392,610,236,22,0,10354,10354,649,1193,1183,977,1614,1839,1562,800,455,80,2
전라북도 전주시 덕진구 송천1동(4511364100),64026,64026,7968,9086,7908,9383,12440,9251,4942,2023,863,160,2,31692,31692,4094,4672,4178,4499,5947,4637,2406,934,293,31,1,32334,32334,3874,4414,3730,4884,6493,4614,2536,1089,570,129,1
전라북도 전주시 덕진구 송천2동(4511364200),26089,26089,1861,3010,3829,2841,3947,4637,3344,1692,801,125,2,12740,12740,938,1545,2012,1434,1874,2201,1620,792,293,31,0,13349,13349,923,1465,1817,1407,2073,2436,1724,900,508,94,2
전라북도 전주시 덕진구 조촌동(4511365000),12550,12550,854,940,1497,1697,1788,2213,1894,1016,578,73,0,6442,6442,454,485,834,906,975,1165,975,450,184,14,0,6108,6108,400,455,663,791,813,1048,919,566,394,59,0
전라북도 전주시 덕진구 여의동(4511366500),30551,30551,3623,3083,3586,5019,5205,4663,3151,1421,694,100,6,15359,15359,1883,1598,1912,2528,2629,2346,1539,665,232,26,1,15192,15192,1740,1485,1674,2491,2576,2317,1612,756,462,74,5
전라북도 전주시 덕진구 혁신동(4511367000),20252,20252,2899,3849,1921,2517,4892,2542,1064,367,175,24,2,9825,9825,1474,1936,953,1062,2312,1333,533,166,54,2,0,10427,10427,1425,1913,968,1455,2580,1209,531,201,121,22,2
전라북도 전주시효자출장소 (4511800000),0,0,0,0,0,0,0,0,0,0,0,0,0,0,0,0,0,0,0,0,0,0,0,0,0,0,0,0,0,0,0,0,0,0,0,0,0,0,0
전라북도 군산시 (4513000000),264358,264358,18933,25916,28565,28289,42539,44449,39362,23355,11151,1761,38,133778,133778,9616,13405,15800,14815,22257,23410,19457,10727,3921,365,5,130580,130580,9317,12511,12765,13474,20282,21039,19905,12628,7230,1396,33
전라북도 군산시 옥구읍(4513025000),3076,3076,81,111,212,171,291,546,713,522,357,72,0,1577,1577,44,60,131,101,186,316,354,246,122,17,0,1499,1499,37,51,81,70,105,230,359,276,235,55,0
전라북도 군산시 옥산면(4513031000),4662,4662,527,390,348,637,740,693,653,380,241,53,0,2370,2370,262,193,198,320,393,383,345,183,85,8,0,2292,2292,265,197,150,317,347,310,308,197,156,45,0
전라북도 군산시 회현면(4513032000),3341,3341,164,330,215,199,449,547,617,437,329,54,0,1719,1719,77,181,129,103,255,319,334,191,122,8,0,1622,1622,87,149,86,96,194,228,283,246,207,46,0
전라북도 군산시 임피면(4513033000),2585,2585,53,104,195,133,239,440,648,440,264,67,2,1329,1329,32,63,115,86,145,240,350,209,76,13,0,1256,1256,21,41,80,47,94,200,298,231,188,54,2
전라북도 군산시 서수면(4513034000),2478,2478,63,103,145,134,227,403,624,405,297,74,3,1241,1241,35,54,86,81,146,224,331,189,84,11,0,1237,1237,28,49,59,53,81,179,293,216,213,63,3
전라북도 군산시 대야면(4513035000),4850,4850,132,220,302,304,481,766,1144,872,535,93,1,2422,2422,73,123,185,162,288,443,541,409,176,22,0,2428,2428,59,97,117,142,193,323,603,463,359,71,1
전라북도 군산시 개정면(4513036000),2915,2915,69,131,232,165,270,528,715,487,266,50,2,1483,1483,28,77,141,91,153,283,374,239,89,8,0,1432,1432,41,54,91,74,117,245,341,248,177,42,2
전라북도 군산시 성산면(4513037000),2845,2845,80,130,233,166,252,528,677,458,266,53,2,1424,1424,34,57,145,74,149,283,346,219,105,12,0,1421,1421,46,73,88,92,103,245,331,239,161,41,2
전라북도 군산시 나포면(4513038000),2157,2157,37,89,115,120,194,360,523,399,269,49,2,1123,1123,21,51,67,72,117,210,292,195,88,9,1,1034,1034,16,38,48,48,77,150,231,204,181,40,1
전라북도 군산시 옥도면(4513039000),3241,3241,75,155,271,226,437,701,748,422,181,24,1,1830,1830,43,88,163,146,292,414,407,200,74,3,0,1411,1411,32,67,108,80,145,287,341,222,107,21,1
전라북도 군산시 옥서면(4513040000),2913,2913,92,135,272,184,336,447,602,531,273,40,1,1488,1488,49,79,150,110,202,258,294,243,88,15,0,1425,1425,43,56,122,74,134,189,308,288,185,25,1
전라북도 군산시 해신동(4513051500),2236,2236,97,141,159,161,243,322,472,439,179,20,3,1087,1087,49,68,71,83,135,182,224,198,72,4,1,1149,1149,48,73,88,78,108,140,248,241,107,16,2
전라북도 군산시 월명동(4513053000),5145,5145,158,366,411,376,652,839,1093,802,405,42,1,2560,2560,80,192,230,196,349,448,538,355,162,10,0,2585,2585,78,174,181,180,303,391,555,447,243,32,1
전라북도 군산시 신풍동(4513055000),6893,6893,313,523,753,526,854,1106,1315,1004,441,58,0,3438,3438,162,274,435,273,459,577,595,489,160,14,0,3455,3455,151,249,318,253,395,529,720,515,281,44,0
전라북도 군산시 삼학동(4513056000),5396,5396,126,297,547,363,534,890,1142,957,475,65,0,2618,2618,72,141,304,211,299,453,550,402,174,12,0,2778,2778,54,156,243,152,235,437,592,555,301,53,0
전라북도 군산시 중앙동(4513060500),4336,4336,261,173,367,587,616,633,796,614,248,41,0,2182,2182,138,91,178,340,346,327,372,283,95,12,0,2154,2154,123,82,189,247,270,306,424,331,153,29,0
전라북도 군산시 흥남동(4513064000),12583,12583,1002,1065,1301,1569,1909,2002,1899,1260,516,60,0,6311,6311,520,551,691,820,1004,1037,917,549,209,13,0,6272,6272,482,514,610,749,905,965,982,711,307,47,0
전라북도 군산시 조촌동(4513065000),24705,24705,2978,2386,2608,4093,4234,3399,2775,1536,595,99,2,12472,12472,1486,1253,1409,2093,2202,1736,1334,729,211,19,0,12233,12233,1492,1133,1199,2000,2032,1663,1441,807,384,80,2
전라북도 군산시 경암동(4513066000),7297,7297,336,458,645,671,1033,1209,1447,1033,420,44,1,3668,3668,173,245,355,398,580,649,649,452,157,10,0,3629,3629,163,213,290,273,453,560,798,581,263,34,1
전라북도 군산시 구암동(4513067000),8195,8195,491,656,1086,1027,1101,1455,1379,692,263,45,0,4117,4117,233,345,560,559,573,688,706,341,103,9,0,4078,4078,258,311,526,468,528,767,673,351,160,36,0
전라북도 군산시 개정동(4513068000),2750,2750,150,218,278,214,329,461,508,369,194,29,0,1396,1396,72,116,174,105,169,240,240,187,83,10,0,1354,1354,78,102,104,109,160,221,268,182,111,19,0
전라북도 군산시 수송동(4513069000),54459,54459,5955,7639,6423,6800,10802,8491,4944,2298,960,141,6,27154,27154,3027,3937,3435,3253,5279,4413,2397,1034,346,32,1,27305,27305,2928,3702,2988,3547,5523,4078,2547,1264,614,109,5
전라북도 군산시 나운1동(4513070100),12331,12331,598,1080,1449,1174,1757,2307,2256,1167,456,87,0,6144,6144,308,601,792,640,868,1136,1082,529,168,20,0,6187,6187,290,479,657,534,889,1171,1174,638,288,67,0
전라북도 군산시 나운2동(4513070200),22835,22835,1376,2714,2782,1891,3556,4163,3487,1808,937,119,2,11038,11038,695,1313,1571,929,1685,2036,1671,829,283,26,0,11797,11797,681,1401,1211,962,1871,2127,1816,979,654,93,2
전라북도 군산시 나운3동(4513070300),31556,31556,2167,3934,4192,3162,5734,5748,3773,1865,859,119,3,15759,15759,1095,2005,2331,1627,2828,2895,1824,831,296,26,1,15797,15797,1072,1929,1861,1535,2906,2853,1949,1034,563,93,2
전라북도 군산시 소룡동(4513071000),17212,17212,1019,1585,1871,1969,3289,3265,2524,1165,429,92,4,9473,9473,539,832,1072,1166,1924,1889,1355,543,139,13,1,7739,7739,480,753,799,803,1365,1376,1169,622,290,79,3
전라북도 군산시 미성동(4513072000),11366,11366,533,783,1153,1267,1980,2200,1888,993,496,71,2,6355,6355,269,415,682,776,1231,1331,1035,453,154,9,0,5011,5011,264,368,471,491,749,869,853,540,342,62,2
전라북도 익산시 (4514000000),276666,276666,16927,26724,34591,26901,39973,48479,42649,24695,13520,2156,51,137863,137863,8690,13723,18871,14088,20433,24708,21118,11196,4560,468,8,138803,138803,8237,13001,15720,12813,19540,23771,21531,13499,8960,1688,43
전라북도 익산시 함열읍(4514025000),6640,6640,286,544,545,475,735,1134,1434,882,529,76,0,3233,3233,150,259,300,249,404,595,705,385,174,12,0,3407,3407,136,285,245,226,331,539,729,497,355,64,0
전라북도 익산시 오산면(4514031000),7610,7610,437,594,614,671,997,1279,1535,867,526,90,0,3758,3758,218,293,339,366,519,658,761,398,183,23,0,3852,3852,219,301,275,305,478,621,774,469,343,67,0
전라북도 익산시 황등면(4514032000),6922,6922,250,446,577,477,703,1275,1471,966,633,118,6,3493,3493,131,235,329,258,396,706,748,446,218,24,2,3429,3429,119,211,248,219,307,569,723,520,415,94,4
전라북도 익산시 함라면(4514033000),2249,2249,55,107,171,107,204,403,495,379,266,60,2,1120,1120,22,49,99,67,115,223,280,169,82,13,1,1129,1129,33,58,72,40,89,180,215,210,184,47,1
전라북도 익산시 웅포면(4514034000),1516,1516,20,57,88,64,118,243,387,284,207,47,1,767,767,6,34,50,39,76,141,199,139,71,12,0,749,749,14,23,38,25,42,102,188,145,136,35,1
전라북도 익산시 성당면(4514035000),1872,1872,29,83,115,83,170,328,462,324,221,56,1,939,939,18,42,65,46,110,187,243,147,71,10,0,933,933,11,41,50,37,60,141,219,177,150,46,1
전라북도 익산시 용안면(4514036000),2617,2617,66,132,170,135,208,366,601,516,361,61,1,1302,1302,35,61,101,80,135,212,302,237,121,18,0,1315,1315,31,71,69,55,73,154,299,279,240,43,1
전라북도 익산시 낭산면(4514037000),3007,3007,103,133,195,190,289,517,680,499,350,51,0,1594,1594,45,86,119,104,181,319,376,230,125,9,0,1413,1413,58,47,76,86,108,198,304,269,225,42,0
전라북도 익산시 망성면(4514038000),2949,2949,67,140,128,139,244,465,747,558,392,67,2,1463,1463,32,66,75,91,148,260,381,256,140,14,0,1486,1486,35,74,53,48,96,205,366,302,252,53,2
전라북도 익산시 여산면(4514039000),3249,3249,156,156,282,245,310,525,676,491,354,54,0,1647,1647,74,81,162,150,191,300,336,237,108,8,0,1602,1602,82,75,120,95,119,225,340,254,246,46,0
전라북도 익산시 금마면(4514040000),5173,5173,315,331,570,448,570,852,1084,611,353,38,1,2695,2695,166,162,380,241,315,440,563,282,132,13,1,2478,2478,149,169,190,207,255,412,521,329,221,25,0
전라북도 익산시 왕궁면(4514041000),4238,4238,83,173,256,185,372,689,1025,794,545,111,5,2158,2158,51,99,144,116,245,381,549,356,179,37,1,2080,2080,32,74,112,69,127,308,476,438,366,74,4
전라북도 익산시 춘포면(4514042000),4260,4260,149,217,368,299,438,789,912,580,426,81,1,2187,2187,77,127,215,165,262,447,476,273,124,21,0,2073,2073,72,90,153,134,176,342,436,307,302,60,1
전라북도 익산시 삼기면(4514043000),2554,2554,53,92,210,150,219,537,569,389,271,63,1,1336,1336,30,56,133,97,146,304,298,171,91,10,0,1218,1218,23,36,77,53,73,233,271,218,180,53,1
전라북도 익산시 용동면(4514044000),1522,1522,26,70,79,65,121,226,365,313,220,35,2,750,750,13,38,50,36,78,124,185,141,78,7,0,772,772,13,32,29,29,43,102,180,172,142,28,2
전라북도 익산시 중앙동(4514052000),3263,3263,84,117,398,289,361,522,689,534,228,39,2,1746,1746,51,68,218,172,222,283,365,257,99,11,0,1517,1517,33,49,180,117,139,239,324,277,129,28,2
전라북도 익산시 평화동(4514053000),4654,4654,259,328,447,431,666,899,895,480,226,23,0,2474,2474,149,157,255,227,366,508,472,255,83,2,0,2180,2180,110,171,192,204,300,391,423,225,143,21,0
전라북도 익산시 인화동(4514056000),6803,6803,269,390,806,743,783,1109,1284,915,439,64,1,3488,3488,147,207,399,446,445,622,603,436,167,16,0,3315,3315,122,183,407,297,338,487,681,479,272,48,1
전라북도 익산시 동산동(4514057000),21996,21996,1456,2133,2307,2244,3315,3905,3642,1945,940,106,3,10818,10818,723,1122,1293,1158,1725,1934,1729,832,280,22,0,11178,11178,733,1011,1014,1086,1590,1971,1913,1113,660,84,3
전라북도 익산시 마동(4514058000),9674,9674,448,738,1368,911,1312,1871,1708,882,392,44,0,4924,4924,249,396,741,509,721,916,836,410,139,7,0,4750,4750,199,342,627,402,591,955,872,472,253,37,0
전라북도 익산시 남중동(4514059500),11269,11269,405,877,1204,886,1377,1842,2138,1662,780,95,3,5794,5794,206,539,689,518,763,967,1005,735,346,26,0,5475,5475,199,338,515,368,614,875,1133,927,434,69,3
전라북도 익산시 모현동(4514061000),38787,38787,3382,4426,4541,4242,6372,6337,5227,2733,1330,192,5,18760,18760,1761,2183,2357,2036,3149,3018,2504,1236,465,49,2,20027,20027,1621,2243,2184,2206,3223,3319,2723,1497,865,143,3
전라북도 익산시 송학동(4514062000),8527,8527,790,968,896,1120,1422,1300,1130,610,260,31,0,4236,4236,392,514,487,542,735,662,534,267,97,6,0,4291,4291,398,454,409,578,687,638,596,343,163,25,0
전라북도 익산시 영등1동(4514064600),22530,22530,1270,2573,3146,2256,3300,4343,3514,1400,609,118,1,11098,11098,663,1310,1732,1154,1584,2073,1715,655,191,21,0,11432,11432,607,1263,1414,1102,1716,2270,1799,745,418,97,1
전라북도 익산시 영등2동(4514064700),13901,13901,1081,1869,2314,1475,2519,2610,1131,587,273,41,1,6820,6820,542,964,1226,740,1156,1305,553,238,89,7,0,7081,7081,539,905,1088,735,1363,1305,578,349,184,34,1
전라북도 익산시 어양동(4514065200),24434,24434,1921,3123,3455,2807,4561,4662,2372,993,477,60,3,11969,11969,1005,1603,1834,1400,2150,2305,1120,409,128,14,1,12465,12465,916,1520,1621,1407,2411,2357,1252,584,349,46,2
전라북도 익산시 신동(4514065600),15352,15352,523,1115,4184,1408,1583,2172,2046,1434,738,144,5,7734,7734,273,528,2263,828,851,1111,987,638,232,23,0,7618,7618,250,587,1921,580,732,1061,1059,796,506,121,5
전라북도 익산시 팔봉동(4514067000),6495,6495,454,632,707,758,1033,1101,933,513,294,68,2,3367,3367,225,319,408,422,549,571,492,259,107,15,0,3128,3128,229,313,299,336,484,530,441,254,187,53,2
전라북도 익산시 삼성동(4514069000),32603,32603,2490,4160,4450,3598,5671,6178,3497,1554,880,123,2,16193,16193,1236,2125,2408,1831,2696,3136,1801,702,240,18,0,16410,16410,1254,2035,2042,1767,2975,3042,1696,852,640,105,2
전라북도 익산시함열출장소 (4514500000),0,0,0,0,0,0,0,0,0,0,0,0,0,0,0,0,0,0,0,0,0,0,0,0,0,0,0,0,0,0,0,0,0,0,0,0,0,0,0
전라북도 정읍시 (4518000000),105982,105982,5647,9067,10092,8200,13933,18180,17893,12869,8759,1298,44,52694,52694,2895,4779,5632,4401,7285,9811,9000,5687,2932,264,8,53288,53288,2752,4288,4460,3799,6648,8369,8893,7182,5827,1034,36
전라북도 정읍시 신태인읍(4518025000),5357,5357,203,341,358,341,590,840,1062,902,632,85,3,2613,2613,97,200,197,203,326,466,532,377,197,18,0,2744,2744,106,141,161,138,264,374,530,525,435,67,3
전라북도 정읍시 북면(4518031000),4159,4159,151,259,355,284,424,823,843,557,397,66,0,2110,2110,64,135,218,161,226,455,448,259,136,8,0,2049,2049,87,124,137,123,198,368,395,298,261,58,0
전라북도 정읍시 입암면(4518032000),2766,2766,51,127,171,126,228,498,634,467,409,54,1,1381,1381,25,72,107,70,135,296,334,208,125,9,0,1385,1385,26,55,64,56,93,202,300,259,284,45,1
전라북도 정읍시 소성면(4518033000),2056,2056,53,83,93,110,168,335,441,392,335,45,1,1067,1067,31,48,58,64,108,212,228,192,116,10,0,989,989,22,35,35,46,60,123,213,200,219,35,1
전라북도 정읍시 고부면(4518034000),2772,2772,67,107,148,179,243,420,634,509,393,70,2,1372,1372,34,53,87,120,159,253,329,213,113,10,1,1400,1400,33,54,61,59,84,167,305,296,280,60,1
전라북도 정읍시 영원면(4518035000),1742,1742,48,64,105,82,145,248,384,339,281,45,1,860,860,28,35,55,53,93,147,201,142,98,8,0,882,882,20,29,50,29,52,101,183,197,183,37,1
전라북도 정읍시 덕천면(4518036000),1769,1769,36,92,122,90,171,329,376,289,219,42,3,891,891,15,51,76,61,105,189,194,127,62,10,1,878,878,21,41,46,29,66,140,182,162,157,32,2
전라북도 정읍시 이평면(4518037000),2005,2005,40,76,101,98,157,309,442,382,341,58,1,977,977,21,47,63,59,99,181,228,169,97,13,0,1028,1028,19,29,38,39,58,128,214,213,244,45,1
전라북도 정읍시 정우면(4518038000),2505,2505,60,103,143,129,207,444,559,440,367,52,1,1268,1268,35,52,88,71,135,270,301,195,113,8,0,1237,1237,25,51,55,58,72,174,258,245,254,44,1
전라북도 정읍시 태인면(4518039000),3312,3312,61,140,205,156,297,543,723,598,503,83,3,1660,1660,36,78,113,102,194,324,369,251,170,22,1,1652,1652,25,62,92,54,103,219,354,347,333,61,2
전라북도 정읍시 감곡면(4518040000),2770,2770,56,63,128,170,210,407,667,562,431,72,4,1410,1410,32,40,73,103,148,246,334,268,148,17,1,1360,1360,24,23,55,67,62,161,333,294,283,55,3
전라북도 정읍시 옹동면(4518041000),1642,1642,38,79,74,85,143,250,362,303,265,40,3,841,841,21,42,43,55,97,147,190,140,98,8,0,801,801,17,37,31,30,46,103,172,163,167,32,3
전라북도 정읍시 칠보면(4518042000),2264,2264,70,144,148,95,207,396,454,383,322,45,0,1167,1167,31,88,97,66,120,242,243,160,111,9,0,1097,1097,39,56,51,29,87,154,211,223,211,36,0
전라북도 정읍시 산내면(4518043000),1200,1200,26,46,60,51,76,228,302,223,168,20,0,609,609,13,28,36,36,46,130,177,89,52,2,0,591,591,13,18,24,15,30,98,125,134,116,18,0
전라북도 정읍시 산외면(4518044000),2076,2076,45,83,108,96,174,378,468,376,308,39,1,1047,1047,18,39,50,61,108,244,252,166,98,11,0,1029,1029,27,44,58,35,66,134,216,210,210,28,1
전라북도 정읍시 수성동(4518051000),16922,16922,1242,1829,2150,1748,2945,3088,2084,1159,600,70,7,8587,8587,632,970,1205,922,1495,1618,1037,503,191,14,0,8335,8335,610,859,945,826,1450,1470,1047,656,409,56,7
전라북도 정읍시 장명동(4518052000),2906,2906,138,257,289,227,459,530,447,316,213,30,0,1425,1425,65,127,151,116,244,291,228,129,70,4,0,1481,1481,73,130,138,111,215,239,219,187,143,26,0
전라북도 정읍시 내장상동(4518053500),20282,20282,1476,2634,2406,1749,3278,3463,2660,1638,850,125,3,9791,9791,756,1300,1288,860,1519,1732,1271,750,290,25,0,10491,10491,720,1334,1118,889,1759,1731,1389,888,560,100,3
전라북도 정읍시 시기동(4518054500),3221,3221,144,235,337,217,350,506,637,487,260,48,0,1551,1551,80,117,193,103,187,252,291,212,102,14,0,1670,1670,64,118,144,114,163,254,346,275,158,34,0
전라북도 정읍시 초산동(4518056500),10219,10219,887,1296,1165,976,1695,1735,1265,775,388,37,0,5066,5066,487,720,665,476,791,838,598,332,154,5,0,5153,5153,400,576,500,500,904,897,667,443,234,32,0
전라북도 정읍시 연지동(4518057000),5999,5999,460,502,572,587,884,979,916,727,312,58,2,2981,2981,228,264,304,304,464,504,435,343,126,8,1,3018,3018,232,238,268,283,420,475,481,384,186,50,1
전라북도 정읍시 농소동(4518058000),3984,3984,170,294,383,264,445,740,795,495,356,39,3,1910,1910,81,155,208,132,239,381,381,208,112,11,2,2074,2074,89,139,175,132,206,359,414,287,244,28,1
전라북도 정읍시 상교동(4518059500),4054,4054,125,213,471,340,437,691,738,550,409,75,5,2110,2110,65,118,257,203,247,393,399,254,153,20,1,1944,1944,60,95,214,137,190,298,339,296,256,55,4
전라북도 남원시 (4519000000),78967,78967,4461,7000,7106,5985,9968,13582,13630,9533,6615,1056,31,38778,38778,2358,3637,3951,3095,5039,7280,6855,4139,2175,245,4,40189,40189,2103,3363,3155,2890,4929,6302,6775,5394,4440,811,27
전라북도 남원시 운봉읍(4519025000),3862,3862,165,221,263,224,316,664,820,603,499,86,1,1879,1879,88,127,134,121,172,358,440,257,168,14,0,1983,1983,77,94,129,103,144,306,380,346,331,72,1
전라북도 남원시 주천면(4519031000),2605,2605,93,150,224,157,235,502,561,376,253,50,4,1334,1334,53,69,128,81,133,286,294,188,85,17,0,1271,1271,40,81,96,76,102,216,267,188,168,33,4
전라북도 남원시 수지면(4519032000),1095,1095,43,55,52,52,103,167,240,183,158,42,0,543,543,22,29,31,28,67,97,124,91,45,9,0,552,552,21,26,21,24,36,70,116,92,113,33,0
전라북도 남원시 송동면(4519033000),1986,1986,57,100,131,102,148,356,439,322,281,48,2,989,989,26,52,79,58,86,201,247,149,78,12,1,997,997,31,48,52,44,62,155,192,173,203,36,1
전라북도 남원시 주생면(4519034000),1801,1801,59,98,95,80,147,306,392,325,260,39,0,886,886,32,54,58,46,87,180,205,129,86,9,0,915,915,27,44,37,34,60,126,187,196,174,30,0
전라북도 남원시 금지면(4519035000),2307,2307,58,114,127,100,221,351,512,434,340,50,0,1111,1111,25,59,77,59,134,191,269,181,107,9,0,1196,1196,33,55,50,41,87,160,243,253,233,41,0
전라북도 남원시 대강면(4519036000),1564,1564,33,60,68,62,122,225,374,275,277,66,2,742,742,20,32,38,31,78,132,190,123,84,13,1,822,822,13,28,30,31,44,93,184,152,193,53,1
전라북도 남원시 대산면(4519037000),1629,1629,58,84,86,86,144,255,389,263,223,41,0,823,823,31,51,52,55,86,144,208,120,71,5,0,806,806,27,33,34,31,58,111,181,143,152,36,0
전라북도 남원시 사매면(4519038000),1489,1489,43,60,97,67,106,240,307,276,260,32,1,775,775,27,36,60,33,60,159,168,133,92,7,0,714,714,16,24,37,34,46,81,139,143,168,25,1
전라북도 남원시 덕과면(4519039000),932,932,31,31,48,49,67,157,225,176,130,18,0,484,484,23,18,29,26,46,95,123,79,36,9,0,448,448,8,13,19,23,21,62,102,97,94,9,0
전라북도 남원시 보절면(4519040000),1425,1425,46,58,77,50,114,223,280,279,263,33,2,722,722,24,30,48,28,75,133,148,126,98,12,0,703,703,22,28,29,22,39,90,132,153,165,21,2
전라북도 남원시 산동면(4519041000),1793,1793,52,84,112,75,152,318,359,326,277,38,0,908,908,30,44,72,45,90,189,195,148,85,10,0,885,885,22,40,40,30,62,129,164,178,192,28,0
전라북도 남원시 이백면(4519042000),2239,2239,76,151,153,126,192,403,470,323,282,58,5,1102,1102,39,85,86,73,103,224,256,136,88,11,1,1137,1137,37,66,67,53,89,179,214,187,194,47,4
전라북도 남원시 아영면(4519045000),1874,1874,85,112,86,97,170,301,400,343,243,35,2,928,928,52,58,47,54,107,176,210,144,72,8,0,946,946,33,54,39,43,63,125,190,199,171,27,2
전라북도 남원시 산내면(4519046000),2093,2093,78,175,124,85,223,519,390,272,206,21,0,1040,1040,39,96,66,50,103,291,213,119,60,3,0,1053,1053,39,79,58,35,120,228,177,153,146,18,0
전라북도 남원시 인월면(4519047000),2722,2722,100,191,160,124,298,497,636,424,248,43,1,1330,1330,49,106,105,63,157,268,303,181,90,8,0,1392,1392,51,85,55,61,141,229,333,243,158,35,1
전라북도 남원시 동충동(4519051000),3289,3289,151,309,343,257,404,586,550,411,248,30,0,1569,1569,76,165,196,132,193,291,252,162,94,8,0,1720,1720,75,144,147,125,211,295,298,249,154,22,0
전라북도 남원시 죽항동(4519052000),3278,3278,161,234,326,280,413,534,571,469,248,41,1,1552,1552,89,113,173,152,204,281,247,196,86,10,1,1726,1726,72,121,153,128,209,253,324,273,162,31,0
전라북도 남원시 노암동(4519054000),6079,6079,556,618,623,665,902,1012,838,548,284,33,0,2920,2920,300,300,329,334,425,519,404,209,92,8,0,3159,3159,256,318,294,331,477,493,434,339,192,25,0
전라북도 남원시 금동(4519055000),6519,6519,478,742,604,571,1023,1026,1000,677,346,50,2,3142,3142,244,359,341,277,513,533,471,276,118,10,0,3377,3377,234,383,263,294,510,493,529,401,228,40,2
전라북도 남원시 왕정동(4519056000),4151,4151,191,322,449,382,501,688,749,532,290,44,3,2028,2028,103,182,260,212,247,334,352,226,100,12,0,2123,2123,88,140,189,170,254,354,397,306,190,32,3
전라북도 남원시 향교동(4519057000),6928,6928,372,552,720,572,911,1279,1188,761,494,78,1,3524,3524,189,291,398,303,472,708,607,356,177,23,0,3404,3404,183,261,322,269,439,571,581,405,317,55,1
전라북도 남원시 도통동(4519059000),17307,17307,1475,2479,2138,1722,3056,2973,1940,935,505,80,4,8447,8447,777,1281,1144,834,1401,1490,929,410,163,18,0,8860,8860,698,1198,994,888,1655,1483,1011,525,342,62,4
전라북도 김제시 (4521000000),80782,80782,3764,6007,6853,6090,9499,13240,15214,11037,7753,1293,32,40147,40147,1961,3049,3849,3244,5261,7336,7747,4941,2462,289,8,40635,40635,1803,2958,3004,2846,4238,5904,7467,6096,5291,1004,24
전라북도 김제시 만경읍(4521025000),2599,2599,67,111,160,131,241,419,646,417,344,63,0,1302,1302,41,60,93,76,152,237,325,205,102,11,0,1297,1297,26,51,67,55,89,182,321,212,242,52,0
전라북도 김제시 죽산면(4521032000),2407,2407,55,100,106,121,206,334,581,477,363,64,0,1197,1197,32,60,66,71,131,204,296,226,106,5,0,1210,1210,23,40,40,50,75,130,285,251,257,59,0
전라북도 김제시 백산면(4521033000),2447,2447,58,112,145,148,220,412,561,451,298,40,2,1311,1311,30,69,89,87,151,270,297,210,98,10,0,1136,1136,28,43,56,61,69,142,264,241,200,30,2
전라북도 김제시 용지면(4521034000),3438,3438,80,152,236,196,306,522,791,617,438,98,2,1759,1759,44,81,132,112,209,299,436,288,132,25,1,1679,1679,36,71,104,84,97,223,355,329,306,73,1
전라북도 김제시 백구면(4521035000),3673,3673,105,186,237,222,357,627,788,640,429,81,1,1787,1787,52,87,129,119,210,347,407,291,121,24,0,1886,1886,53,99,108,103,147,280,381,349,308,57,1
전라북도 김제시 부량면(4521036000),1293,1293,40,61,75,78,101,183,295,231,197,32,0,621,621,21,33,42,48,64,100,148,100,57,8,0,672,672,19,28,33,30,37,83,147,131,140,24,0
전라북도 김제시 공덕면(4521038000),2448,2448,49,113,176,142,196,416,580,395,324,54,3,1256,1256,18,62,105,83,125,248,312,192,94,17,0,1192,1192,31,51,71,59,71,168,268,203,230,37,3
전라북도 김제시 청하면(4521039000),1710,1710,45,72,69,98,146,272,387,310,268,43,0,862,862,24,41,44,56,92,153,194,150,97,11,0,848,848,21,31,25,42,54,119,193,160,171,32,0
전라북도 김제시 성덕면(4521040000),1717,1717,38,59,96,89,162,259,403,319,242,49,1,863,863,16,33,54,53,104,158,227,128,80,9,1,854,854,22,26,42,36,58,101,176,191,162,40,0
전라북도 김제시 진봉면(4521041000),2541,2541,35,81,115,125,216,365,588,521,428,66,1,1222,1222,18,37,71,73,137,223,300,213,137,12,1,1319,1319,17,44,44,52,79,142,288,308,291,54,0
전라북도 김제시 금구면(4521042000),4905,4905,170,285,373,300,515,928,1043,741,469,79,2,2505,2505,87,148,204,178,309,522,551,325,157,24,0,2400,2400,83,137,169,122,206,406,492,416,312,55,2
전라북도 김제시 봉남면(4521043000),2199,2199,69,79,109,115,183,300,511,412,368,50,3,1089,1089,40,40,64,74,125,177,270,174,115,10,0,1110,1110,29,39,45,41,58,123,241,238,253,40,3
전라북도 김제시 황산면(4521044000),1869,1869,39,79,136,84,152,334,411,314,279,40,1,957,957,17,42,82,54,99,203,232,128,93,7,0,912,912,22,37,54,30,53,131,179,186,186,33,1
전라북도 김제시 금산면(4521045000),4505,4505,106,184,287,243,422,807,1068,744,547,87,10,2267,2267,50,97,169,141,266,444,566,336,170,26,2,2238,2238,56,87,118,102,156,363,502,408,377,61,8
전라북도 김제시 광활면(4521046000),1311,1311,45,52,76,74,124,194,280,257,182,27,0,671,671,22,24,44,44,94,112,144,115,64,8,0,640,640,23,28,32,30,30,82,136,142,118,19,0
전라북도 김제시 요촌동(4521051000),10841,10841,646,1022,1161,1015,1514,1787,1745,1174,646,129,2,5361,5361,339,494,638,519,771,952,828,563,228,28,1,5480,5480,307,528,523,496,743,835,917,611,418,101,1
전라북도 김제시 신풍동(4521052000),12818,12818,838,1403,1338,1193,1878,2137,1843,1258,826,103,1,6200,6200,429,705,726,606,939,1096,888,523,263,24,1,6618,6618,409,698,612,587,939,1041,955,735,563,79,0
전라북도 김제시 검산동(4521054000),11745,11745,875,1367,1448,1158,1822,1947,1551,933,533,110,1,5766,5766,467,683,802,566,876,1047,749,396,161,18,1,5979,5979,408,684,646,592,946,900,802,537,372,92,0
전라북도 김제시 교월동(4521058000),6316,6316,404,489,510,558,738,997,1142,826,572,78,2,3151,3151,214,253,295,284,407,544,577,378,187,12,0,3165,3165,190,236,215,274,331,453,565,448,385,66,2
전라북도 완주군 (4571000000),91015,91015,6153,8165,8619,8752,13198,15344,15006,9187,5675,893,23,46836,46836,3082,4285,4882,4544,7141,8548,7856,4350,1948,195,5,44179,44179,3071,3880,3737,4208,6057,6796,7150,4837,3727,698,18
전라북도 완주군 삼례읍(4571025000),14532,14532,670,1104,1805,1276,1929,2533,2506,1553,996,158,2,7529,7529,337,559,1009,739,1065,1463,1279,697,347,33,1,7003,7003,333,545,796,537,864,1070,1227,856,649,125,1
전라북도 완주군 봉동읍(4571025300),26199,26199,2611,3390,2685,3144,4875,3826,2911,1674,935,146,2,13658,13658,1335,1793,1564,1580,2594,2146,1505,789,319,32,1,12541,12541,1276,1597,1121,1564,2281,1680,1406,885,616,114,1
전라북도 완주군 용진읍(4571025600),6993,6993,324,491,646,529,870,1301,1381,846,524,79,2,3610,3610,152,262,375,274,476,743,728,406,175,18,1,3383,3383,172,229,271,255,394,558,653,440,349,61,1
전라북도 완주군 상관면(4571032000),4264,4264,239,368,345,291,602,795,784,529,265,45,1,2202,2202,128,187,201,152,319,449,398,260,99,9,0,2062,2062,111,181,144,139,283,346,386,269,166,36,1
전라북도 완주군 이서면(4571033000),14388,14388,1524,1421,1347,2083,2569,2209,1680,982,496,71,6,7213,7213,751,721,701,1022,1339,1165,869,453,174,18,0,7175,7175,773,700,646,1061,1230,1044,811,529,322,53,6
전라북도 완주군 소양면(4571034000),5910,5910,207,312,484,375,526,1139,1419,840,526,79,3,3062,3062,105,166,281,215,309,609,736,431,190,19,1,2848,2848,102,146,203,160,217,530,683,409,336,60,2
전라북도 완주군 구이면(4571035000),5674,5674,164,347,502,339,555,1167,1315,750,468,65,2,2854,2854,74,180,276,167,286,622,720,365,154,10,0,2820,2820,90,167,226,172,269,545,595,385,314,55,2
전라북도 완주군 고산면(4571036000),4562,4562,211,265,317,332,504,825,915,664,448,80,1,2351,2351,102,158,197,184,296,460,489,306,138,20,1,2211,2211,109,107,120,148,208,365,426,358,310,60,0
전라북도 완주군 비봉면(4571037000),1847,1847,49,105,111,91,183,326,418,299,221,43,1,957,957,24,61,68,50,100,191,224,151,80,8,0,890,890,25,44,43,41,83,135,194,148,141,35,1
전라북도 완주군 운주면(4571038000),1915,1915,40,66,76,87,168,360,508,335,239,35,1,961,961,23,40,35,52,107,199,264,147,88,6,0,954,954,17,26,41,35,61,161,244,188,151,29,1
전라북도 완주군 화산면(4571039000),2674,2674,71,211,188,112,267,455,581,406,320,61,2,1384,1384,29,116,104,66,153,282,317,201,103,13,0,1290,1290,42,95,84,46,114,173,264,205,217,48,2
전라북도 완주군 동상면(4571040000),1074,1074,27,48,62,55,74,234,330,132,95,17,0,551,551,14,24,36,22,47,123,193,61,26,5,0,523,523,13,24,26,33,27,111,137,71,69,12,0
전라북도 완주군 경천면(4571041000),983,983,16,37,51,38,76,174,258,177,142,14,0,504,504,8,18,35,21,50,96,134,83,55,4,0,479,479,8,19,16,17,26,78,124,94,87,10,0
전라북도 진안군 (4572000000),24963,24963,1105,1607,1762,1466,2517,4403,5312,3696,2693,390,12,12669,12669,544,854,1010,727,1458,2472,2867,1741,914,81,1,12294,12294,561,753,752,739,1059,1931,2445,1955,1779,309,11
전라북도 진안군 진안읍(4572025000),9985,9985,620,835,891,738,1284,1686,1739,1189,888,113,2,5040,5040,302,433,501,350,723,937,912,555,302,25,0,4945,4945,318,402,390,388,561,749,827,634,586,88,2
전라북도 진안군 용담면(4572031000),850,850,14,24,29,24,61,169,254,170,92,12,1,422,422,4,13,13,12,39,93,132,83,31,2,0,428,428,10,11,16,12,22,76,122,87,61,10,1
전라북도 진안군 안천면(4572032000),1068,1068,34,73,58,47,85,184,255,173,132,27,0,515,515,15,36,39,21,43,93,135,78,50,5,0,553,553,19,37,19,26,42,91,120,95,82,22,0
전라북도 진안군 동향면(4572033000),1343,1343,37,79,66,47,97,245,324,235,183,30,0,643,643,12,43,37,19,49,140,173,115,49,6,0,700,700,25,36,29,28,48,105,151,120,134,24,0
전라북도 진안군 상전면(4572034000),843,843,29,35,41,50,64,162,215,124,111,12,0,434,434,12,16,25,26,40,94,119,62,37,3,0,409,409,17,19,16,24,24,68,96,62,74,9,0
전라북도 진안군 백운면(4572035000),1951,1951,72,85,139,105,177,334,458,312,227,40,2,1033,1033,40,48,84,63,110,191,257,148,84,8,0,918,918,32,37,55,42,67,143,201,164,143,32,2
전라북도 진안군 성수면(4572036000),1755,1755,64,72,117,88,150,295,408,310,216,32,3,897,897,32,38,64,42,99,170,235,145,67,4,1,858,858,32,34,53,46,51,125,173,165,149,28,2
전라북도 진안군 마령면(4572037000),1808,1808,51,85,113,75,130,338,378,347,255,35,1,922,922,30,49,61,38,81,200,198,164,92,9,0,886,886,21,36,52,37,49,138,180,183,163,26,1
전라북도 진안군 부귀면(4572038000),2840,2840,108,211,179,178,272,547,667,394,239,43,2,1469,1469,55,113,105,96,151,312,360,193,76,8,0,1371,1371,53,98,74,82,121,235,307,201,163,35,2
전라북도 진안군 정천면(4572039000),1037,1037,47,53,58,73,83,183,246,146,129,18,1,544,544,27,34,42,36,52,95,135,73,46,4,0,493,493,20,19,16,37,31,88,111,73,83,14,1
전라북도 진안군 주천면(4572040000),1483,1483,29,55,71,41,114,260,368,296,221,28,0,750,750,15,31,39,24,71,147,211,125,80,7,0,733,733,14,24,32,17,43,113,157,171,141,21,0
전라북도 무주군 (4573000000),23745,23745,1037,1763,1653,1593,2704,4118,4731,3219,2558,349,20,11859,11859,554,886,931,884,1489,2285,2480,1386,881,82,1,11886,11886,483,877,722,709,1215,1833,2251,1833,1677,267,19
전라북도 무주군 무주읍(4573025000),9430,9430,654,992,837,862,1395,1539,1370,968,706,100,7,4730,4730,362,484,471,450,725,861,682,423,251,21,0,4700,4700,292,508,366,412,670,678,688,545,455,79,7
전라북도 무주군 무풍면(4573031000),2193,2193,50,99,98,129,180,413,558,341,282,42,1,1099,1099,26,57,58,76,112,215,293,159,91,11,1,1094,1094,24,42,40,53,68,198,265,182,191,31,0
전라북도 무주군 설천면(4573032000),3942,3942,136,266,305,217,446,775,824,531,392,47,3,1978,1978,72,148,157,129,243,431,430,222,135,11,0,1964,1964,64,118,148,88,203,344,394,309,257,36,3
전라북도 무주군 적상면(4573033000),2591,2591,60,112,131,107,217,459,591,458,397,55,4,1271,1271,26,57,73,67,122,257,330,185,139,15,0,1320,1320,34,55,58,40,95,202,261,273,258,40,4
전라북도 무주군 안성면(4573034000),4193,4193,105,240,228,218,363,718,1014,655,578,70,4,2090,2090,54,115,139,130,223,401,535,284,192,17,0,2103,2103,51,125,89,88,140,317,479,371,386,53,4
전라북도 무주군 부남면(4573035000),1396,1396,32,54,54,60,103,214,374,266,203,35,1,691,691,14,25,33,32,64,120,210,113,73,7,0,705,705,18,29,21,28,39,94,164,153,130,28,1
전라북도 장수군 (4574000000),21624,21624,1012,1586,1529,1369,2391,3621,4395,3070,2320,320,11,10809,10809,521,811,884,703,1359,2041,2260,1405,743,82,0,10815,10815,491,775,645,666,1032,1580,2135,1665,1577,238,11
전라북도 장수군 장수읍(4574025000),7229,7229,482,726,614,598,983,1127,1223,850,550,75,1,3570,3570,253,342,351,289,539,625,599,374,183,15,0,3659,3659,229,384,263,309,444,502,624,476,367,60,1
전라북도 장수군 산서면(4574031000),2057,2057,66,115,120,91,175,362,411,355,312,49,1,1036,1036,30,68,75,55,108,201,215,168,97,19,0,1021,1021,36,47,45,36,67,161,196,187,215,30,1
전라북도 장수군 번암면(4574032000),2265,2265,64,110,119,103,174,370,558,421,300,43,3,1159,1159,38,64,71,57,115,214,284,206,100,10,0,1106,1106,26,46,48,46,59,156,274,215,200,33,3
전라북도 장수군 장계면(4574033500),4330,4330,230,342,330,293,536,758,827,531,427,54,2,2181,2181,116,189,191,145,287,430,430,241,138,14,0,2149,2149,114,153,139,148,249,328,397,290,289,40,2
전라북도 장수군 천천면(4574034000),2051,2051,44,81,118,109,158,353,520,358,271,36,3,1001,1001,19,44,68,63,91,197,264,165,82,8,0,1050,1050,25,37,50,46,67,156,256,193,189,28,3
전라북도 장수군 계남면(4574035000),2141,2141,69,131,150,109,222,397,461,323,243,36,0,1071,1071,37,64,81,62,127,231,247,135,79,8,0,1070,1070,32,67,69,47,95,166,214,188,164,28,0
전라북도 장수군 계북면(4574036000),1551,1551,57,81,78,66,143,254,395,232,217,27,1,791,791,28,40,47,32,92,143,221,116,64,8,0,760,760,29,41,31,34,51,111,174,116,153,19,1
전라북도 임실군 (4575000000),26732,26732,1256,1544,1847,1775,2633,4557,5331,4109,3174,490,16,13685,13685,647,824,1091,958,1588,2609,2902,1876,1069,119,2,13047,13047,609,720,756,817,1045,1948,2429,2233,2105,371,14
전라북도 임실군 임실읍(4575025000),7309,7309,634,730,654,752,1030,1093,1060,734,533,88,1,3710,3710,336,382,369,396,568,601,538,327,175,18,0,3599,3599,298,348,285,356,462,492,522,407,358,70,1
전라북도 임실군 청웅면(4575031000),1267,1267,27,48,62,49,111,220,256,247,217,29,1,639,639,12,24,38,27,76,134,143,102,74,8,1,628,628,15,24,24,22,35,86,113,145,143,21,0
전라북도 임실군 운암면(4575032000),1591,1591,53,52,96,87,135,301,420,247,168,31,1,827,827,23,35,49,40,79,173,231,128,60,9,0,764,764,30,17,47,47,56,128,189,119,108,22,1
전라북도 임실군 신평면(4575033000),1427,1427,51,58,89,93,104,224,318,270,190,27,3,737,737,21,37,59,54,71,123,175,127,64,6,0,690,690,30,21,30,39,33,101,143,143,126,21,3
전라북도 임실군 성수면(4575034000),1623,1623,40,72,85,72,134,264,361,304,259,32,0,845,845,19,42,59,47,83,148,207,136,95,9,0,778,778,21,30,26,25,51,116,154,168,164,23,0
전라북도 임실군 오수면(4575035500),3580,3580,103,198,245,200,319,614,786,581,464,69,1,1824,1824,61,116,148,113,193,348,412,263,150,20,0,1756,1756,42,82,97,87,126,266,374,318,314,49,1
전라북도 임실군 신덕면(4575036000),1312,1312,46,38,81,63,104,225,286,238,198,32,1,681,681,23,16,50,32,64,141,171,108,69,6,1,631,631,23,22,31,31,40,84,115,130,129,26,0
전라북도 임실군 삼계면(4575037000),1488,1488,35,51,69,57,106,242,323,302,249,54,0,759,759,20,25,42,31,72,144,175,148,93,9,0,729,729,15,26,27,26,34,98,148,154,156,45,0
전라북도 임실군 관촌면(4575038000),3227,3227,150,150,228,208,274,616,679,501,368,50,3,1654,1654,77,73,134,108,167,360,364,241,113,17,0,1573,1573,73,77,94,100,107,256,315,260,255,33,3
전라북도 임실군 강진면(4575039000),1504,1504,34,48,123,69,137,308,314,250,193,26,2,792,792,18,28,71,45,98,177,182,108,60,5,0,712,712,16,20,52,24,39,131,132,142,133,21,2
전라북도 임실군 덕치면(4575040000),1190,1190,33,46,64,61,78,237,270,224,157,17,3,610,610,10,21,37,34,52,146,155,95,56,4,0,580,580,23,25,27,27,26,91,115,129,101,13,3
전라북도 임실군 지사면(4575041000),1214,1214,50,53,51,64,101,213,258,211,178,35,0,607,607,27,25,35,31,65,114,149,93,60,8,0,607,607,23,28,16,33,36,99,109,118,118,27,0
전라북도 순창군 (4577000000),26721,26721,1205,2131,1859,1696,3066,4422,5104,3872,2929,420,17,13121,13121,632,1091,1072,849,1689,2419,2663,1658,935,112,1,13600,13600,573,1040,787,847,1377,2003,2441,2214,1994,308,16
전라북도 순창군 순창읍(4577025000),9934,9934,733,1299,985,843,1566,1572,1368,934,542,90,2,4852,4852,395,655,553,385,781,844,660,378,178,23,0,5082,5082,338,644,432,458,785,728,708,556,364,67,2
전라북도 순창군 인계면(4577031000),1479,1479,37,81,87,90,125,274,323,230,205,25,2,727,727,18,45,50,43,69,155,176,108,59,4,0,752,752,19,36,37,47,56,119,147,122,146,21,2
전라북도 순창군 동계면(4577032000),1964,1964,52,87,97,85,200,312,425,361,301,39,5,963,963,27,42,55,48,126,172,251,143,91,8,0,1001,1001,25,45,42,37,74,140,174,218,210,31,5
전라북도 순창군 풍산면(4577033000),1667,1667,59,83,85,96,181,246,324,304,250,38,1,839,839,29,41,57,60,113,143,171,131,87,7,0,828,828,30,42,28,36,68,103,153,173,163,31,1
전라북도 순창군 금과면(4577034000),1693,1693,37,69,85,98,119,314,435,257,244,33,2,855,855,22,36,53,60,79,159,254,116,66,9,1,838,838,15,33,32,38,40,155,181,141,178,24,1
전라북도 순창군 팔덕면(4577035000),1373,1373,38,66,64,86,112,237,288,229,225,27,1,691,691,21,37,38,47,73,138,152,101,79,5,0,682,682,17,29,26,39,39,99,136,128,146,22,1
전라북도 순창군 쌍치면(4577036000),1932,1932,57,109,105,92,163,369,470,313,222,32,0,957,957,24,64,64,42,96,184,260,142,69,12,0,975,975,33,45,41,50,67,185,210,171,153,20,0
전라북도 순창군 복흥면(4577037000),2116,2116,91,138,110,105,181,363,493,359,237,38,1,1023,1023,48,66,71,49,95,199,254,153,76,12,0,1093,1093,43,72,39,56,86,164,239,206,161,26,1
전라북도 순창군 적성면(4577038000),1229,1229,30,36,66,66,105,193,275,233,195,28,2,600,600,8,20,42,42,62,117,134,103,63,9,0,629,629,22,16,24,24,43,76,141,130,132,19,2
전라북도 순창군 유등면(4577039000),1047,1047,30,43,62,49,107,148,213,204,171,19,1,506,506,18,24,29,25,69,89,107,88,51,6,0,541,541,12,19,33,24,38,59,106,116,120,13,1
전라북도 순창군 구림면(4577040000),2287,2287,41,120,113,86,207,394,490,448,337,51,0,1108,1108,22,61,60,48,126,219,244,195,116,17,0,1179,1179,19,59,53,38,81,175,246,253,221,34,0
전라북도 고창군 (4579000000),53112,53112,2399,3968,3941,3483,5807,8843,10121,7914,5702,904,30,26398,26398,1276,2175,2277,1862,3298,4909,5063,3561,1813,163,1,26714,26714,1123,1793,1664,1621,2509,3934,5058,4353,3889,741,29
전라북도 고창군 고창읍(4579025000),20988,20988,1674,2546,2191,1975,3036,3466,3018,1808,1081,178,15,10411,10411,879,1401,1229,986,1512,1733,1435,806,390,39,1,10577,10577,795,1145,962,989,1524,1733,1583,1002,691,139,14
전라북도 고창군 고수면(4579031000),2209,2209,39,89,131,103,187,388,494,420,301,55,2,1135,1135,20,53,83,65,116,240,277,193,83,5,0,1074,1074,19,36,48,38,71,148,217,227,218,50,2
전라북도 고창군 아산면(4579032000),2589,2589,69,90,138,131,224,467,593,464,366,46,1,1325,1325,33,53,78,75,152,292,304,210,119,9,0,1264,1264,36,37,60,56,72,175,289,254,247,37,1
전라북도 고창군 무장면(4579033000),2692,2692,74,194,152,118,218,437,543,517,395,43,1,1344,1344,42,115,94,64,137,269,264,223,127,9,0,1348,1348,32,79,58,54,81,168,279,294,268,34,1
전라북도 고창군 공음면(4579034000),2453,2453,52,112,127,123,214,384,553,452,380,53,3,1203,1203,29,50,83,71,130,225,271,211,122,11,0,1250,1250,23,62,44,52,84,159,282,241,258,42,3
전라북도 고창군 상하면(4579035000),2362,2362,56,137,139,111,219,411,491,445,307,45,1,1156,1156,29,84,79,63,137,237,236,207,76,8,0,1206,1206,27,53,60,48,82,174,255,238,231,37,1
전라북도 고창군 해리면(4579036000),2668,2668,63,99,136,100,223,391,645,569,387,54,1,1318,1318,40,45,76,55,154,241,307,279,112,9,0,1350,1350,23,54,60,45,69,150,338,290,275,45,1
전라북도 고창군 성송면(4579037000),1750,1750,30,52,69,77,134,294,403,331,305,55,0,872,872,17,30,49,51,78,188,201,154,92,12,0,878,878,13,22,20,26,56,106,202,177,213,43,0
전라북도 고창군 대산면(4579038000),3191,3191,64,135,156,124,272,543,724,626,480,64,3,1589,1589,41,75,98,73,182,299,390,267,149,15,0,1602,1602,23,60,58,51,90,244,334,359,331,49,3
전라북도 고창군 심원면(4579039000),2431,2431,58,105,134,144,208,478,555,401,304,44,0,1218,1218,33,49,74,83,146,269,279,173,106,6,0,1213,1213,25,56,60,61,62,209,276,228,198,38,0
전라북도 고창군 흥덕면(4579040000),3128,3128,83,150,204,156,311,525,681,527,413,77,1,1532,1532,44,73,126,85,185,289,358,233,128,11,0,1596,1596,39,77,78,71,126,236,323,294,285,66,1
전라북도 고창군 성내면(4579041000),1917,1917,35,66,114,95,163,300,430,375,286,53,0,995,995,16,46,75,54,113,175,232,178,98,8,0,922,922,19,20,39,41,50,125,198,197,188,45,0
전라북도 고창군 신림면(4579042000),2165,2165,40,85,135,100,185,346,457,425,327,64,1,1045,1045,22,41,69,54,116,201,240,187,106,9,0,1120,1120,18,44,66,46,69,145,217,238,221,55,1
전라북도 고창군 부안면(4579043000),2569,2569,62,108,115,126,213,413,534,554,370,73,1,1255,1255,31,60,64,83,140,251,269,240,105,12,0,1314,1314,31,48,51,43,73,162,265,314,265,61,1
전라북도 부안군 (4580000000),50556,50556,2254,3444,3908,3535,5754,8570,9971,7561,4877,665,17,25162,25162,1188,1798,2239,1905,3202,4761,5014,3357,1570,127,1,25394,25394,1066,1646,1669,1630,2552,3809,4957,4204,3307,538,16
전라북도 부안군 부안읍(4580025000),20736,20736,1506,2249,2139,1895,3027,3481,3132,2022,1161,119,5,10107,10107,774,1171,1187,921,1476,1752,1515,899,392,20,0,10629,10629,732,1078,952,974,1551,1729,1617,1123,769,99,5
전라북도 부안군 주산면(4580031000),1862,1862,36,47,109,101,130,295,454,354,292,43,1,912,912,19,28,65,60,86,172,218,164,89,11,0,950,950,17,19,44,41,44,123,236,190,203,32,1
전라북도 부안군 동진면(4580032000),2742,2742,53,92,158,152,206,465,594,536,412,74,0,1391,1391,34,46,97,95,141,283,321,227,131,16,0,1351,1351,19,46,61,57,65,182,273,309,281,58,0
전라북도 부안군 행안면(4580033000),2172,2172,55,112,123,170,203,396,483,341,244,44,1,1131,1131,19,63,72,104,127,252,264,145,78,7,0,1041,1041,36,49,51,66,76,144,219,196,166,37,1
전라북도 부안군 계화면(4580034000),3273,3273,87,135,173,196,346,476,728,705,378,48,1,1648,1648,40,65,90,129,225,289,352,307,141,10,0,1625,1625,47,70,83,67,121,187,376,398,237,38,1
전라북도 부안군 보안면(4580035000),2364,2364,38,75,111,91,170,406,579,483,365,45,1,1187,1187,19,44,61,51,122,226,316,213,122,12,1,1177,1177,19,31,50,40,48,180,263,270,243,33,0
전라북도 부안군 변산면(4580036000),4355,4355,176,268,311,318,511,805,941,631,345,49,0,2234,2234,95,136,180,187,314,449,466,291,110,6,0,2121,2121,81,132,131,131,197,356,475,340,235,43,0
전라북도 부안군 진서면(4580037000),2255,2255,68,96,140,115,204,396,587,413,207,26,3,1158,1158,41,54,97,59,119,236,286,202,60,4,0,1097,1097,27,42,43,56,85,160,301,211,147,22,3
전라북도 부안군 백산면(4580038000),2435,2435,35,82,131,113,197,376,547,498,404,52,0,1214,1214,22,46,80,76,132,231,279,215,122,11,0,1221,1221,13,36,51,37,65,145,268,283,282,41,0
전라북도 부안군 상서면(4580039000),2160,2160,56,74,147,105,169,402,476,387,302,41,1,1069,1069,33,38,78,65,104,230,264,168,83,6,0,1091,1091,23,36,69,40,65,172,212,219,219,35,1
전라북도 부안군 하서면(4580040000),2594,2594,55,100,157,124,236,433,579,498,355,54,3,1267,1267,34,52,91,66,134,263,290,213,108,16,0,1327,1327,21,48,66,58,102,170,289,285,247,38,3
전라북도 부안군 줄포면(4580041000),2493,2493,66,95,149,102,239,431,593,483,287,48,0,1239,1239,46,47,104,57,141,243,290,213,91,7,0,1254,1254,20,48,45,45,98,188,303,270,196,41,0
전라북도 부안군 위도면(4580042000),1115,1115,23,19,60,53,116,208,278,210,125,22,1,605,605,12,8,37,35,81,135,153,100,43,1,0,510,510,11,11,23,18,35,73,125,110,82,21,1
전라남도  (4600000000),1828550,1828550,120707,161811,191015,175518,252076,313371,287371,190321,118014,17838,508,920492,920492,61591,83656,107069,92359,134064,168980,145772,85417,37979,3550,55,908058,908058,59116,78155,83946,83159,118012,144391,141599,104904,80035,14288,453
전라남도 목포시 (4611000000),218024,218024,15806,23677,26034,23090,36086,36277,30088,17995,7926,1016,29,108480,108480,8185,12070,14121,11852,18571,18440,14273,7995,2746,224,3,109544,109544,7621,11607,11913,11238,17515,17837,15815,10000,5180,792,26
전라남도 목포시 용당1동(4611051000),10122,10122,381,669,966,860,1290,1734,1993,1531,622,74,2,5074,5074,208,334,528,491,722,925,911,694,244,17,0,5048,5048,173,335,438,369,568,809,1082,837,378,57,2
전라남도 목포시 용당2동(4611052000),4991,4991,182,285,460,396,647,846,1047,815,268,43,2,2523,2523,97,143,274,212,380,466,471,375,99,6,0,2468,2468,85,142,186,184,267,380,576,440,169,37,2
전라남도 목포시 연동(4611053500),4514,4514,134,291,358,312,592,781,860,763,367,54,2,2273,2273,63,148,199,190,371,448,412,310,117,14,1,2241,2241,71,143,159,122,221,333,448,453,250,40,1
전라남도 목포시 산정동(4611054500),9346,9346,608,1032,1088,945,1468,1609,1372,814,363,45,2,4541,4541,290,537,568,506,736,777,622,378,114,12,1,4805,4805,318,495,520,439,732,832,750,436,249,33,1
전라남도 목포시 연산동(4611055400),10456,10456,1423,1282,1202,1726,1954,1306,908,448,176,31,0,5152,5152,742,660,628,830,976,634,404,218,55,5,0,5304,5304,681,622,574,896,978,672,504,230,121,26,0
전라남도 목포시 원산동(4611055800),12451,12451,787,1391,1638,1205,2015,2304,1725,928,416,42,0,6123,6123,405,698,940,632,1008,1153,793,376,110,8,0,6328,6328,382,693,698,573,1007,1151,932,552,306,34,0
전라남도 목포시 대성동(4611056500),4874,4874,418,463,489,590,804,780,682,411,219,16,2,2427,2427,224,242,259,293,426,401,325,180,74,3,0,2447,2447,194,221,230,297,378,379,357,231,145,13,2
전라남도 목포시 목원동(4611059500),7226,7226,184,366,628,504,896,1269,1472,1259,558,86,4,3660,3660,92,187,355,288,516,711,724,564,202,20,1,3566,3566,92,179,273,216,380,558,748,695,356,66,3
전라남도 목포시 동명동(4611064000),5138,5138,167,271,452,393,652,814,1042,923,380,44,0,2689,2689,88,136,260,244,407,467,485,425,159,18,0,2449,2449,79,135,192,149,245,347,557,498,221,26,0
전라남도 목포시 삼학동(4611064500),5946,5946,378,591,656,543,919,901,1002,684,248,24,0,2919,2919,196,283,341,288,494,435,455,326,98,3,0,3027,3027,182,308,315,255,425,466,547,358,150,21,0
전라남도 목포시 만호동(4611065500),2665,2665,45,103,167,160,356,463,630,498,218,23,2,1419,1419,23,54,101,97,235,281,315,219,92,2,0,1246,1246,22,49,66,63,121,182,315,279,126,21,2
전라남도 목포시 유달동(4611066000),3958,3958,117,203,357,245,467,672,806,698,357,34,2,2110,2110,70,104,229,153,318,418,425,284,104,5,0,1848,1848,47,99,128,92,149,254,381,414,253,29,2
전라남도 목포시 죽교동(4611069500),2981,2981,113,210,271,231,382,503,542,485,219,25,0,1545,1545,57,94,161,141,237,296,279,206,70,4,0,1436,1436,56,116,110,90,145,207,263,279,149,21,0
전라남도 목포시 북항동(4611070500),8961,8961,557,951,1017,865,1420,1581,1393,782,363,31,1,4471,4471,310,474,558,470,753,789,635,343,131,8,0,4490,4490,247,477,459,395,667,792,758,439,232,23,1
전라남도 목포시 용해동(4611074500),16853,16853,1448,2397,1904,1808,3168,2541,1907,1082,531,66,1,8269,8269,734,1236,1014,889,1577,1280,873,460,185,21,0,8584,8584,714,1161,890,919,1591,1261,1034,622,346,45,1
전라남도 목포시 이로동(4611075000),10653,10653,892,1434,1147,1048,1868,1594,1442,809,370,47,2,5238,5238,485,716,639,512,930,766,648,382,153,7,0,5415,5415,407,718,508,536,938,828,794,427,217,40,2
전라남도 목포시 상동(4611075600),21630,21630,1755,2357,2524,2469,3631,3572,2966,1562,689,103,2,10620,10620,934,1210,1350,1302,1795,1724,1386,698,201,20,0,11010,11010,821,1147,1174,1167,1836,1848,1580,864,488,83,2
전라남도 목포시 하당동(4611075700),11804,11804,713,1101,2190,1499,2022,2042,1361,579,262,33,2,6058,6058,364,583,1095,795,1075,1099,697,268,74,8,0,5746,5746,349,518,1095,704,947,943,664,311,188,25,2
전라남도 목포시 신흥동(4611075800),16354,16354,1127,1821,2474,1856,2607,3035,2145,822,412,54,1,8106,8106,579,932,1362,934,1281,1424,1072,364,145,13,0,8248,8248,548,889,1112,922,1326,1611,1073,458,267,41,1
전라남도 목포시 삼향동(4611078000),4670,4670,324,473,537,503,785,770,682,389,178,29,0,2325,2325,161,249,287,257,398,395,330,184,61,3,0,2345,2345,163,224,250,246,387,375,352,205,117,26,0
전라남도 목포시 옥암동(4611079000),11310,11310,1009,1583,1401,1351,2093,1880,1166,549,241,36,1,5450,5450,498,792,737,622,965,921,558,245,104,8,0,5860,5860,511,791,664,729,1128,959,608,304,137,28,1
전라남도 목포시 부흥동(4611080000),8241,8241,578,810,1187,930,1345,1587,1057,471,242,34,0,4021,4021,277,429,623,466,704,746,489,188,88,11,0,4220,4220,301,381,564,464,641,841,568,283,154,23,0
전라남도 목포시 부주동(4611081000),22880,22880,2466,3593,2921,2651,4705,3693,1888,693,227,42,1,11467,11467,1288,1829,1613,1240,2267,1884,964,308,66,8,0,11413,11413,1178,1764,1308,1411,2438,1809,924,385,161,34,1
전라남도 여수시 (4613000000),275812,275812,19032,25433,32251,29162,40490,48184,42476,25330,11611,1793,50,140523,140523,9698,13095,18310,15742,21260,25368,20948,11786,3995,316,5,135289,135289,9334,12338,13941,13420,19230,22816,21528,13544,7616,1477,45
전라남도 여수시 돌산읍(4613025000),2588,2588,45,79,172,115,200,435,606,549,336,50,1,1305,1305,23,36,95,75,143,242,311,246,122,12,0,1283,1283,22,43,77,40,57,193,295,303,214,38,1
전라남도 여수시 돌산읍우두출장소(4613025100),8524,8524,498,658,728,741,1261,1407,1600,1045,505,80,1,4466,4466,269,338,428,415,726,793,786,495,199,17,0,4058,4058,229,320,300,326,535,614,814,550,306,63,1
전라남도 여수시 돌산읍죽포출장소(4613025200),1894,1894,34,60,144,71,132,315,451,390,242,52,3,917,917,18,31,83,34,82,174,222,185,78,10,0,977,977,16,29,61,37,50,141,229,205,164,42,3
전라남도 여수시 소라면(4613031000),22141,22141,2176,2270,2379,2747,3478,3845,2891,1442,785,120,8,11320,11320,1146,1160,1341,1394,1805,1985,1533,666,265,24,1,10821,10821,1030,1110,1038,1353,1673,1860,1358,776,520,96,7
전라남도 여수시 율촌면(4613032000),6093,6093,214,308,425,381,692,992,1269,1029,651,128,4,3169,3169,108,168,261,215,459,602,647,468,220,20,1,2924,2924,106,140,164,166,233,390,622,561,431,108,3
전라남도 여수시 화양면(4613033000),6335,6335,127,255,524,327,559,1167,1429,1119,703,125,0,3253,3253,68,136,322,179,351,677,788,492,214,26,0,3082,3082,59,119,202,148,208,490,641,627,489,99,0
전라남도 여수시 남면(4613034000),2715,2715,50,110,124,122,207,418,654,610,365,54,1,1383,1383,25,59,74,79,139,263,340,274,118,12,0,1332,1332,25,51,50,43,68,155,314,336,247,42,1
전라남도 여수시 화정면(4613035000),1330,1330,11,30,54,54,89,188,321,306,231,45,1,668,668,5,16,27,37,67,108,189,144,68,7,0,662,662,6,14,27,17,22,80,132,162,163,38,1
전라남도 여수시 화정면개도출장소(4613035600),798,798,15,37,47,28,59,144,165,175,108,20,0,403,403,9,20,28,13,34,94,85,84,31,5,0,395,395,6,17,19,15,25,50,80,91,77,15,0
전라남도 여수시 삼산면(4613036000),2051,2051,52,91,127,135,215,425,506,307,165,26,2,1155,1155,25,52,79,88,146,255,281,162,61,5,1,896,896,27,39,48,47,69,170,225,145,104,21,1
전라남도 여수시 동문동(4613051500),4534,4534,217,281,425,429,546,657,920,741,275,43,0,2298,2298,105,144,249,240,333,351,423,347,99,7,0,2236,2236,112,137,176,189,213,306,497,394,176,36,0
전라남도 여수시 한려동(4613053500),3011,3011,93,183,318,297,324,453,557,544,221,19,2,1501,1501,41,94,158,180,191,254,248,239,90,5,1,1510,1510,52,89,160,117,133,199,309,305,131,14,1
전라남도 여수시 중앙동(4613057000),4197,4197,131,254,375,300,513,681,923,737,258,25,0,2103,2103,68,137,226,162,301,365,405,330,104,5,0,2094,2094,63,117,149,138,212,316,518,407,154,20,0
전라남도 여수시 충무동(4613060000),3810,3810,82,191,329,257,405,619,814,764,314,34,1,1946,1946,51,96,184,150,260,357,385,340,114,9,0,1864,1864,31,95,145,107,145,262,429,424,200,25,1
전라남도 여수시 광림동(4613062500),5917,5917,171,293,619,496,701,995,1256,969,369,46,2,3070,3070,103,168,364,290,421,540,586,450,139,9,0,2847,2847,68,125,255,206,280,455,670,519,230,37,2
전라남도 여수시 서강동(4613063500),3543,3543,129,203,362,269,401,564,759,572,246,38,0,1746,1746,63,88,205,153,225,296,327,278,103,8,0,1797,1797,66,115,157,116,176,268,432,294,143,30,0
전라남도 여수시 대교동(4613065500),5164,5164,161,244,402,408,592,784,1174,950,397,52,0,2603,2603,75,114,228,222,382,450,528,432,165,7,0,2561,2561,86,130,174,186,210,334,646,518,232,45,0
전라남도 여수시 국동(4613067000),11000,11000,599,850,1112,1011,1456,1907,2131,1370,507,54,3,5533,5533,297,444,633,585,792,948,986,638,203,7,0,5467,5467,302,406,479,426,664,959,1145,732,304,47,3
전라남도 여수시 월호동(4613068500),6674,6674,394,584,652,574,908,1091,1360,801,278,28,4,3330,3330,195,292,360,306,472,545,659,387,107,7,0,3344,3344,199,292,292,268,436,546,701,414,171,21,4
전라남도 여수시 여서동(4613070000),17907,17907,988,1706,2316,1796,2544,3220,3112,1449,677,97,2,8830,8830,475,881,1316,973,1285,1528,1466,659,231,16,0,9077,9077,513,825,1000,823,1259,1692,1646,790,446,81,2
전라남도 여수시 문수동(4613071000),20567,20567,1649,2157,2467,2339,3359,3430,2861,1578,622,104,1,10311,10311,862,1089,1338,1238,1678,1761,1405,729,197,14,0,10256,10256,787,1068,1129,1101,1681,1669,1456,849,425,90,1
전라남도 여수시 미평동(4613073000),11299,11299,532,1011,1712,1060,1616,2219,1728,946,423,51,1,6052,6052,274,542,1015,636,886,1228,908,434,121,8,0,5247,5247,258,469,697,424,730,991,820,512,302,43,1
전라남도 여수시 둔덕동(4613074000),9966,9966,616,1123,1365,1015,1548,1930,1451,670,215,32,1,5016,5016,308,583,756,557,730,981,704,313,79,5,0,4950,4950,308,540,609,458,818,949,747,357,136,27,1
전라남도 여수시 만덕동(4613076500),10337,10337,974,968,1045,1238,1567,1482,1616,997,389,59,2,5200,5200,487,506,570,645,834,746,766,492,146,8,0,5137,5137,487,462,475,593,733,736,850,505,243,51,2
전라남도 여수시 쌍봉동(4613078000),32419,32419,2526,3671,4928,3900,5259,6108,3694,1598,631,98,6,16576,16576,1261,1874,2823,2075,2548,3155,1845,774,209,12,0,15843,15843,1265,1797,2105,1825,2711,2953,1849,824,422,86,6
전라남도 여수시 시전동(4613079000),39003,39003,4618,4724,4739,5672,6910,6526,3757,1374,567,115,1,19542,19542,2370,2452,2575,2794,3338,3309,1860,661,164,19,0,19461,19461,2248,2272,2164,2878,3572,3217,1897,713,403,96,1
전라남도 여수시 여천동(4613080000),20620,20620,1007,1803,3119,2182,3001,4383,3059,1329,625,110,2,10906,10906,499,908,1861,1349,1610,2295,1551,627,186,19,1,9714,9714,508,895,1258,833,1391,2088,1508,702,439,91,1
전라남도 여수시 주삼동(4613081000),7999,7999,865,1119,897,989,1613,1120,714,467,182,33,0,4086,4086,438,586,480,518,807,639,332,219,63,4,0,3913,3913,427,533,417,471,806,481,382,248,119,29,0
전라남도 여수시 삼일동(4613082000),2235,2235,44,110,239,152,229,448,471,322,190,29,1,1233,1233,23,57,164,98,139,284,257,147,58,6,0,1002,1002,21,53,75,54,90,164,214,175,132,23,1
전라남도 여수시 묘도동(4613083000),1141,1141,14,60,106,57,106,231,227,180,134,26,0,602,602,7,24,67,42,76,143,125,74,41,3,0,539,539,7,36,39,15,30,88,102,106,93,23,0
전라남도 순천시 (4615000000),280478,280478,22113,29120,36057,32458,42322,49361,36941,19421,10924,1704,57,140006,140006,11316,15116,19701,16755,20837,24886,18515,8871,3658,348,3,140472,140472,10797,14004,16356,15703,21485,24475,18426,10550,7266,1356,54
전라남도 순천시 승주읍(4615025000),2623,2623,49,107,183,104,183,480,606,431,421,57,2,1296,1296,34,47,109,56,105,295,329,191,112,18,0,1327,1327,15,60,74,48,78,185,277,240,309,39,2
전라남도 순천시 해룡면(4615031000),4437,4437,115,178,355,251,397,855,973,702,511,100,0,2291,2291,58,93,217,154,241,522,513,308,170,15,0,2146,2146,57,85,138,97,156,333,460,394,341,85,0
전라남도 순천시 해룡면상삼출장소(4615031500),19459,19459,1563,2565,3230,2484,3437,3832,1508,511,287,40,2,9677,9677,792,1354,1756,1281,1549,1863,775,206,95,6,0,9782,9782,771,1211,1474,1203,1888,1969,733,305,192,34,2
전라남도 순천시 해룡면신대출장소(4615031600),32914,32914,5695,5091,3129,6168,7078,3716,1421,414,166,34,2,16712,16712,2930,2673,1688,2969,3466,2039,723,178,42,4,0,16202,16202,2765,2418,1441,3199,3612,1677,698,236,124,30,2
전라남도 순천시 서면(4615032000),13567,13567,906,1154,1422,1583,1883,2383,2150,1244,740,98,4,6818,6818,466,621,724,861,972,1260,1118,555,224,17,0,6749,6749,440,533,698,722,911,1123,1032,689,516,81,4
전라남도 순천시 황전면(4615033000),2892,2892,46,98,143,119,193,445,657,627,485,78,1,1460,1460,24,51,86,73,130,278,348,297,156,17,0,1432,1432,22,47,57,46,63,167,309,330,329,61,1
전라남도 순천시 월등면(4615034000),1769,1769,34,60,101,85,122,301,442,332,251,39,2,845,845,17,26,47,47,75,167,241,151,65,9,0,924,924,17,34,54,38,47,134,201,181,186,30,2
전라남도 순천시 주암면(4615035000),3070,3070,55,96,173,125,208,499,731,600,504,77,2,1543,1543,31,49,105,84,146,295,369,276,168,20,0,1527,1527,24,47,68,41,62,204,362,324,336,57,2
전라남도 순천시 송광면(4615036000),1456,1456,10,30,62,53,113,260,335,290,265,38,0,753,753,7,18,37,34,79,161,197,134,78,8,0,703,703,3,12,25,19,34,99,138,156,187,30,0
전라남도 순천시 외서면(4615037000),838,838,12,37,46,24,46,136,199,160,149,29,0,407,407,7,20,30,13,31,84,103,82,35,2,0,431,431,5,17,16,11,15,52,96,78,114,27,0
전라남도 순천시 낙안면(4615038000),3163,3163,82,140,201,145,217,485,784,605,431,70,3,1540,1540,40,77,112,77,132,257,408,279,145,12,1,1623,1623,42,63,89,68,85,228,376,326,286,58,2
전라남도 순천시 별량면(4615039000),5436,5436,123,261,396,253,476,932,1180,912,775,123,5,2718,2718,66,128,235,145,298,531,645,402,242,25,1,2718,2718,57,133,161,108,178,401,535,510,533,98,4
전라남도 순천시 상사면(4615040000),2848,2848,58,134,271,146,252,558,639,426,304,54,6,1452,1452,39,76,165,88,137,297,341,193,105,11,0,1396,1396,19,58,106,58,115,261,298,233,199,43,6
전라남도 순천시 향동(4615051500),3556,3556,127,253,332,263,407,524,730,588,291,40,1,1758,1758,65,133,190,154,220,269,352,284,85,6,0,1798,1798,62,120,142,109,187,255,378,304,206,34,1
전라남도 순천시 매곡동(4615054000),6716,6716,449,532,1088,850,823,952,948,671,363,39,1,3319,3319,221,288,569,449,417,479,451,294,141,10,0,3397,3397,228,244,519,401,406,473,497,377,222,29,1
전라남도 순천시 삼산동(4615055000),25290,25290,1847,2530,3769,2853,3660,4454,3677,1641,718,135,6,12424,12424,958,1249,2090,1461,1766,2082,1763,778,246,31,0,12866,12866,889,1281,1679,1392,1894,2372,1914,863,472,104,6
전라남도 순천시 조곡동(4615056000),6053,6053,294,508,685,605,816,1109,1080,626,277,51,2,3035,3035,149,269,365,336,415,579,510,288,114,10,0,3018,3018,145,239,320,269,401,530,570,338,163,41,2
전라남도 순천시 덕연동(4615057000),43281,43281,3027,5053,6268,4688,6711,8544,5758,2192,897,137,6,21597,21597,1501,2638,3483,2434,3215,4077,2857,1053,310,29,0,21684,21684,1526,2415,2785,2254,3496,4467,2901,1139,587,108,6
전라남도 순천시 풍덕동(4615058000),7514,7514,317,565,870,680,934,1267,1434,947,451,49,0,3736,3736,171,307,478,353,519,626,666,413,192,11,0,3778,3778,146,258,392,327,415,641,768,534,259,38,0
전라남도 순천시 남제동(4615059000),8514,8514,307,603,993,747,990,1602,1639,1098,470,63,2,4306,4306,157,330,579,388,560,816,769,496,199,12,0,4208,4208,150,273,414,359,430,786,870,602,271,51,2
전라남도 순천시 저전동(4615060000),2614,2614,89,161,273,235,262,401,513,436,213,31,0,1272,1272,44,83,143,139,134,198,227,190,105,9,0,1342,1342,45,78,130,96,128,203,286,246,108,22,0
전라남도 순천시 장천동(4615061000),2153,2153,44,85,224,184,254,405,490,309,130,26,2,1133,1133,22,48,109,117,154,236,243,140,56,7,1,1020,1020,22,37,115,67,100,169,247,169,74,19,1
전라남도 순천시 중앙동(4615062000),2938,2938,83,177,358,278,354,500,571,394,192,31,0,1493,1493,44,92,205,156,186,264,275,187,74,10,0,1445,1445,39,85,153,122,168,236,296,207,118,21,0
전라남도 순천시 도사동(4615063500),18156,18156,1936,1727,2009,2327,2880,3095,2309,1147,615,107,4,9163,9163,1006,903,1111,1183,1479,1561,1153,549,199,19,0,8993,8993,930,824,898,1144,1401,1534,1156,598,416,88,4
전라남도 순천시 왕조1동(4615066100),40413,40413,3319,4647,6343,4945,6502,7792,4366,1595,779,121,4,19984,19984,1694,2398,3359,2533,3020,3805,2215,719,217,24,0,20429,20429,1625,2249,2984,2412,3482,3987,2151,876,562,97,4
전라남도 순천시 왕조2동(4615066500),18808,18808,1526,2328,3133,2263,3124,3834,1801,523,239,37,0,9274,9274,773,1145,1709,1170,1391,1845,924,228,83,6,0,9534,9534,753,1183,1424,1093,1733,1989,877,295,156,31,0
전라남도 나주시 (4617000000),116398,116398,9589,9649,11891,14248,16805,17530,17163,11282,7103,1110,28,58765,58765,4954,4946,6290,7412,9240,9649,8790,5041,2203,235,5,57633,57633,4635,4703,5601,6836,7565,7881,8373,6241,4900,875,23
전라남도 나주시 남평읍(4617025000),11985,11985,1030,799,1066,1514,1696,1955,2076,1141,616,92,0,6011,6011,533,402,574,778,952,1002,1044,516,190,20,0,5974,5974,497,397,492,736,744,953,1032,625,426,72,0
전라남도 나주시 세지면(4617031000),2555,2555,31,134,176,120,207,448,573,470,337,58,1,1303,1303,15,74,102,66,138,274,314,208,104,8,0,1252,1252,16,60,74,54,69,174,259,262,233,50,1
전라남도 나주시 왕곡면(4617032000),2822,2822,56,115,223,162,230,499,647,456,377,56,1,1476,1476,27,63,134,107,151,314,350,210,112,8,0,1346,1346,29,52,89,55,79,185,297,246,265,48,1
전라남도 나주시 반남면(4617033000),1384,1384,19,37,84,59,114,244,313,269,205,40,0,687,687,9,19,49,46,73,141,165,127,48,10,0,697,697,10,18,35,13,41,103,148,142,157,30,0
전라남도 나주시 공산면(4617034000),2243,2243,69,114,137,104,205,351,515,394,320,31,3,1146,1146,34,66,83,61,129,220,273,176,103,1,0,1097,1097,35,48,54,43,76,131,242,218,217,30,3
전라남도 나주시 동강면(4617035000),2384,2384,44,66,143,99,195,360,580,476,361,60,0,1189,1189,16,39,90,57,134,213,319,203,103,15,0,1195,1195,28,27,53,42,61,147,261,273,258,45,0
전라남도 나주시 다시면(4617036000),3539,3539,55,142,229,184,295,587,871,638,466,69,3,1779,1779,24,82,137,119,195,323,460,275,150,14,0,1760,1760,31,60,92,65,100,264,411,363,316,55,3
전라남도 나주시 문평면(4617037000),1897,1897,32,47,97,84,140,317,471,352,309,45,3,930,930,14,24,59,46,96,189,256,147,92,7,0,967,967,18,23,38,38,44,128,215,205,217,38,3
전라남도 나주시 노안면(4617038000),4506,4506,78,145,306,236,348,858,1111,738,569,115,2,2325,2325,44,81,176,142,232,513,597,340,174,26,0,2181,2181,34,64,130,94,116,345,514,398,395,89,2
전라남도 나주시 금천면(4617039000),4171,4171,106,201,338,279,427,708,907,725,420,58,2,2203,2203,58,109,191,173,269,443,475,327,147,11,0,1968,1968,48,92,147,106,158,265,432,398,273,47,2
전라남도 나주시 산포면(4617040000),3291,3291,67,122,264,218,330,648,730,521,341,50,0,1727,1727,31,64,151,134,220,395,384,239,97,12,0,1564,1564,36,58,113,84,110,253,346,282,244,38,0
전라남도 나주시 다도면(4617042000),1845,1845,26,59,94,90,136,356,465,324,255,37,3,947,947,13,27,51,52,87,219,270,140,75,11,2,898,898,13,32,43,38,49,137,195,184,180,26,1
전라남도 나주시 봉황면(4617043000),4097,4097,68,164,273,202,338,710,967,775,517,78,5,2131,2131,38,94,158,113,241,434,519,357,161,14,2,1966,1966,30,70,115,89,97,276,448,418,356,64,3
전라남도 나주시 송월동(4617051000),7928,7928,576,819,1227,1012,1212,1366,873,511,294,36,2,3957,3957,303,409,662,561,589,731,409,197,87,9,0,3971,3971,273,410,565,451,623,635,464,314,207,27,2
전라남도 나주시 영강동(4617052000),2695,2695,129,180,305,281,353,487,459,301,170,30,0,1331,1331,64,90,173,150,191,261,211,131,55,5,0,1364,1364,65,90,132,131,162,226,248,170,115,25,0
전라남도 나주시 금남동(4617054000),4784,4784,214,340,473,365,521,847,871,706,389,57,1,2399,2399,117,208,271,178,289,437,426,306,152,15,0,2385,2385,97,132,202,187,232,410,445,400,237,42,1
전라남도 나주시 성북동(4617055000),8654,8654,623,903,1258,820,1321,1474,1114,718,364,59,0,4363,4363,337,482,700,417,674,767,540,309,121,16,0,4291,4291,286,421,558,403,647,707,574,409,243,43,0
전라남도 나주시 영산동(4617058000),3090,3090,93,171,234,194,295,549,659,517,319,59,0,1556,1556,52,85,125,106,192,308,344,230,94,20,0,1534,1534,41,86,109,88,103,241,315,287,225,39,0
전라남도 나주시 이창동(4617060000),3315,3315,95,190,360,278,399,589,671,459,233,40,1,1785,1785,47,92,214,166,249,375,355,217,63,7,0,1530,1530,48,98,146,112,150,214,316,242,170,33,1
전라남도 나주시 빛가람동(4617062000),39213,39213,6178,4901,4604,7947,8043,4177,2290,791,241,40,1,19520,19520,3178,2436,2190,3940,4139,2090,1079,386,75,6,1,19693,19693,3000,2465,2414,4007,3904,2087,1211,405,166,34,0
전라남도 광양시 (4623000000),151460,151460,12500,15598,19273,18084,23204,29779,18736,8495,4891,879,21,79124,79124,6350,8102,11194,9701,12075,16147,9867,3965,1577,146,0,72336,72336,6150,7496,8079,8383,11129,13632,8869,4530,3314,733,21
전라남도 광양시 광양읍(4623025000),48393,48393,4049,5022,5801,5543,7748,8743,6405,3097,1674,306,5,24785,24785,2046,2628,3180,2842,4083,4660,3323,1438,531,54,0,23608,23608,2003,2394,2621,2701,3665,4083,3082,1659,1143,252,5
전라남도 광양시 봉강면(4623031000),2129,2129,55,110,181,140,189,438,435,296,231,54,0,1106,1106,37,62,112,85,111,251,228,130,77,13,0,1023,1023,18,48,69,55,78,187,207,166,154,41,0
전라남도 광양시 옥룡면(4623032000),3025,3025,74,137,232,141,247,613,670,467,370,72,2,1500,1500,40,64,143,72,119,351,377,201,118,15,0,1525,1525,34,73,89,69,128,262,293,266,252,57,2
전라남도 광양시 옥곡면(4623033000),4996,4996,268,270,603,491,528,1147,826,482,330,50,1,2556,2556,144,137,340,276,260,621,427,225,117,9,0,2440,2440,124,133,263,215,268,526,399,257,213,41,1
전라남도 광양시 진상면(4623034000),2727,2727,53,111,170,142,189,535,568,496,389,72,2,1376,1376,22,75,106,82,108,316,298,224,133,12,0,1351,1351,31,36,64,60,81,219,270,272,256,60,2
전라남도 광양시 진월면(4623035000),2751,2751,66,86,180,134,244,467,602,542,349,78,3,1369,1369,31,46,103,77,157,293,295,238,117,12,0,1382,1382,35,40,77,57,87,174,307,304,232,66,3
전라남도 광양시 다압면(4623036000),1747,1747,41,86,112,83,148,313,435,284,222,22,1,882,882,21,43,78,40,91,184,231,113,78,3,0,865,865,20,43,34,43,57,129,204,171,144,19,1
전라남도 광양시 골약동(4623051500),4409,4409,675,287,449,1025,548,526,385,271,199,42,2,2348,2348,352,157,257,533,315,315,204,132,78,5,0,2061,2061,323,130,192,492,233,211,181,139,121,37,2
전라남도 광양시 중마동(4623053000),56679,56679,5645,7160,7986,7899,10231,11246,4464,1344,603,97,4,29894,29894,2867,3679,4615,4257,5194,6051,2402,632,181,16,0,26785,26785,2778,3481,3371,3642,5037,5195,2062,712,422,81,4
전라남도 광양시 광영동(4623054000),11651,11651,776,1084,1460,1158,1722,2729,1809,605,257,50,1,6165,6165,387,555,857,639,945,1490,930,288,70,4,0,5486,5486,389,529,603,519,777,1239,879,317,187,46,1
전라남도 광양시 금호동(4623055000),11255,11255,746,1144,1929,1193,1247,2665,1781,408,123,19,0,6196,6196,378,605,1283,702,581,1401,956,251,37,2,0,5059,5059,368,539,646,491,666,1264,825,157,86,17,0
전라남도 광양시 태인동(4623057000),1698,1698,52,101,170,135,163,357,356,203,144,17,0,947,947,25,51,120,96,111,214,196,93,40,1,0,751,751,27,50,50,39,52,143,160,110,104,16,0
전라남도 담양군 (4671000000),46169,46169,2120,2976,4417,3488,5089,8236,8860,6114,4213,630,26,23402,23402,1031,1543,2610,1798,2874,4577,4643,2804,1376,143,3,22767,22767,1089,1433,1807,1690,2215,3659,4217,3310,2837,487,23
전라남도 담양군 담양읍(4671025000),15277,15277,1099,1292,1703,1546,2055,2509,2356,1589,959,162,7,7664,7664,515,688,963,778,1098,1335,1196,717,338,35,1,7613,7613,584,604,740,768,957,1174,1160,872,621,127,6
전라남도 담양군 봉산면(4671031000),2733,2733,112,106,203,182,294,515,581,418,275,47,0,1411,1411,53,57,110,105,188,299,302,174,113,10,0,1322,1322,59,49,93,77,106,216,279,244,162,37,0
전라남도 담양군 고서면(4671032000),3107,3107,89,157,249,205,279,586,723,492,284,40,3,1575,1575,40,82,143,110,158,326,382,239,86,8,1,1532,1532,49,75,106,95,121,260,341,253,198,32,2
전라남도 담양군 가사문학면(4671033500),1215,1215,25,48,79,65,98,247,290,185,150,26,2,613,613,9,22,42,28,59,142,165,86,54,5,1,602,602,16,26,37,37,39,105,125,99,96,21,1
전라남도 담양군 창평면(4671034000),3569,3569,115,227,270,226,320,667,771,539,395,38,1,1796,1796,66,101,160,118,196,366,409,243,130,7,0,1773,1773,49,126,110,108,124,301,362,296,265,31,1
전라남도 담양군 대덕면(4671035000),1883,1883,46,99,169,107,166,378,422,263,207,24,2,979,979,21,61,96,54,96,211,250,115,69,6,0,904,904,25,38,73,53,70,167,172,148,138,18,2
전라남도 담양군 무정면(4671036000),2616,2616,53,96,457,132,197,420,514,398,297,50,2,1428,1428,26,45,375,74,112,247,259,184,95,11,0,1188,1188,27,51,82,58,85,173,255,214,202,39,2
전라남도 담양군 금성면(4671037000),2565,2565,64,106,201,159,240,438,559,411,326,57,4,1308,1308,28,56,115,96,154,256,282,200,106,15,0,1257,1257,36,50,86,63,86,182,277,211,220,42,4
전라남도 담양군 용면(4671038000),1798,1798,56,75,129,112,167,325,398,321,187,27,1,902,902,34,35,67,53,101,181,205,154,63,9,0,896,896,22,40,62,59,66,144,193,167,124,18,1
전라남도 담양군 월산면(4671039000),2399,2399,88,116,161,165,229,444,515,392,256,31,2,1222,1222,44,60,93,75,139,259,271,195,80,6,0,1177,1177,44,56,68,90,90,185,244,197,176,25,2
전라남도 담양군 수북면(4671040000),4690,4690,199,313,432,305,546,903,946,554,423,67,2,2368,2368,108,176,237,168,292,487,508,256,114,22,0,2322,2322,91,137,195,137,254,416,438,298,309,45,2
전라남도 담양군 대전면(4671041000),4317,4317,174,341,364,284,498,804,785,552,454,61,0,2136,2136,87,160,209,139,281,468,414,241,128,9,0,2181,2181,87,181,155,145,217,336,371,311,326,52,0
전라남도 곡성군 (4672000000),27466,27466,932,1827,2135,1595,2858,4763,5322,4058,3362,599,15,13534,13534,484,999,1171,844,1578,2647,2839,1799,1059,111,3,13932,13932,448,828,964,751,1280,2116,2483,2259,2303,488,12
전라남도 곡성군 곡성읍(4672025000),7777,7777,401,650,730,601,1044,1281,1318,952,675,119,6,3775,3775,201,346,391,294,544,694,642,425,218,19,1,4002,4002,200,304,339,307,500,587,676,527,457,100,5
전라남도 곡성군 오곡면(4672031000),1841,1841,48,115,111,91,148,282,412,316,284,34,0,903,903,23,61,65,54,87,159,232,124,90,8,0,938,938,25,54,46,37,61,123,180,192,194,26,0
전라남도 곡성군 삼기면(4672032000),1664,1664,26,82,89,72,130,283,357,293,277,54,1,819,819,11,50,53,43,85,152,198,133,85,9,0,845,845,15,32,36,29,45,131,159,160,192,45,1
전라남도 곡성군 석곡면(4672033000),2272,2272,59,103,134,96,197,413,460,375,361,72,2,1070,1070,39,60,68,51,95,224,248,161,110,13,1,1202,1202,20,43,66,45,102,189,212,214,251,59,1
전라남도 곡성군 목사동면(4672034000),1326,1326,21,33,71,67,90,241,291,249,233,29,1,660,660,16,15,40,43,59,138,155,116,74,4,0,666,666,5,18,31,24,31,103,136,133,159,25,1
전라남도 곡성군 죽곡면(4672035000),1862,1862,44,75,113,80,133,341,421,347,249,59,0,910,910,27,45,63,43,67,186,226,168,78,7,0,952,952,17,30,50,37,66,155,195,179,171,52,0
전라남도 곡성군 고달면(4672036000),1150,1150,26,49,70,48,77,190,245,219,197,29,0,572,572,17,22,41,27,54,108,145,89,65,4,0,578,578,9,27,29,21,23,82,100,130,132,25,0
전라남도 곡성군 옥과면(4672037000),4107,4107,180,404,432,296,496,719,695,478,344,62,1,2070,2070,82,228,232,158,259,398,369,219,109,16,0,2037,2037,98,176,200,138,237,321,326,259,235,46,1
전라남도 곡성군 입면(4672038000),2388,2388,55,185,192,96,286,462,417,323,315,57,0,1214,1214,27,105,107,52,168,279,227,142,94,13,0,1174,1174,28,80,85,44,118,183,190,181,221,44,0
전라남도 곡성군 겸면(4672039000),1649,1649,33,80,90,82,147,289,342,288,246,50,2,809,809,18,42,47,43,101,164,188,115,80,10,1,840,840,15,38,43,39,46,125,154,173,166,40,1
전라남도 곡성군 오산면(4672040000),1430,1430,39,51,103,66,110,262,364,218,181,34,2,732,732,23,25,64,36,59,145,209,107,56,8,0,698,698,16,26,39,30,51,117,155,111,125,26,2
전라남도 구례군 (4673000000),25186,25186,1003,1730,1846,1450,2724,4526,4990,3709,2779,417,12,12262,12262,473,910,1044,736,1459,2513,2535,1604,899,88,1,12924,12924,530,820,802,714,1265,2013,2455,2105,1880,329,11
전라남도 구례군 구례읍(4673025000),10680,10680,598,992,971,782,1386,1939,1811,1285,780,130,6,5199,5199,280,520,549,376,694,1015,910,562,265,28,0,5481,5481,318,472,422,406,692,924,901,723,515,102,6
전라남도 구례군 문척면(4673031000),1282,1282,38,60,88,43,119,249,280,199,178,27,1,645,645,22,35,54,17,71,137,159,80,67,3,0,637,637,16,25,34,26,48,112,121,119,111,24,1
전라남도 구례군 간전면(4673032000),1484,1484,37,68,78,71,135,267,324,265,213,26,0,722,722,15,27,38,39,82,161,165,117,71,7,0,762,762,22,41,40,32,53,106,159,148,142,19,0
전라남도 구례군 토지면(4673033000),2500,2500,44,130,155,94,220,500,626,367,312,52,0,1229,1229,23,69,90,52,121,279,324,157,101,13,0,1271,1271,21,61,65,42,99,221,302,210,211,39,0
전라남도 구례군 마산면(4673034000),2586,2586,92,170,184,130,293,449,525,395,295,50,3,1264,1264,45,101,95,70,161,266,252,177,85,11,1,1322,1322,47,69,89,60,132,183,273,218,210,39,2
전라남도 구례군 광의면(4673035000),2263,2263,71,108,99,110,178,342,502,427,371,54,1,1070,1070,28,57,56,63,107,201,255,179,116,8,0,1193,1193,43,51,43,47,71,141,247,248,255,46,1
전라남도 구례군 용방면(4673036000),1417,1417,31,43,93,79,137,226,286,268,220,34,0,677,677,16,25,52,44,74,128,144,114,72,8,0,740,740,15,18,41,35,63,98,142,154,148,26,0
전라남도 구례군 산동면(4673037000),2974,2974,92,159,178,141,256,554,636,503,410,44,1,1456,1456,44,76,110,75,149,326,326,218,122,10,0,1518,1518,48,83,68,66,107,228,310,285,288,34,1
전라남도 고흥군 (4677000000),62530,62530,2327,3608,3785,3308,5943,9951,13063,11238,7858,1405,44,30474,30474,1155,1949,2217,1764,3433,5653,6577,4923,2508,288,7,32056,32056,1172,1659,1568,1544,2510,4298,6486,6315,5350,1117,37
전라남도 고흥군 고흥읍(4677025000),12519,12519,966,1406,1233,1099,1826,2030,1884,1259,669,137,10,6143,6143,479,749,699,514,923,1081,875,575,221,25,2,6376,6376,487,657,534,585,903,949,1009,684,448,112,8
전라남도 고흥군 도양읍(4677025300),9479,9479,447,698,682,635,1094,1645,1923,1499,727,124,5,4650,4650,214,376,385,327,566,906,943,650,261,21,1,4829,4829,233,322,297,308,528,739,980,849,466,103,4
전라남도 고흥군 도양읍소록출장소(4677025400),597,597,29,24,13,29,35,31,81,174,153,28,0,301,301,15,14,5,15,16,17,45,88,76,10,0,296,296,14,10,8,14,19,14,36,86,77,18,0
전라남도 고흥군 도양읍시산출장소(4677025500),225,225,2,10,7,16,34,42,33,39,38,4,0,118,118,1,5,5,12,29,26,18,14,8,0,0,107,107,1,5,2,4,5,16,15,25,30,4,0
전라남도 고흥군 풍양면(4677031000),3072,3072,57,87,115,122,221,446,713,699,513,97,2,1527,1527,31,48,77,77,161,281,376,292,164,20,0,1545,1545,26,39,38,45,60,165,337,407,349,77,2
전라남도 고흥군 도덕면(4677032000),2912,2912,65,111,148,119,219,478,630,571,471,99,1,1419,1419,27,58,80,79,134,288,345,249,140,18,1,1493,1493,38,53,68,40,85,190,285,322,331,81,0
전라남도 고흥군 금산면(4677033000),4238,4238,107,166,207,143,312,662,948,933,668,90,2,2070,2070,55,89,128,80,190,385,476,399,247,20,1,2168,2168,52,77,79,63,122,277,472,534,421,70,1
전라남도 고흥군 도화면(4677034000),3791,3791,80,157,170,151,297,609,860,796,565,98,8,1838,1838,31,77,102,93,186,343,432,377,180,17,0,1953,1953,49,80,68,58,111,266,428,419,385,81,8
전라남도 고흥군 포두면(4677035000),4807,4807,105,210,215,179,391,812,1056,992,721,123,3,2331,2331,44,118,136,102,243,470,524,403,264,27,0,2476,2476,61,92,79,77,148,342,532,589,457,96,3
전라남도 고흥군 봉래면(4677036000),1835,1835,52,74,73,59,147,270,434,389,282,54,1,896,896,28,35,40,31,105,165,219,179,79,14,1,939,939,24,39,33,28,42,105,215,210,203,40,0
전라남도 고흥군 점암면(4677037000),2660,2660,35,91,111,84,193,409,636,561,433,107,0,1263,1263,11,48,77,45,128,237,323,257,120,17,0,1397,1397,24,43,34,39,65,172,313,304,313,90,0
전라남도 고흥군 과역면(4677038000),3248,3248,74,107,194,130,234,544,748,607,519,86,5,1559,1559,42,68,105,75,153,301,387,253,153,22,0,1689,1689,32,39,89,55,81,243,361,354,366,64,5
전라남도 고흥군 남양면(4677039000),2256,2256,47,97,109,101,150,338,592,459,307,56,0,1068,1068,30,51,66,49,89,197,307,184,91,4,0,1188,1188,17,46,43,52,61,141,285,275,216,52,0
전라남도 고흥군 동강면(4677040000),3061,3061,91,110,192,156,251,456,711,563,437,90,4,1501,1501,50,63,110,88,159,267,360,261,115,28,0,1560,1560,41,47,82,68,92,189,351,302,322,62,4
전라남도 고흥군 대서면(4677041000),2212,2212,60,69,98,89,127,339,552,422,407,49,0,1082,1082,35,41,67,54,92,191,299,184,109,10,0,1130,1130,25,28,31,35,35,148,253,238,298,39,0
전라남도 고흥군 두원면(4677042000),2958,2958,56,99,116,79,208,411,630,700,555,101,3,1404,1404,34,53,71,46,128,252,317,304,178,20,1,1554,1554,22,46,45,33,80,159,313,396,377,81,2
전라남도 고흥군 영남면(4677044000),1230,1230,29,36,42,52,78,194,279,294,190,36,0,584,584,15,22,24,34,52,110,140,127,51,9,0,646,646,14,14,18,18,26,84,139,167,139,27,0
전라남도 고흥군 동일면(4677045000),1430,1430,25,56,60,65,126,235,353,281,203,26,0,720,720,13,34,40,43,79,136,191,127,51,6,0,710,710,12,22,20,22,47,99,162,154,152,20,0
전라남도 보성군 (4678000000),39183,39183,1488,2428,2649,2246,3844,6489,7838,6365,4976,836,24,19127,19127,775,1242,1521,1197,2175,3651,4036,2773,1580,173,4,20056,20056,713,1186,1128,1049,1669,2838,3802,3592,3396,663,20
전라남도 보성군 보성읍(4678025000),8818,8818,584,814,835,765,1133,1504,1424,975,677,105,2,4309,4309,308,394,446,391,566,804,703,434,242,21,0,4509,4509,276,420,389,374,567,700,721,541,435,84,2
전라남도 보성군 벌교읍(4678025300),11404,11404,444,776,759,640,1157,1838,2286,1974,1295,224,11,5551,5551,230,405,434,328,665,1033,1130,865,418,40,3,5853,5853,214,371,325,312,492,805,1156,1109,877,184,8
전라남도 보성군 노동면(4678031000),1080,1080,21,40,56,41,81,167,230,191,210,41,2,521,521,10,24,32,24,55,102,131,88,46,9,0,559,559,11,16,24,17,26,65,99,103,164,32,2
전라남도 보성군 미력면(4678032000),1391,1391,30,54,80,71,108,236,307,247,223,34,1,688,688,14,33,45,43,64,149,172,97,68,3,0,703,703,16,21,35,28,44,87,135,150,155,31,1
전라남도 보성군 겸백면(4678033000),1134,1134,25,41,55,42,95,186,227,206,222,34,1,552,552,12,23,32,19,56,111,127,95,63,14,0,582,582,13,18,23,23,39,75,100,111,159,20,1
전라남도 보성군 율어면(4678034000),1176,1176,31,67,54,52,107,188,226,203,219,28,1,584,584,22,34,34,32,70,115,124,80,67,6,0,592,592,9,33,20,20,37,73,102,123,152,22,1
전라남도 보성군 복내면(4678035000),1619,1619,50,63,93,60,110,264,359,303,273,44,0,770,770,17,36,51,29,68,153,205,130,72,9,0,849,849,33,27,42,31,42,111,154,173,201,35,0
전라남도 보성군 문덕면(4678036000),921,921,16,56,53,28,82,157,209,150,148,21,1,471,471,7,24,32,19,53,98,116,71,46,5,0,450,450,9,32,21,9,29,59,93,79,102,16,1
전라남도 보성군 조성면(4678037000),3627,3627,100,153,205,164,315,573,783,699,545,88,2,1745,1745,58,77,132,88,198,324,380,298,171,18,1,1882,1882,42,76,73,76,117,249,403,401,374,70,1
전라남도 보성군 득량면(4678038000),2716,2716,49,125,121,123,228,445,618,490,429,87,1,1332,1332,21,68,74,70,136,274,324,210,137,18,0,1384,1384,28,57,47,53,92,171,294,280,292,69,1
전라남도 보성군 득량면예당출장소(4678038500),1227,1227,39,67,86,76,126,202,261,202,146,22,0,595,595,27,32,55,42,71,95,131,95,46,1,0,632,632,12,35,31,34,55,107,130,107,100,21,0
전라남도 보성군 회천면(4678039000),2999,2999,75,141,186,132,234,561,681,525,394,69,1,1488,1488,37,72,116,78,134,296,375,226,137,17,0,1511,1511,38,69,70,54,100,265,306,299,257,52,1
전라남도 보성군 웅치면(4678040000),1071,1071,24,31,66,52,68,168,227,200,195,39,1,521,521,12,20,38,34,39,97,118,84,67,12,0,550,550,12,11,28,18,29,71,109,116,128,27,1
전라남도 화순군 (4679000000),62601,62601,3149,5437,6688,4593,7859,11463,10352,7168,5123,746,23,30927,30927,1596,2843,3598,2365,3991,6221,5479,3093,1567,173,1,31674,31674,1553,2594,3090,2228,3868,5242,4873,4075,3556,573,22
전라남도 화순군 화순읍(4679025000),39795,39795,2620,4509,5238,3500,6051,7385,5121,3263,1835,256,17,19507,19507,1329,2358,2779,1750,2890,3819,2536,1378,608,59,1,20288,20288,1291,2151,2459,1750,3161,3566,2585,1885,1227,197,16
전라남도 화순군 한천면(4679031000),916,916,18,33,60,38,96,164,191,189,118,8,1,472,472,7,20,36,22,64,96,105,87,35,0,0,444,444,11,13,24,16,32,68,86,102,83,8,1
전라남도 화순군 한천면영외출장소(4679031500),418,418,9,13,9,12,40,68,95,99,66,7,0,200,200,2,9,6,7,22,45,49,39,20,1,0,218,218,7,4,3,5,18,23,46,60,46,6,0
전라남도 화순군 춘양면(4679032000),1764,1764,25,65,107,75,123,295,406,312,308,48,0,904,904,15,33,59,40,81,183,240,144,94,15,0,860,860,10,32,48,35,42,112,166,168,214,33,0
전라남도 화순군 청풍면(4679033000),1033,1033,19,23,45,34,57,190,231,188,218,28,0,506,506,8,9,26,19,44,116,140,78,58,8,0,527,527,11,14,19,15,13,74,91,110,160,20,0
전라남도 화순군 이양면(4679034000),1779,1779,32,45,98,75,125,292,411,330,314,56,1,869,869,17,24,53,44,72,186,231,153,80,9,0,910,910,15,21,45,31,53,106,180,177,234,47,1
전라남도 화순군 능주면(4679035000),3129,3129,112,226,240,187,319,501,712,463,322,47,0,1544,1544,54,108,139,106,181,280,376,195,96,9,0,1585,1585,58,118,101,81,138,221,336,268,226,38,0
전라남도 화순군 도곡면(4679036000),2842,2842,71,113,197,158,263,536,656,418,361,68,1,1420,1420,31,65,112,93,155,308,353,196,90,17,0,1422,1422,40,48,85,65,108,228,303,222,271,51,1
전라남도 화순군 도암면(4679037000),1430,1430,30,66,70,45,99,249,330,262,248,30,1,734,734,14,35,40,29,58,157,191,109,95,6,0,696,696,16,31,30,16,41,92,139,153,153,24,1
전라남도 화순군 이서면(4679038000),950,950,17,31,58,47,64,190,216,170,137,20,0,491,491,7,15,38,22,42,108,127,79,45,8,0,459,459,10,16,20,25,22,82,89,91,92,12,0
전라남도 화순군 백아면(4679039500),1573,1573,32,63,73,72,94,271,389,305,235,39,0,789,789,21,29,48,37,65,167,223,125,66,8,0,784,784,11,34,25,35,29,104,166,180,169,31,0
전라남도 화순군 동복면(4679040000),1587,1587,28,54,109,61,105,293,341,305,250,41,0,756,756,14,26,59,38,59,163,202,118,69,8,0,831,831,14,28,50,23,46,130,139,187,181,33,0
전라남도 화순군 사평면(4679041500),2119,2119,48,51,136,110,150,393,503,366,313,48,1,1071,1071,30,30,73,62,100,232,276,158,99,11,0,1048,1048,18,21,63,48,50,161,227,208,214,37,1
전라남도 화순군 동면(4679042000),3266,3266,88,145,248,179,273,636,750,498,398,50,1,1664,1664,47,82,130,96,158,361,430,234,112,14,0,1602,1602,41,63,118,83,115,275,320,264,286,36,1
전라남도 장흥군 (4680000000),36236,36236,1732,2566,2803,2432,3789,6109,6753,5288,4069,681,14,17654,17654,854,1361,1581,1291,2094,3381,3354,2342,1255,138,3,18582,18582,878,1205,1222,1141,1695,2728,3399,2946,2814,543,11
전라남도 장흥군 장흥읍(4680025000),14800,14800,1146,1499,1508,1382,2009,2482,2189,1478,939,165,3,7233,7233,558,785,831,698,1003,1323,1041,668,296,30,0,7567,7567,588,714,677,684,1006,1159,1148,810,643,135,3
전라남도 장흥군 관산읍(4680025300),4787,4787,128,270,297,247,408,769,1027,882,653,102,4,2318,2318,71,154,178,132,236,420,517,381,205,23,1,2469,2469,57,116,119,115,172,349,510,501,448,79,3
전라남도 장흥군 대덕읍(4680025600),3260,3260,107,195,197,161,282,573,675,549,450,71,0,1563,1563,37,105,109,86,177,329,326,245,133,16,0,1697,1697,70,90,88,75,105,244,349,304,317,55,0
전라남도 장흥군 용산면(4680031000),2289,2289,73,102,126,125,197,333,525,393,348,66,1,1119,1119,42,52,76,71,126,192,276,175,98,11,0,1170,1170,31,50,50,54,71,141,249,218,250,55,1
전라남도 장흥군 안양면(4680032000),2748,2748,70,119,179,150,237,465,590,472,374,89,3,1339,1339,44,69,97,93,138,264,301,204,115,14,0,1409,1409,26,50,82,57,99,201,289,268,259,75,3
전라남도 장흥군 장동면(4680033000),1203,1203,33,46,60,62,84,197,268,196,223,33,1,582,582,12,24,32,37,54,121,141,88,66,6,1,621,621,21,22,28,25,30,76,127,108,157,27,0
전라남도 장흥군 장평면(4680034000),2055,2055,40,87,127,84,140,374,406,373,377,46,1,983,983,19,38,72,51,96,212,214,162,107,12,0,1072,1072,21,49,55,33,44,162,192,211,270,34,1
전라남도 장흥군 유치면(4680035000),1009,1009,12,22,54,37,80,232,249,176,127,20,0,508,508,3,14,30,21,49,138,133,80,34,6,0,501,501,9,8,24,16,31,94,116,96,93,14,0
전라남도 장흥군 부산면(4680036000),1392,1392,29,64,84,48,111,256,242,252,249,56,1,688,688,18,31,43,26,66,159,134,110,86,14,1,704,704,11,33,41,22,45,97,108,142,163,42,0
전라남도 장흥군 회진면(4680037000),2693,2693,94,162,171,136,241,428,582,517,329,33,0,1321,1321,50,89,113,76,149,223,271,229,115,6,0,1372,1372,44,73,58,60,92,205,311,288,214,27,0
전라남도 강진군 (4681000000),33503,33503,1483,2361,2605,2195,3492,5492,6522,4959,3761,620,13,16256,16256,737,1217,1482,1133,1914,3005,3298,2163,1193,107,7,17247,17247,746,1144,1123,1062,1578,2487,3224,2796,2568,513,6
전라남도 강진군 강진읍(4681025000),13096,13096,837,1274,1398,1134,1733,2168,2124,1429,862,136,1,6319,6319,425,627,770,572,859,1098,1041,627,274,25,1,6777,6777,412,647,628,562,874,1070,1083,802,588,111,0
전라남도 강진군 군동면(4681031000),4381,4381,234,328,345,327,460,719,811,580,497,78,2,2114,2114,117,185,193,168,242,380,438,233,145,13,0,2267,2267,117,143,152,159,218,339,373,347,352,65,2
전라남도 강진군 칠량면(4681032000),2233,2233,51,109,129,98,181,369,492,401,351,50,2,1085,1085,28,49,76,49,121,200,257,173,123,8,1,1148,1148,23,60,53,49,60,169,235,228,228,42,1
전라남도 강진군 대구면(4681033000),1111,1111,23,43,48,56,89,182,259,222,155,33,1,539,539,7,22,30,33,59,111,123,102,48,4,0,572,572,16,21,18,23,30,71,136,120,107,29,1
전라남도 강진군 도암면(4681034000),2421,2421,51,128,108,99,167,363,572,477,380,75,1,1176,1176,27,71,64,57,103,217,293,209,123,11,1,1245,1245,24,57,44,42,64,146,279,268,257,64,0
전라남도 강진군 신전면(4681035000),1756,1756,65,86,66,72,155,273,416,323,264,36,0,857,857,27,42,43,37,101,152,214,151,86,4,0,899,899,38,44,23,35,54,121,202,172,178,32,0
전라남도 강진군 성전면(4681036000),2752,2752,84,117,171,161,233,412,623,500,383,67,1,1352,1352,42,57,106,91,133,241,321,229,118,13,1,1400,1400,42,60,65,70,100,171,302,271,265,54,0
전라남도 강진군 작천면(4681037000),1794,1794,31,63,104,71,124,312,387,330,328,42,2,883,883,20,36,62,41,78,195,202,136,104,8,1,911,911,11,27,42,30,46,117,185,194,224,34,1
전라남도 강진군 병영면(4681038000),1596,1596,34,82,93,54,135,280,345,280,240,50,3,758,758,13,48,52,29,83,162,170,114,74,11,2,838,838,21,34,41,25,52,118,175,166,166,39,1
전라남도 강진군 옴천면(4681039000),612,612,10,45,41,18,42,101,106,116,109,24,0,306,306,5,27,24,4,32,66,57,55,30,6,0,306,306,5,18,17,14,10,35,49,61,79,18,0
전라남도 강진군 마량면(4681040000),1751,1751,63,86,102,105,173,313,387,301,192,29,0,867,867,26,53,62,52,103,183,182,134,68,4,0,884,884,37,33,40,53,70,130,205,167,124,25,0
전라남도 해남군 (4682000000),66855,66855,3512,4917,5294,4413,7615,11253,12770,9767,6345,943,26,33195,33195,1794,2506,3025,2380,4194,6335,6464,4311,2011,174,1,33660,33660,1718,2411,2269,2033,3421,4918,6306,5456,4334,769,25
전라남도 해남군 해남읍(4682025000),24437,24437,2082,2816,2740,2282,3773,4118,3392,2030,1051,150,3,12028,12028,1054,1422,1498,1130,1800,2174,1664,914,341,31,0,12409,12409,1028,1394,1242,1152,1973,1944,1728,1116,710,119,3
전라남도 해남군 삼산면(4682031000),2877,2877,80,134,205,153,252,523,639,524,311,54,2,1454,1454,41,71,119,98,152,292,333,230,105,13,0,1423,1423,39,63,86,55,100,231,306,294,206,41,2
전라남도 해남군 화산면(4682032000),3098,3098,109,112,176,174,265,504,685,625,403,44,1,1551,1551,60,52,93,113,175,301,342,277,128,10,0,1547,1547,49,60,83,61,90,203,343,348,275,34,1
전라남도 해남군 현산면(4682033000),2775,2775,69,115,159,113,210,482,651,551,371,51,3,1383,1383,37,65,103,71,126,278,338,239,120,6,0,1392,1392,32,50,56,42,84,204,313,312,251,45,3
전라남도 해남군 송지면(4682034000),5960,5960,256,337,412,352,600,1024,1276,959,663,78,3,2944,2944,127,172,250,215,349,564,614,431,214,8,0,3016,3016,129,165,162,137,251,460,662,528,449,70,3
전라남도 해남군 북평면(4682035000),2725,2725,77,154,167,106,227,453,583,545,368,44,1,1328,1328,38,75,101,55,137,261,290,238,120,12,1,1397,1397,39,79,66,51,90,192,293,307,248,32,0
전라남도 해남군 북일면(4682036000),2012,2012,76,85,115,70,160,335,417,401,306,47,0,966,966,47,43,62,36,99,197,220,155,103,4,0,1046,1046,29,42,53,34,61,138,197,246,203,43,0
전라남도 해남군 옥천면(4682037000),2901,2901,72,138,172,125,270,507,592,524,425,72,4,1462,1462,40,78,93,77,164,296,324,236,137,17,0,1439,1439,32,60,79,48,106,211,268,288,288,55,4
전라남도 해남군 계곡면(4682038000),2099,2099,65,82,71,91,194,296,479,373,390,56,2,997,997,28,45,46,44,120,174,241,170,115,14,0,1102,1102,37,37,25,47,74,122,238,203,275,42,2
전라남도 해남군 마산면(4682039000),2334,2334,57,128,123,95,211,397,476,443,338,65,1,1182,1182,34,71,79,57,141,252,241,187,106,14,0,1152,1152,23,57,44,38,70,145,235,256,232,51,1
전라남도 해남군 황산면(4682040000),4621,4621,156,230,259,249,378,762,1146,830,537,74,0,2283,2283,77,122,164,147,230,422,577,370,162,12,0,2338,2338,79,108,95,102,148,340,569,460,375,62,0
전라남도 해남군 산이면(4682041000),3638,3638,160,183,205,219,375,588,765,671,398,73,1,1859,1859,81,88,121,116,259,361,417,282,128,6,0,1779,1779,79,95,84,103,116,227,348,389,270,67,1
전라남도 해남군 문내면(4682042000),3924,3924,151,228,237,214,346,656,884,710,424,72,2,1969,1969,79,118,151,113,211,384,435,334,130,14,0,1955,1955,72,110,86,101,135,272,449,376,294,58,2
전라남도 해남군 화원면(4682043000),3454,3454,102,175,253,170,354,608,785,581,360,63,3,1789,1789,51,84,145,108,231,379,428,248,102,13,0,1665,1665,51,91,108,62,123,229,357,333,258,50,3
전라남도 영암군 (4683000000),53103,53103,3123,4241,4898,4324,7257,9538,8735,6119,4239,618,11,27634,27634,1590,2231,2916,2342,4338,5506,4583,2677,1324,126,1,25469,25469,1533,2010,1982,1982,2919,4032,4152,3442,2915,492,10
전라남도 영암군 영암읍(4683025000),7926,7926,507,741,810,596,1036,1373,1320,900,529,112,2,3925,3925,269,377,459,309,548,708,670,390,170,25,0,4001,4001,238,364,351,287,488,665,650,510,359,87,2
전라남도 영암군 삼호읍(4683025300),15258,15258,1429,1797,1663,1733,2915,2672,1709,889,407,43,1,8164,8164,688,944,925,856,1736,1567,904,417,121,6,0,7094,7094,741,853,738,877,1179,1105,805,472,286,37,1
전라남도 영암군 삼호읍서부출장소(4683025400),6435,6435,469,656,883,764,1241,1444,590,239,123,26,0,3806,3806,240,345,577,468,791,885,356,105,35,4,0,2629,2629,229,311,306,296,450,559,234,134,88,22,0
전라남도 영암군 덕진면(4683031000),1817,1817,65,84,103,105,157,320,364,301,271,47,0,910,910,38,43,63,71,96,199,185,124,80,11,0,907,907,27,41,40,34,61,121,179,177,191,36,0
전라남도 영암군 금정면(4683032000),2045,2045,38,53,118,80,168,402,471,374,293,46,2,1033,1033,16,31,72,43,95,241,276,170,81,8,0,1012,1012,22,22,46,37,73,161,195,204,212,38,2
전라남도 영암군 신북면(4683033000),3665,3665,87,174,244,191,355,639,839,642,436,58,0,1840,1840,42,93,170,108,211,346,433,279,143,15,0,1825,1825,45,81,74,83,144,293,406,363,293,43,0
전라남도 영암군 시종면(4683034000),3438,3438,112,119,202,191,304,576,795,609,468,62,0,1761,1761,66,67,138,112,201,359,403,266,139,10,0,1677,1677,46,52,64,79,103,217,392,343,329,52,0
전라남도 영암군 도포면(4683035000),2246,2246,66,100,172,124,182,418,470,379,307,27,1,1153,1153,44,64,101,81,110,240,246,166,94,7,0,1093,1093,22,36,71,43,72,178,224,213,213,20,1
전라남도 영암군 군서면(4683036000),3198,3198,95,175,219,174,283,523,647,592,427,61,2,1559,1559,57,102,132,94,166,304,328,240,123,12,1,1639,1639,38,73,87,80,117,219,319,352,304,49,1
전라남도 영암군 서호면(4683037000),1904,1904,65,74,109,93,146,298,412,361,300,46,0,923,923,28,40,68,52,90,174,215,150,100,6,0,981,981,37,34,41,41,56,124,197,211,200,40,0
전라남도 영암군 학산면(4683038000),2958,2958,132,176,236,153,271,493,622,457,362,54,2,1439,1439,75,79,130,73,160,273,308,202,125,14,0,1519,1519,57,97,106,80,111,220,314,255,237,40,2
전라남도 영암군 미암면(4683039000),2213,2213,58,92,139,120,199,380,496,376,316,36,1,1121,1121,27,46,81,75,134,210,259,168,113,8,0,1092,1092,31,46,58,45,65,170,237,208,203,28,1
전라남도 무안군 (4684000000),90876,90876,7965,9769,9370,10897,14589,13537,11676,7826,4596,632,19,45706,45706,4121,4947,5050,5501,7624,7425,5906,3612,1418,101,1,45170,45170,3844,4822,4320,5396,6965,6112,5770,4214,3178,531,18
전라남도 무안군 무안읍(4684025000),10895,10895,709,1105,1289,937,1538,1926,1677,1097,553,63,1,5438,5438,374,573,731,492,779,1018,809,480,173,9,0,5457,5457,335,532,558,445,759,908,868,617,380,54,1
전라남도 무안군 일로읍(4684025300),16357,16357,2466,1757,1099,2659,2825,1943,1682,1142,680,101,3,8182,8182,1286,860,602,1261,1550,1053,829,521,205,15,0,8175,8175,1180,897,497,1398,1275,890,853,621,475,86,3
전라남도 무안군 삼향읍(4684025600),5397,5397,155,278,457,341,552,1072,1252,767,450,69,4,2859,2859,75,134,257,201,328,635,694,379,149,7,0,2538,2538,80,144,200,140,224,437,558,388,301,62,4
전라남도 무안군 삼향읍남악출장소(4684025800),34803,34803,4117,5502,4649,5695,7520,4377,1872,753,280,38,0,17239,17239,2114,2797,2361,2772,3621,2254,883,344,85,8,0,17564,17564,2003,2705,2288,2923,3899,2123,989,409,195,30,0
전라남도 무안군 몽탄면(4684032000),3066,3066,39,120,228,135,256,565,655,548,456,64,0,1527,1527,19,63,138,79,162,326,345,257,126,12,0,1539,1539,20,57,90,56,94,239,310,291,330,52,0
전라남도 무안군 청계면(4684033000),6301,6301,170,401,709,414,686,1100,1273,889,564,90,5,3268,3268,91,208,407,247,404,635,653,423,186,14,0,3033,3033,79,193,302,167,282,465,620,466,378,76,5
전라남도 무안군 현경면(4684034000),4524,4524,92,168,303,237,361,845,1047,867,531,73,0,2312,2312,50,75,179,150,246,513,539,392,156,12,0,2212,2212,42,93,124,87,115,332,508,475,375,61,0
전라남도 무안군 망운면(4684035000),1901,1901,49,79,121,117,176,331,458,353,182,33,2,989,989,27,43,64,70,114,198,240,166,62,5,0,912,912,22,36,57,47,62,133,218,187,120,28,2
전라남도 무안군 해제면(4684036000),4795,4795,112,192,314,221,423,824,1093,920,622,71,3,2439,2439,60,107,207,131,269,464,565,428,196,12,0,2356,2356,52,85,107,90,154,360,528,492,426,59,3
전라남도 무안군 운남면(4684037000),2837,2837,56,167,201,141,252,554,667,490,278,30,1,1453,1453,25,87,104,98,151,329,349,222,80,7,1,1384,1384,31,80,97,43,101,225,318,268,198,23,0
전라남도 함평군 (4686000000),31090,31090,1154,1990,2277,1779,3253,5305,6237,4838,3707,535,15,15660,15660,598,1073,1331,979,1918,3110,3321,2067,1148,115,0,15430,15430,556,917,946,800,1335,2195,2916,2771,2559,420,15
전라남도 함평군 함평읍(4686025000),8203,8203,460,766,739,589,1095,1370,1334,1010,736,104,0,4043,4043,232,418,415,287,576,759,675,424,239,18,0,4160,4160,228,348,324,302,519,611,659,586,497,86,0
전라남도 함평군 손불면(4686031000),3318,3318,118,170,185,141,327,554,674,644,448,56,1,1683,1683,57,87,105,90,221,330,367,260,155,11,0,1635,1635,61,83,80,51,106,224,307,384,293,45,1
전라남도 함평군 신광면(4686032000),1769,1769,57,59,101,103,148,283,418,316,242,42,0,877,877,32,26,54,60,104,157,210,147,75,12,0,892,892,25,33,47,43,44,126,208,169,167,30,0
전라남도 함평군 학교면(4686033000),3655,3655,111,192,225,196,346,588,806,600,508,80,3,1841,1841,59,104,139,111,214,354,436,256,153,15,0,1814,1814,52,88,86,85,132,234,370,344,355,65,3
전라남도 함평군 엄다면(4686034000),1863,1863,46,82,127,83,167,343,385,306,285,38,1,916,916,20,44,82,54,105,196,206,125,75,9,0,947,947,26,38,45,29,62,147,179,181,210,29,1
전라남도 함평군 대동면(4686035000),3087,3087,78,260,232,157,254,566,595,501,376,65,3,1597,1597,42,147,145,93,143,345,316,226,127,13,0,1490,1490,36,113,87,64,111,221,279,275,249,52,3
전라남도 함평군 나산면(4686036000),2781,2781,86,113,172,156,249,455,682,440,370,57,1,1382,1382,43,62,98,83,144,272,382,192,100,6,0,1399,1399,43,51,74,73,105,183,300,248,270,51,1
전라남도 함평군 해보면(4686037000),2752,2752,77,133,227,156,276,502,614,402,323,41,1,1397,1397,44,66,125,81,150,299,339,179,103,11,0,1355,1355,33,67,102,75,126,203,275,223,220,30,1
전라남도 함평군 월야면(4686038000),3662,3662,121,215,269,198,391,644,729,619,419,52,5,1924,1924,69,119,168,120,261,398,390,258,121,20,0,1738,1738,52,96,101,78,130,246,339,361,298,32,5
전라남도 영광군 (4687000000),51973,51973,3578,3921,4643,4528,6246,8444,8752,6851,4436,549,25,25948,25948,1787,2034,2633,2325,3466,4717,4487,2989,1393,117,0,26025,26025,1791,1887,2010,2203,2780,3727,4265,3862,3043,432,25
전라남도 영광군 영광읍(4687025000),21878,21878,2042,2323,2346,2266,3268,3546,2978,1939,1038,124,8,10763,10763,1033,1188,1252,1107,1631,1841,1464,877,344,26,0,11115,11115,1009,1135,1094,1159,1637,1705,1514,1062,694,98,8
전라남도 영광군 백수읍(4687025300),4577,4577,177,205,323,257,397,778,895,837,622,82,4,2267,2267,84,111,191,152,249,464,457,342,197,20,0,2310,2310,93,94,132,105,148,314,438,495,425,62,4
전라남도 영광군 홍농읍(4687025600),6542,6542,565,488,747,798,825,1099,905,671,397,46,1,3441,3441,286,240,457,441,471,636,477,299,129,5,0,3101,3101,279,248,290,357,354,463,428,372,268,41,1
전라남도 영광군 대마면(4687031000),1705,1705,77,80,140,137,150,266,336,277,206,34,2,896,896,35,54,81,78,101,164,192,119,64,8,0,809,809,42,26,59,59,49,102,144,158,142,26,2
전라남도 영광군 묘량면(4687032000),1737,1737,88,69,109,121,145,271,359,287,259,28,1,864,864,50,38,62,52,93,152,198,128,81,10,0,873,873,38,31,47,69,52,119,161,159,178,18,1
전라남도 영광군 불갑면(4687033000),1343,1343,66,51,89,99,97,217,299,246,157,22,0,668,668,28,23,51,48,59,130,151,115,58,5,0,675,675,38,28,38,51,38,87,148,131,99,17,0
전라남도 영광군 군서면(4687034000),2283,2283,76,148,165,121,228,385,419,395,302,40,4,1157,1157,35,82,104,71,138,248,219,156,97,7,0,1126,1126,41,66,61,50,90,137,200,239,205,33,4
전라남도 영광군 군남면(4687035000),2334,2334,75,81,103,111,178,324,469,483,461,49,0,1117,1117,39,48,58,59,108,196,253,195,151,10,0,1217,1217,36,33,45,52,70,128,216,288,310,39,0
전라남도 영광군 염산면(4687036000),3912,3912,125,150,202,206,340,619,952,817,439,60,2,1913,1913,56,77,121,107,231,350,474,368,113,16,0,1999,1999,69,73,81,99,109,269,478,449,326,44,2
전라남도 영광군 법성면(4687037000),5089,5089,260,312,389,381,534,833,975,818,523,61,3,2509,2509,126,165,236,190,325,459,504,346,148,10,0,2580,2580,134,147,153,191,209,374,471,472,375,51,3
전라남도 영광군 낙월면(4687038000),379,379,16,11,21,23,58,76,105,45,22,2,0,239,239,8,6,14,16,43,57,62,25,8,0,0,140,140,8,5,7,7,15,19,43,20,14,2,0
전라남도 영광군 낙월면안마출장소(4687038500),194,194,11,3,9,8,26,30,60,36,10,1,0,114,114,7,2,6,4,17,20,36,19,3,0,0,80,80,4,1,3,4,9,10,24,17,7,1,0
전라남도 장성군 (4688000000),43239,43239,2370,3087,3776,3291,5229,7489,7767,5675,4005,532,18,22176,22176,1181,1605,2276,1787,2905,4288,4164,2545,1305,118,2,21063,21063,1189,1482,1500,1504,2324,3201,3603,3130,2700,414,16
전라남도 장성군 장성읍(4688025000),13300,13300,884,1234,1223,999,1905,2225,2098,1609,994,126,3,6588,6588,460,636,676,492,1003,1243,1037,711,307,23,0,6712,6712,424,598,547,507,902,982,1061,898,687,103,3
전라남도 장성군 진원면(4688031000),3623,3623,267,286,277,241,452,632,661,449,314,41,3,1845,1845,141,152,165,107,234,381,343,210,101,10,1,1778,1778,126,134,112,134,218,251,318,239,213,31,2
전라남도 장성군 남면(4688032000),3718,3718,129,160,371,309,406,685,780,497,333,48,0,2015,2015,62,80,217,202,263,391,435,245,107,13,0,1703,1703,67,80,154,107,143,294,345,252,226,35,0
전라남도 장성군 동화면(4688033000),1798,1798,43,73,113,113,178,350,387,273,232,34,2,950,950,19,33,76,76,111,207,226,117,75,10,0,848,848,24,40,37,37,67,143,161,156,157,24,2
전라남도 장성군 삼서면(4688034000),3116,3116,132,156,229,185,336,572,628,467,368,42,1,1672,1672,75,88,176,102,209,320,348,211,132,11,0,1444,1444,57,68,53,83,127,252,280,256,236,31,1
전라남도 장성군 삼계면(4688035000),5808,5808,552,559,706,763,784,848,695,496,369,33,3,3065,3065,255,290,450,425,425,499,395,198,117,11,0,2743,2743,297,269,256,338,359,349,300,298,252,22,3
전라남도 장성군 황룡면(4688036000),4015,4015,142,244,359,254,480,812,792,531,345,54,2,2040,2040,64,117,223,138,266,453,437,236,96,9,1,1975,1975,78,127,136,116,214,359,355,295,249,45,1
전라남도 장성군 서삼면(4688037000),1547,1547,61,90,115,102,164,275,318,231,163,28,0,805,805,32,48,61,64,93,160,174,107,58,8,0,742,742,29,42,54,38,71,115,144,124,105,20,0
전라남도 장성군 북일면(4688038000),1375,1375,38,57,94,72,91,220,324,243,204,30,2,691,691,13,32,60,43,48,132,173,102,82,6,0,684,684,25,25,34,29,43,88,151,141,122,24,2
전라남도 장성군 북이면(4688039000),2769,2769,68,143,175,134,234,456,566,496,444,51,2,1384,1384,35,83,107,71,136,264,304,228,145,11,0,1385,1385,33,60,68,63,98,192,262,268,299,40,2
전라남도 장성군 북하면(4688040000),2170,2170,54,85,114,119,199,414,518,383,239,45,0,1121,1121,25,46,65,67,117,238,292,180,85,6,0,1049,1049,29,39,49,52,82,176,226,203,154,39,0
전라남도 완도군 (4689000000),48314,48314,2814,3462,3464,3482,5894,7835,8772,7255,4669,652,15,24328,24328,1459,1810,2056,1860,3443,4421,4401,3244,1498,135,1,23986,23986,1355,1652,1408,1622,2451,3414,4371,4011,3171,517,14
전라남도 완도군 완도읍(4689025000),17819,17819,1335,1665,1744,1605,2582,3056,2914,1872,904,137,5,8958,8958,711,870,991,792,1351,1636,1425,858,291,33,0,8861,8861,624,795,753,813,1231,1420,1489,1014,613,104,5
전라남도 완도군 금일읍(4689025300),3610,3610,193,188,201,258,403,550,728,606,433,50,0,1820,1820,92,96,124,147,260,328,362,271,131,9,0,1790,1790,101,92,77,111,143,222,366,335,302,41,0
전라남도 완도군 노화읍(4689025600),4246,4246,275,398,263,314,575,626,661,630,435,69,0,2139,2139,134,212,162,174,340,355,345,272,136,9,0,2107,2107,141,186,101,140,235,271,316,358,299,60,0
전라남도 완도군 노화읍넙도출장소(4689029000),752,752,36,47,41,54,120,120,155,137,40,2,0,413,413,18,28,24,37,88,66,74,66,12,0,0,339,339,18,19,17,17,32,54,81,71,28,2,0
전라남도 완도군 군외면(4689031000),3131,3131,77,113,171,144,305,517,727,618,405,52,2,1583,1583,41,58,101,85,199,303,363,299,126,8,0,1548,1548,36,55,70,59,106,214,364,319,279,44,2
전라남도 완도군 신지면(4689032000),3312,3312,121,183,185,188,339,567,653,588,433,55,0,1694,1694,56,89,129,109,210,333,344,254,154,16,0,1618,1618,65,94,56,79,129,234,309,334,279,39,0
전라남도 완도군 고금면(4689033000),4141,4141,173,258,230,223,397,622,701,834,616,85,2,2030,2030,88,125,146,133,233,371,354,351,211,18,0,2111,2111,85,133,84,90,164,251,347,483,405,67,2
전라남도 완도군 약산면(4689034000),2245,2245,105,90,115,101,192,377,483,450,290,41,1,1145,1145,65,43,73,54,129,221,245,213,92,10,0,1100,1100,40,47,42,47,63,156,238,237,198,31,1
전라남도 완도군 청산면(4689035000),2068,2068,61,90,117,113,193,345,439,357,299,52,2,1012,1012,28,52,72,71,113,202,223,151,86,13,1,1056,1056,33,38,45,42,80,143,216,206,213,39,1
전라남도 완도군 청산면모도출장소(4689035500),214,214,3,7,11,3,21,34,43,44,39,8,1,112,112,2,4,10,2,15,22,24,22,11,0,0,102,102,1,3,1,1,6,12,19,22,28,8,1
전라남도 완도군 소안면(4689036000),2423,2423,130,133,120,159,259,335,479,461,304,43,0,1203,1203,66,71,70,87,177,198,234,180,108,12,0,1220,1220,64,62,50,72,82,137,245,281,196,31,0
전라남도 완도군 금당면(4689037000),951,951,37,43,64,57,93,158,164,177,138,20,0,469,469,18,23,37,31,60,91,88,76,41,4,0,482,482,19,20,27,26,33,67,76,101,97,16,0
전라남도 완도군 보길면(4689038000),2593,2593,231,218,145,211,330,398,464,335,234,26,1,1321,1321,119,120,82,110,205,222,234,160,67,2,0,1272,1272,112,98,63,101,125,176,230,175,167,24,1
전라남도 완도군 생일면(4689039000),809,809,37,29,57,52,85,130,161,146,99,12,1,429,429,21,19,35,28,63,73,86,71,32,1,0,380,380,16,10,22,24,22,57,75,75,67,11,1
전라남도 진도군 (4690000000),29914,29914,1520,2088,2340,2034,3391,4943,5555,4449,3161,421,12,14844,14844,739,1059,1388,1082,1964,2794,2844,1959,940,75,0,15070,15070,781,1029,952,952,1427,2149,2711,2490,2221,346,12
전라남도 진도군 진도읍(4690025000),10675,10675,809,1094,1172,1043,1562,1703,1584,1045,582,79,2,5250,5250,384,565,677,525,803,875,767,465,176,13,0,5425,5425,425,529,495,518,759,828,817,580,406,66,2
전라남도 진도군 군내면(4690031000),2958,2958,94,164,183,159,288,505,615,518,385,47,0,1500,1500,50,77,117,92,171,297,333,232,122,9,0,1458,1458,44,87,66,67,117,208,282,286,263,38,0
전라남도 진도군 고군면(4690032000),3536,3536,173,249,234,226,369,560,732,534,389,66,4,1736,1736,90,122,141,124,227,310,361,229,120,12,0,1800,1800,83,127,93,102,142,250,371,305,269,54,4
전라남도 진도군 의신면(4690033000),3436,3436,118,149,212,177,348,577,755,589,453,57,1,1767,1767,63,78,132,101,232,343,395,259,151,13,0,1669,1669,55,71,80,76,116,234,360,330,302,44,1
전라남도 진도군 임회면(4690034000),3397,3397,116,165,201,165,289,610,683,633,461,74,0,1652,1652,60,81,107,83,180,357,360,279,134,11,0,1745,1745,56,84,94,82,109,253,323,354,327,63,0
전라남도 진도군 지산면(4690035000),3034,3034,90,105,181,130,212,496,644,623,490,61,2,1454,1454,41,49,114,71,144,295,322,273,134,11,0,1580,1580,49,56,67,59,68,201,322,350,356,50,2
전라남도 진도군 조도면(4690036000),2243,2243,84,119,122,104,248,374,434,402,331,22,3,1152,1152,35,62,77,68,156,238,251,175,88,2,0,1091,1091,49,57,45,36,92,136,183,227,243,20,3
전라남도 진도군 조도면가사출장소(4690036500),262,262,13,4,17,10,30,45,48,46,42,7,0,140,140,7,4,8,8,21,29,29,24,7,3,0,122,122,6,0,9,2,9,16,19,22,35,4,0
전라남도 진도군 조도면거차출장소(4690036600),373,373,23,39,18,20,45,73,60,59,28,8,0,193,193,9,21,15,10,30,50,26,23,8,1,0,180,180,14,18,3,10,15,23,34,36,20,7,0
전라남도 신안군 (4691000000),38140,38140,1397,1926,2519,2421,4097,6867,8003,6119,4260,520,11,20467,20467,714,998,1554,1513,2711,4246,4448,2854,1326,99,4,17673,17673,683,928,965,908,1386,2621,3555,3265,2934,421,7
전라남도 신안군 지도읍(4691025000),4191,4191,132,209,278,234,422,743,927,694,490,61,1,2199,2199,78,102,172,145,268,446,516,311,149,11,1,1992,1992,54,107,106,89,154,297,411,383,341,50,0
전라남도 신안군 지도읍선도출장소(4691025100),228,228,4,6,13,10,12,43,58,39,41,2,0,121,121,2,3,10,7,7,30,37,14,11,0,0,107,107,2,3,3,3,5,13,21,25,30,2,0
전라남도 신안군 압해읍(4691025300),5642,5642,193,277,411,397,598,1066,1314,799,518,69,0,3076,3076,103,135,244,258,392,622,734,389,190,9,0,2566,2566,90,142,167,139,206,444,580,410,328,60,0
전라남도 신안군 압해읍매화출장소(4691025400),230,230,10,4,7,10,19,33,65,51,29,2,0,117,117,5,1,5,9,14,19,38,21,5,0,0,113,113,5,3,2,1,5,14,27,30,24,2,0
전라남도 신안군 압해읍고이도출장소(4691025500),214,214,12,7,7,13,15,30,48,49,29,4,0,122,122,7,5,5,11,12,21,24,24,11,2,0,92,92,5,2,2,2,3,9,24,25,18,2,0
전라남도 신안군 증도면(4691031000),1460,1460,37,42,84,77,177,300,279,252,194,17,1,803,803,16,23,56,54,129,194,155,110,64,2,0,657,657,21,19,28,23,48,106,124,142,130,15,1
전라남도 신안군 증도면병풍출장소(4691031500),304,304,12,10,20,15,28,64,65,57,31,2,0,174,174,5,10,10,13,18,47,33,26,12,0,0,130,130,7,0,10,2,10,17,32,31,19,2,0
전라남도 신안군 임자면(4691032000),3174,3174,146,227,225,191,397,591,597,498,282,20,0,1682,1682,70,118,140,107,269,355,321,220,80,2,0,1492,1492,76,109,85,84,128,236,276,278,202,18,0
전라남도 신안군 자은면(4691033000),2312,2312,78,91,131,136,210,432,524,396,290,24,0,1243,1243,45,50,80,92,140,253,277,185,114,7,0,1069,1069,33,41,51,44,70,179,247,211,176,17,0
전라남도 신안군 비금면(4691034000),3488,3488,120,200,197,216,386,630,728,582,374,55,0,1850,1850,61,100,110,135,244,401,400,275,116,8,0,1638,1638,59,100,87,81,142,229,328,307,258,47,0
전라남도 신안군 도초면(4691035000),2453,2453,109,203,155,153,275,363,455,391,317,32,0,1266,1266,57,92,101,98,163,217,255,186,86,11,0,1187,1187,52,111,54,55,112,146,200,205,231,21,0
전라남도 신안군 도초면우이도출장소(4691035500),222,222,9,5,8,12,25,64,50,29,17,3,0,131,131,7,3,4,5,19,43,29,19,2,0,0,91,91,2,2,4,7,6,21,21,10,15,3,0
전라남도 신안군 흑산면(4691036000),2158,2158,65,102,174,166,277,441,367,324,200,38,4,1230,1230,35,56,117,105,200,284,221,152,57,2,1,928,928,30,46,57,61,77,157,146,172,143,36,3
전라남도 신안군 흑산면가거도출장소(4691036500),405,405,13,18,43,40,72,91,68,32,27,1,0,257,257,8,11,31,33,51,68,34,13,8,0,0,148,148,5,7,12,7,21,23,34,19,19,1,0
전라남도 신안군 흑산면태도출장소(4691036600),187,187,11,15,10,14,21,33,33,29,19,2,0,109,109,5,10,6,9,17,23,23,12,3,1,0,78,78,6,5,4,5,4,10,10,17,16,1,0
전라남도 신안군 흑산면홍도출장소(4691036700),444,444,18,22,47,43,63,106,74,37,33,1,0,245,245,8,10,25,31,42,69,37,16,6,1,0,199,199,10,12,22,12,21,37,37,21,27,0,0
전라남도 신안군 흑산면대둔도출장소(4691036800),297,297,10,14,25,18,38,56,67,42,21,5,1,177,177,3,7,17,13,27,45,38,23,4,0,0,120,120,7,7,8,5,11,11,29,19,17,5,1
전라남도 신안군 하의면(4691037000),1681,1681,53,101,91,105,191,296,339,284,200,21,0,909,909,24,56,58,62,120,192,196,140,59,2,0,772,772,29,45,33,43,71,104,143,144,141,19,0
전라남도 신안군 신의면(4691038000),1516,1516,63,96,130,119,198,278,281,206,127,17,1,832,832,28,50,80,69,131,177,156,102,34,4,1,684,684,35,46,50,50,67,101,125,104,93,13,0
전라남도 신안군 장산면(4691039000),1523,1523,71,66,70,96,153,229,331,280,198,28,1,805,805,33,28,45,56,102,157,180,132,66,6,0,718,718,38,38,25,40,51,72,151,148,132,22,1
전라남도 신안군 안좌면(4691040000),2790,2790,112,107,208,171,246,448,586,480,371,60,1,1461,1461,58,65,128,94,164,279,331,213,115,14,0,1329,1329,54,42,80,77,82,169,255,267,256,46,1
전라남도 신안군 안좌면자라출장소(4691040500),292,292,17,9,21,27,26,49,65,43,32,3,0,157,157,9,6,13,16,17,25,36,24,9,2,0,135,135,8,3,8,11,9,24,29,19,23,1,0
전라남도 신안군 팔금면(4691041000),971,971,19,29,48,55,76,144,221,205,151,23,0,485,485,8,17,31,33,54,79,120,95,44,4,0,486,486,11,12,17,22,22,65,101,110,107,19,0
전라남도 신안군 암태면(4691042000),1958,1958,83,66,116,103,172,337,461,320,269,30,1,1016,1016,39,40,66,58,111,200,257,152,81,11,1,942,942,44,26,50,45,61,137,204,168,188,19,0
경상북도  (4700000000),2617552,2617552,173524,220753,270023,274694,375535,453992,437198,245698,144501,21069,565,1320018,1320018,89378,116029,153302,147453,195289,235656,218661,111564,48251,4374,61,1297534,1297534,84146,104724,116721,127241,180246,218336,218537,134134,96250,16695,504
경상북도 포항시 (4711000000),500947,500947,36288,45782,55175,56534,76433,88579,83596,39229,16879,2390,62,253898,253898,18801,24013,31864,30328,38621,44529,40945,18575,5783,431,8,247049,247049,17487,21769,23311,26206,37812,44050,42651,20654,11096,1959,54
경상북도 포항시 남구 (4711100000),229471,229471,15841,20840,25925,25359,35407,40680,38572,18382,7453,986,26,118860,118860,8160,10936,15565,13954,18406,21203,19057,8832,2582,163,2,110611,110611,7681,9904,10360,11405,17001,19477,19515,9550,4871,823,24
경상북도 포항시 남구 구룡포읍(4711125000),7248,7248,113,239,366,385,704,1294,1992,1276,779,98,2,3658,3658,52,140,227,235,434,737,1018,525,273,17,0,3590,3590,61,99,139,150,270,557,974,751,506,81,2
경상북도 포항시 남구 연일읍(4711125300),30053,30053,2041,3542,3423,2769,4933,5989,4676,1855,739,86,0,15286,15286,1068,1832,1958,1444,2393,3031,2355,955,236,14,0,14767,14767,973,1710,1465,1325,2540,2958,2321,900,503,72,0
경상북도 포항시 남구 오천읍(4711125600),56058,56058,5150,5923,6829,7671,10550,8846,6941,2767,1214,161,6,30015,30015,2641,3146,4155,4257,5722,4790,3570,1295,407,31,1,26043,26043,2509,2777,2674,3414,4828,4056,3371,1472,807,130,5
경상북도 포항시 남구 대송면(4711131000),3346,3346,62,123,231,242,289,620,974,522,234,47,2,1740,1740,29,67,142,142,177,340,519,252,69,3,0,1606,1606,33,56,89,100,112,280,455,270,165,44,2
경상북도 포항시 남구 동해면(4711132000),9692,9692,471,747,885,923,1186,1798,1906,1145,556,73,2,4875,4875,239,374,512,501,636,934,960,511,190,18,0,4817,4817,232,373,373,422,550,864,946,634,366,55,2
경상북도 포항시 남구 장기면(4711133000),4013,4013,56,122,164,188,288,663,1011,800,618,100,3,1966,1966,36,50,99,110,178,389,508,365,210,21,0,2047,2047,20,72,65,78,110,274,503,435,408,79,3
경상북도 포항시 남구 호미곶면(4711135000),1856,1856,31,62,99,74,183,301,457,372,242,35,0,920,920,15,38,66,45,125,173,241,146,70,1,0,936,936,16,24,33,29,58,128,216,226,172,34,0
경상북도 포항시 남구 상대동(4711152500),24567,24567,1033,1451,3126,2833,3301,4259,5165,2630,690,76,3,12803,12803,543,758,1833,1695,1833,2164,2373,1314,277,13,0,11764,11764,490,693,1293,1138,1468,2095,2792,1316,413,63,3
경상북도 포항시 남구 해도동(4711154500),17024,17024,532,757,1584,1531,2122,3240,4138,2353,692,74,1,8739,8739,268,390,953,934,1218,1678,1878,1128,281,11,0,8285,8285,264,367,631,597,904,1562,2260,1225,411,63,1
경상북도 포항시 남구 송도동(4711155000),12074,12074,371,626,945,903,1373,2134,3147,1821,672,81,1,6039,6039,207,327,526,540,746,1135,1426,868,246,18,0,6035,6035,164,299,419,363,627,999,1721,953,426,63,1
경상북도 포항시 남구 청림동(4711156000),4727,4727,209,239,664,487,504,787,984,593,227,32,1,2551,2551,98,117,452,287,312,427,487,276,91,3,1,2176,2176,111,122,212,200,192,360,497,317,136,29,0
경상북도 포항시 남구 제철동(4711157000),3066,3066,132,175,813,381,324,487,448,215,83,8,0,1881,1881,80,86,646,263,174,264,228,108,30,2,0,1185,1185,52,89,167,118,150,223,220,107,53,6,0
경상북도 포항시 남구 효곡동(4711158000),30367,30367,3502,3984,3372,3594,5435,5167,3918,1056,279,57,3,15452,15452,1781,2135,2008,1690,2539,2556,2025,620,93,5,0,14915,14915,1721,1849,1364,1904,2896,2611,1893,436,186,52,3
경상북도 포항시 남구 대이동(4711159000),25380,25380,2138,2850,3424,3378,4215,5095,2815,977,428,58,2,12935,12935,1103,1476,1988,1811,1919,2585,1469,469,109,6,0,12445,12445,1035,1374,1436,1567,2296,2510,1346,508,319,52,2
경상북도 포항시 북구 (4711300000),271476,271476,20447,24942,29250,31175,41026,47899,45024,20847,9426,1404,36,135038,135038,10641,13077,16299,16374,20215,23326,21888,9743,3201,268,6,136438,136438,9806,11865,12951,14801,20811,24573,23136,11104,6225,1136,30
경상북도 포항시 북구 흥해읍(4711325000),40752,40752,3629,3605,4043,4774,6229,7065,6489,3053,1620,237,8,20419,20419,1924,1878,2310,2478,3140,3486,3263,1403,494,41,2,20333,20333,1705,1727,1733,2296,3089,3579,3226,1650,1126,196,6
경상북도 포항시 북구 신광면(4711331000),2907,2907,64,74,166,116,219,453,828,518,394,73,2,1447,1447,30,46,102,66,136,234,451,239,135,8,0,1460,1460,34,28,64,50,83,219,377,279,259,65,2
경상북도 포항시 북구 청하면(4711332000),4725,4725,97,186,270,247,431,870,1185,804,545,89,1,2327,2327,51,104,173,136,262,490,579,339,176,17,0,2398,2398,46,82,97,111,169,380,606,465,369,72,1
경상북도 포항시 북구 송라면(4711333000),2482,2482,42,79,143,95,189,433,634,490,321,56,0,1198,1198,18,36,83,61,122,236,322,217,95,8,0,1284,1284,24,43,60,34,67,197,312,273,226,48,0
경상북도 포항시 북구 기계면(4711334000),4986,4986,82,176,276,226,354,868,1319,925,652,108,0,2429,2429,41,84,169,147,208,463,670,422,200,25,0,2557,2557,41,92,107,79,146,405,649,503,452,83,0
경상북도 포항시 북구 죽장면(4711335000),2136,2136,34,46,58,64,117,403,648,390,338,37,1,1066,1066,18,28,41,37,71,230,331,186,115,9,0,1070,1070,16,18,17,27,46,173,317,204,223,28,1
경상북도 포항시 북구 죽장면상옥출장소(4711335500),622,622,8,15,19,19,35,111,220,110,72,11,2,314,314,2,8,6,17,22,63,105,60,27,3,1,308,308,6,7,13,2,13,48,115,50,45,8,1
경상북도 포항시 북구 기북면(4711336000),1295,1295,16,39,46,50,94,201,388,250,179,30,2,641,641,6,25,29,32,52,119,199,117,54,8,0,654,654,10,14,17,18,42,82,189,133,125,22,2
경상북도 포항시 북구 중앙동(4711352000),15307,15307,556,769,1528,1680,1909,2561,3312,2007,867,116,2,7511,7511,267,386,822,943,1005,1325,1535,885,323,19,1,7796,7796,289,383,706,737,904,1236,1777,1122,544,97,1
경상북도 포항시 북구 양학동(4711363000),16565,16565,1075,1685,1937,1782,2477,3309,2787,1093,359,60,1,8216,8216,550,905,1108,954,1133,1545,1365,512,136,8,0,8349,8349,525,780,829,828,1344,1764,1422,581,223,52,1
경상북도 포항시 북구 죽도동(4711365500),19943,19943,731,908,2404,2351,2528,3355,4231,2458,842,131,4,9817,9817,384,453,1273,1367,1378,1624,1832,1142,334,29,1,10126,10126,347,455,1131,984,1150,1731,2399,1316,508,102,3
경상북도 포항시 북구 용흥동(4711366500),21945,21945,1258,1857,2346,2101,3152,4026,4300,2024,778,101,2,10736,10736,663,1007,1312,1087,1524,1872,1975,961,307,28,0,11209,11209,595,850,1034,1014,1628,2154,2325,1063,471,73,2
경상북도 포항시 북구 우창동(4711368000),33245,33245,3143,3187,3567,4612,5041,6026,4956,1850,751,107,5,16227,16227,1651,1676,1935,2352,2387,2754,2420,827,207,18,0,17018,17018,1492,1511,1632,2260,2654,3272,2536,1023,544,89,5
경상북도 포항시 북구 두호동(4711369000),22737,22737,1562,2267,2667,2411,3250,4486,3934,1528,559,72,1,11200,11200,801,1183,1468,1281,1500,2097,1899,737,216,17,1,11537,11537,761,1084,1199,1130,1750,2389,2035,791,343,55,0
경상북도 포항시 북구 장량동(4711370000),72445,72445,7344,8917,8923,9557,13355,12279,8319,2665,925,156,5,36853,36853,3814,4686,5005,4877,6459,6079,4242,1371,293,27,0,35592,35592,3530,4231,3918,4680,6896,6200,4077,1294,632,129,5
경상북도 포항시 북구 환여동(4711371000),9384,9384,806,1132,857,1090,1646,1453,1474,682,224,20,0,4637,4637,421,572,463,539,816,709,700,325,89,3,0,4747,4747,385,560,394,551,830,744,774,357,135,17,0
경상북도 경주시 (4713000000),251133,251133,14960,20072,25040,24190,35448,46625,43882,25005,13890,1971,50,125674,125674,7681,10482,14130,12934,18420,24106,21823,11240,4442,411,5,125459,125459,7279,9590,10910,11256,17028,22519,22059,13765,9448,1560,45
경상북도 경주시 감포읍(4713025000),5373,5373,136,227,322,314,578,982,1256,935,535,85,3,2675,2675,73,115,201,180,360,566,610,375,176,18,1,2698,2698,63,112,121,134,218,416,646,560,359,67,2
경상북도 경주시 안강읍(4713025300),23858,23858,925,1871,2079,1596,3063,4842,4625,2897,1745,210,5,11780,11780,498,941,1172,888,1590,2497,2308,1283,560,42,1,12078,12078,427,930,907,708,1473,2345,2317,1614,1185,168,4
경상북도 경주시 건천읍(4713025600),9211,9211,294,478,636,628,957,1615,2106,1471,906,119,1,4680,4680,156,273,388,373,564,875,1047,685,292,26,1,4531,4531,138,205,248,255,393,740,1059,786,614,93,0
경상북도 경주시 외동읍(4713025900),22243,22243,1372,1175,2018,2658,2998,4431,4192,2072,1137,186,4,11745,11745,711,629,1155,1523,1787,2390,2215,979,320,36,0,10498,10498,661,546,863,1135,1211,2041,1977,1093,817,150,4
경상북도 경주시 문무대왕면(4713031500),4155,4155,185,168,412,440,345,658,863,585,429,69,1,2170,2170,101,104,270,250,213,400,436,272,114,10,0,1985,1985,84,64,142,190,132,258,427,313,315,59,1
경상북도 경주시 양남면(4713032000),6288,6288,260,321,552,480,682,1293,1459,739,426,74,2,3347,3347,126,160,375,285,401,742,751,344,146,17,0,2941,2941,134,161,177,195,281,551,708,395,280,57,2
경상북도 경주시 내남면(4713033000),4649,4649,86,191,254,237,384,848,1158,805,592,92,2,2334,2334,45,91,156,147,224,465,626,381,179,20,0,2315,2315,41,100,98,90,160,383,532,424,413,72,2
경상북도 경주시 산내면(4713034000),3253,3253,43,80,140,108,191,544,1051,631,420,45,0,1605,1605,26,37,82,52,106,295,552,301,145,9,0,1648,1648,17,43,58,56,85,249,499,330,275,36,0
경상북도 경주시 서면(4713035000),3116,3116,54,124,158,136,267,521,776,633,400,46,1,1557,1557,21,85,94,78,156,309,386,278,139,11,0,1559,1559,33,39,64,58,111,212,390,355,261,35,1
경상북도 경주시 현곡면(4713036000),21615,21615,2243,2390,2134,2781,3710,3733,2657,1208,670,86,3,10645,10645,1182,1209,1152,1368,1805,1845,1310,558,208,8,0,10970,10970,1061,1181,982,1413,1905,1888,1347,650,462,78,3
경상북도 경주시 강동면(4713037000),6054,6054,169,280,441,319,645,1230,1389,910,576,93,2,3081,3081,79,145,260,188,372,687,730,416,182,22,0,2973,2973,90,135,181,131,273,543,659,494,394,71,2
경상북도 경주시 천북면(4713038000),5734,5734,252,299,508,536,681,1061,1190,726,422,58,1,3009,3009,124,154,295,309,385,601,637,344,146,14,0,2725,2725,128,145,213,227,296,460,553,382,276,44,1
경상북도 경주시 중부동(4713051500),5037,5037,149,283,495,440,608,836,1048,767,366,45,0,2504,2504,70,160,268,257,337,433,498,339,132,10,0,2533,2533,79,123,227,183,271,403,550,428,234,35,0
경상북도 경주시 황오동(4713053000),6202,6202,149,287,549,479,678,1136,1427,959,470,65,3,2982,2982,66,153,313,279,370,583,653,390,156,19,0,3220,3220,83,134,236,200,308,553,774,569,314,46,3
경상북도 경주시 성건동(4713055000),13783,13783,391,826,2001,1186,1688,2324,2672,1845,749,100,1,6875,6875,217,443,1161,708,910,1194,1141,811,265,24,1,6908,6908,174,383,840,478,778,1130,1531,1034,484,76,0
경상북도 경주시 황남동(4713057000),4423,4423,75,183,318,247,465,749,1020,770,523,70,3,2185,2185,38,92,183,152,255,420,514,340,171,19,1,2238,2238,37,91,135,95,210,329,506,430,352,51,2
경상북도 경주시 선도동(4713059000),14628,14628,1030,1612,1833,1372,2423,2838,1929,994,527,68,2,7362,7362,538,854,1032,737,1172,1426,976,421,195,11,0,7266,7266,492,758,801,635,1251,1412,953,573,332,57,2
경상북도 경주시 월성동(4713060500),5801,5801,335,356,423,465,751,1006,1172,782,440,67,4,2863,2863,171,188,248,222,405,531,576,363,141,18,0,2938,2938,164,168,175,243,346,475,596,419,299,49,4
경상북도 경주시 용강동(4713061500),24022,24022,2790,2662,2479,3307,4466,4085,2618,1025,505,81,4,11847,11847,1416,1349,1368,1603,2219,1978,1311,445,136,22,0,12175,12175,1374,1313,1111,1704,2247,2107,1307,580,369,59,4
경상북도 경주시 황성동(4713062100),28100,28100,2304,3466,3526,3097,4888,5437,3380,1296,604,102,0,13751,13751,1166,1837,1900,1491,2263,2650,1679,571,177,17,0,14349,14349,1138,1629,1626,1606,2625,2787,1701,725,427,85,0
경상북도 경주시 동천동(4713063000),22030,22030,1066,2104,2852,2138,3420,4412,3607,1637,693,98,3,10985,10985,533,1109,1566,1198,1690,2146,1754,744,221,24,0,11045,11045,533,995,1286,940,1730,2266,1853,893,472,74,3
경상북도 경주시 불국동(4713065000),9850,9850,607,606,768,1109,1364,1722,1883,1066,626,95,4,4847,4847,303,315,411,578,733,897,912,482,203,13,0,5003,5003,304,291,357,531,631,825,971,584,423,82,4
경상북도 경주시 보덕동(4713066000),1708,1708,45,83,142,117,196,322,404,252,129,17,1,845,845,21,39,80,68,103,176,201,118,38,1,0,863,863,24,44,62,49,93,146,203,134,91,16,1
경상북도 김천시 (4715000000),140065,140065,9776,12354,13777,14279,19170,23607,23523,13673,8578,1292,36,70319,70319,5051,6721,7748,7507,10070,12313,11687,6112,2825,280,5,69746,69746,4725,5633,6029,6772,9100,11294,11836,7561,5753,1012,31
경상북도 김천시 아포읍(4715025000),7919,7919,394,461,620,653,926,1651,1633,922,554,104,1,3961,3961,199,242,334,342,509,869,849,426,169,22,0,3958,3958,195,219,286,311,417,782,784,496,385,82,1
경상북도 김천시 농소면(4715031000),3102,3102,125,138,267,215,311,582,668,438,312,45,1,1631,1631,56,80,153,134,198,344,343,187,120,16,0,1471,1471,69,58,114,81,113,238,325,251,192,29,1
경상북도 김천시 남면(4715032000),3070,3070,64,126,183,203,271,580,730,458,385,68,2,1593,1593,37,67,116,116,170,337,397,215,125,13,0,1477,1477,27,59,67,87,101,243,333,243,260,55,2
경상북도 김천시 개령면(4715034000),2424,2424,53,95,167,138,189,440,622,406,273,40,1,1243,1243,31,53,108,81,125,240,326,193,78,8,0,1181,1181,22,42,59,57,64,200,296,213,195,32,1
경상북도 김천시 감문면(4715035000),3239,3239,65,88,153,147,233,568,860,566,466,92,1,1608,1608,39,47,96,83,145,316,466,248,146,22,0,1631,1631,26,41,57,64,88,252,394,318,320,70,1
경상북도 김천시 어모면(4715036000),4035,4035,150,164,285,225,399,718,963,656,406,65,4,2072,2072,84,108,184,123,229,387,513,301,133,7,3,1963,1963,66,56,101,102,170,331,450,355,273,58,1
경상북도 김천시 봉산면(4715037000),3027,3027,87,127,206,172,272,544,797,501,281,40,0,1573,1573,40,76,118,113,169,297,419,239,90,12,0,1454,1454,47,51,88,59,103,247,378,262,191,28,0
경상북도 김천시 대항면(4715038000),3413,3413,92,162,258,199,282,682,861,488,327,60,2,1728,1728,45,85,156,113,158,363,464,226,110,8,0,1685,1685,47,77,102,86,124,319,397,262,217,52,2
경상북도 김천시 감천면(4715039000),1938,1938,59,74,126,107,181,365,453,297,236,40,0,995,995,39,44,75,68,111,195,235,140,81,7,0,943,943,20,30,51,39,70,170,218,157,155,33,0
경상북도 김천시 조마면(4715040000),2170,2170,40,79,116,107,179,396,578,354,272,47,2,1087,1087,21,42,63,65,107,217,305,173,82,12,0,1083,1083,19,37,53,42,72,179,273,181,190,35,2
경상북도 김천시 구성면(4715041000),2772,2772,54,71,142,108,175,510,714,530,386,79,3,1391,1391,33,46,82,65,112,289,385,246,118,14,1,1381,1381,21,25,60,43,63,221,329,284,268,65,2
경상북도 김천시 지례면(4715042000),1512,1512,32,54,69,67,83,252,395,282,235,41,2,753,753,16,32,42,45,51,154,216,109,75,12,1,759,759,16,22,27,22,32,98,179,173,160,29,1
경상북도 김천시 부항면(4715043000),1232,1232,22,34,48,53,90,200,346,210,200,28,1,618,618,14,20,26,29,60,116,206,83,56,8,0,614,614,8,14,22,24,30,84,140,127,144,20,1
경상북도 김천시 대덕면(4715044000),2303,2303,45,347,97,103,137,334,535,347,319,38,1,1160,1160,28,183,62,59,82,182,285,164,106,9,0,1143,1143,17,164,35,44,55,152,250,183,213,29,1
경상북도 김천시 증산면(4715045000),1032,1032,7,30,38,19,90,205,306,167,153,17,0,498,498,4,18,24,6,50,123,158,69,43,3,0,534,534,3,12,14,13,40,82,148,98,110,14,0
경상북도 김천시 자산동(4715051600),6469,6469,171,338,604,515,764,1030,1489,1001,499,57,1,3276,3276,91,165,374,308,447,567,674,452,186,12,0,3193,3193,80,173,230,207,317,463,815,549,313,45,1
경상북도 김천시 평화남산동(4715053600),7386,7386,189,386,749,623,855,1241,1611,1060,596,75,1,3622,3622,95,214,448,369,482,637,696,440,225,16,0,3764,3764,94,172,301,254,373,604,915,620,371,59,1
경상북도 김천시 양금동(4715056500),3780,3780,109,220,254,236,357,633,880,659,387,44,1,1827,1827,59,118,138,127,201,343,406,278,145,12,0,1953,1953,50,102,116,109,156,290,474,381,242,32,1
경상북도 김천시 대신동(4715057500),25180,25180,1903,3139,3621,2746,3983,4342,3011,1456,868,105,6,12494,12494,986,1594,2009,1412,1942,2132,1507,620,266,26,0,12686,12686,917,1545,1612,1334,2041,2210,1504,836,602,79,6
경상북도 김천시 대곡동(4715059500),20137,20137,1264,2350,2114,1898,2851,3713,3243,1673,900,125,6,10125,10125,630,1485,1242,990,1396,1787,1496,757,317,25,0,10012,10012,634,865,872,908,1455,1926,1747,916,583,100,6
경상북도 김천시 지좌동(4715061000),10914,10914,815,1055,1366,1246,1794,1868,1575,798,346,51,0,5539,5539,410,576,763,697,925,945,747,357,109,10,0,5375,5375,405,479,603,549,869,923,828,441,237,41,0
경상북도 김천시 율곡동(4715064000),23011,23011,4036,2816,2294,4499,4748,2753,1253,404,177,31,0,11525,11525,2094,1426,1135,2162,2401,1473,594,189,45,6,0,11486,11486,1942,1390,1159,2337,2347,1280,659,215,132,25,0
경상북도 안동시 (4717000000),156023,156023,9685,13301,15927,14618,21442,25674,26815,16666,10283,1571,41,77163,77163,5013,7017,8642,7706,11001,13256,13064,7522,3598,336,8,78860,78860,4672,6284,7285,6912,10441,12418,13751,9144,6685,1235,33
경상북도 안동시 풍산읍(4717025000),6383,6383,178,286,428,373,555,1039,1475,1089,821,137,2,3237,3237,92,160,253,212,348,581,755,527,276,33,0,3146,3146,86,126,175,161,207,458,720,562,545,104,2
경상북도 안동시 와룡면(4717031000),3954,3954,75,183,259,164,305,658,956,709,557,84,4,2046,2046,41,115,139,104,180,385,517,336,208,20,1,1908,1908,34,68,120,60,125,273,439,373,349,64,3
경상북도 안동시 북후면(4717032000),2936,2936,54,79,127,146,290,511,690,522,444,71,2,1535,1535,31,46,85,98,192,293,375,236,168,10,1,1401,1401,23,33,42,48,98,218,315,286,276,61,1
경상북도 안동시 서후면(4717033000),3518,3518,68,157,271,213,311,558,898,557,392,92,1,1871,1871,36,94,168,141,194,333,469,277,142,17,0,1647,1647,32,63,103,72,117,225,429,280,250,75,1
경상북도 안동시 풍천면(4717034000),7037,7037,473,373,958,1146,802,909,1041,740,506,85,4,3576,3576,242,191,471,638,453,513,528,337,180,22,1,3461,3461,231,182,487,508,349,396,513,403,326,63,3
경상북도 안동시 일직면(4717035000),2648,2648,48,113,123,98,221,409,636,542,398,59,1,1282,1282,23,67,68,58,132,238,309,242,137,8,0,1366,1366,25,46,55,40,89,171,327,300,261,51,1
경상북도 안동시 남후면(4717036000),1685,1685,22,53,67,64,132,258,416,341,286,46,0,853,853,11,33,39,43,90,147,220,153,110,7,0,832,832,11,20,28,21,42,111,196,188,176,39,0
경상북도 안동시 남선면(4717037000),2063,2063,50,73,145,117,166,413,519,315,229,34,2,1069,1069,29,35,94,69,101,233,265,160,74,9,0,994,994,21,38,51,48,65,180,254,155,155,25,2
경상북도 안동시 임하면(4717038000),2783,2783,49,114,141,129,238,505,720,482,333,71,1,1452,1452,28,58,84,76,161,297,395,230,105,18,0,1331,1331,21,56,57,53,77,208,325,252,228,53,1
경상북도 안동시 길안면(4717039000),2675,2675,41,70,107,106,161,501,725,516,402,46,0,1346,1346,15,35,56,61,115,284,408,220,143,9,0,1329,1329,26,35,51,45,46,217,317,296,259,37,0
경상북도 안동시 임동면(4717040000),1705,1705,30,47,63,58,134,273,496,327,251,24,2,890,890,19,26,35,35,82,174,271,150,88,9,1,815,815,11,21,28,23,52,99,225,177,163,15,1
경상북도 안동시 예안면(4717041000),1785,1785,40,43,70,71,97,324,507,351,257,25,0,926,926,22,29,52,41,58,175,274,176,92,7,0,859,859,18,14,18,30,39,149,233,175,165,18,0
경상북도 안동시 도산면(4717042000),1557,1557,15,42,60,57,112,249,432,328,222,39,1,819,819,9,23,35,40,79,146,225,163,85,14,0,738,738,6,19,25,17,33,103,207,165,137,25,1
경상북도 안동시 녹전면(4717043000),1720,1720,27,54,61,62,123,262,504,333,258,34,2,886,886,15,26,28,42,83,153,276,161,89,13,0,834,834,12,28,33,20,40,109,228,172,169,21,2
경상북도 안동시 중구동(4717051000),5047,5047,202,330,589,464,623,783,909,718,372,56,1,2466,2466,114,177,320,234,334,410,413,307,147,9,1,2581,2581,88,153,269,230,289,373,496,411,225,47,0
경상북도 안동시 명륜동(4717052000),4897,4897,255,406,479,381,678,900,895,547,310,46,0,2352,2352,137,201,249,199,348,457,415,241,93,12,0,2545,2545,118,205,230,182,330,443,480,306,217,34,0
경상북도 안동시 용상동(4717055500),21898,21898,1741,2315,2873,2438,3453,3444,2938,1679,887,128,2,10899,10899,885,1248,1626,1271,1705,1744,1387,708,300,24,1,10999,10999,856,1067,1247,1167,1748,1700,1551,971,587,104,1
경상북도 안동시 서구동(4717058500),8851,8851,561,865,843,690,1331,1402,1498,1018,557,83,3,4251,4251,303,430,444,350,662,718,664,445,207,28,0,4600,4600,258,435,399,340,669,684,834,573,350,55,3
경상북도 안동시 태화동(4717060000),12900,12900,851,913,1300,1375,1814,2161,2280,1404,711,87,4,6384,6384,418,485,728,724,970,1081,1045,626,292,14,1,6516,6516,433,428,572,651,844,1080,1235,778,419,73,3
경상북도 안동시 평화동(4717062000),6182,6182,338,495,615,543,860,1009,1160,751,351,59,1,2986,2986,171,267,332,292,431,490,501,354,136,12,0,3196,3196,167,228,283,251,429,519,659,397,215,47,1
경상북도 안동시 안기동(4717063000),6171,6171,312,543,657,539,819,1134,1185,659,286,37,0,3053,3053,166,289,350,297,408,550,563,315,104,11,0,3118,3118,146,254,307,242,411,584,622,344,182,26,0
경상북도 안동시 옥동(4717065000),21184,21184,1804,2586,2523,2250,3683,3516,2757,1270,692,100,3,10050,10050,918,1335,1318,1100,1738,1667,1253,507,199,14,1,11134,11134,886,1251,1205,1150,1945,1849,1504,763,493,86,2
경상북도 안동시 송하동(4717066000),16007,16007,1437,1656,1915,2022,2543,2741,2161,940,504,85,3,7798,7798,763,862,1023,1039,1222,1303,1032,402,142,10,0,8209,8209,674,794,892,983,1321,1438,1129,538,362,75,3
경상북도 안동시 강남동(4717069000),10437,10437,1014,1505,1253,1112,1991,1715,1017,528,257,43,2,5136,5136,525,785,645,542,915,884,504,249,81,6,0,5301,5301,489,720,608,570,1076,831,513,279,176,37,2
경상북도 구미시 (4719000000),409935,409935,37419,43768,52999,61943,72605,70217,44235,16853,8584,1276,36,210795,210795,19272,22804,29846,33170,36659,35799,22704,7572,2724,243,2,199140,199140,18147,20964,23153,28773,35946,34418,21531,9281,5860,1033,34
경상북도 구미시 선산읍(4719025000),14502,14502,783,1091,1282,1155,1858,2837,2860,1482,970,175,9,7161,7161,400,539,788,607,951,1413,1461,670,308,24,0,7341,7341,383,552,494,548,907,1424,1399,812,662,151,9
경상북도 구미시 고아읍(4719025300),38475,38475,3512,3881,4473,4806,5906,8030,5000,1670,1022,171,4,19395,19395,1825,2087,2527,2444,2826,3927,2682,740,307,29,1,19080,19080,1687,1794,1946,2362,3080,4103,2318,930,715,142,3
경상북도 구미시 산동읍(4719025600),26977,26977,5514,2650,2200,7484,5092,2143,1148,404,286,55,1,14079,14079,2796,1376,1130,3844,2838,1187,623,194,79,12,0,12898,12898,2718,1274,1070,3640,2254,956,525,210,207,43,1
경상북도 구미시 무을면(4719031000),1819,1819,42,56,80,71,116,334,495,316,257,52,0,901,901,22,27,47,43,74,201,259,142,75,11,0,918,918,20,29,33,28,42,133,236,174,182,41,0
경상북도 구미시 옥성면(4719032000),1663,1663,9,44,95,65,120,308,446,280,254,41,1,857,857,4,20,64,42,85,170,244,141,80,7,0,806,806,5,24,31,23,35,138,202,139,174,34,1
경상북도 구미시 도개면(4719033000),2165,2165,27,109,123,88,178,380,530,361,320,49,0,1116,1116,12,65,76,61,112,237,274,163,100,16,0,1049,1049,15,44,47,27,66,143,256,198,220,33,0
경상북도 구미시 해평면(4719034000),3987,3987,58,135,270,196,366,796,934,663,497,69,3,2103,2103,31,65,169,130,236,470,528,283,171,20,0,1884,1884,27,70,101,66,130,326,406,380,326,49,3
경상북도 구미시 장천면(4719036000),3008,3008,61,195,201,145,326,572,690,451,319,46,2,1538,1538,45,96,123,85,178,319,368,210,105,9,0,1470,1470,16,99,78,60,148,253,322,241,214,37,2
경상북도 구미시 송정동(4719051000),23713,23713,1648,2306,3072,3219,3804,4384,3495,1292,455,38,0,11712,11712,805,1183,1639,1757,1819,2073,1660,605,166,5,0,12001,12001,843,1123,1433,1462,1985,2311,1835,687,289,33,0
경상북도 구미시 원평동(4719053500),6191,6191,106,194,675,693,931,1276,1322,670,278,46,0,3358,3358,50,102,397,410,535,752,709,296,97,10,0,2833,2833,56,92,278,283,396,524,613,374,181,36,0
경상북도 구미시 도량동(4719055100),28789,28789,2136,3240,3459,3202,4765,5859,4081,1375,605,67,0,14036,14036,1131,1589,1943,1641,2210,2708,2002,601,197,14,0,14753,14753,1005,1651,1516,1561,2555,3151,2079,774,408,53,0
경상북도 구미시 지산동(4719055500),2104,2104,56,103,207,127,240,440,545,242,126,16,2,1082,1082,25,50,131,80,133,224,284,115,39,1,0,1022,1022,31,53,76,47,107,216,261,127,87,15,2
경상북도 구미시 선주원남동(4719056500),38557,38557,3361,4953,4983,4722,7153,7169,4286,1284,556,89,1,19561,19561,1734,2605,2696,2409,3475,3586,2259,596,186,15,0,18996,18996,1627,2348,2287,2313,3678,3583,2027,688,370,74,1
경상북도 구미시 형곡1동(4719058200),13983,13983,903,1500,1751,1527,2252,2964,2013,760,279,32,2,6913,6913,465,822,990,785,992,1404,986,372,91,6,0,7070,7070,438,678,761,742,1260,1560,1027,388,188,26,2
경상북도 구미시 형곡2동(4719058300),16423,16423,757,1733,2555,1644,2481,3734,2485,742,261,30,1,8201,8201,393,942,1437,897,1098,1760,1246,347,74,7,0,8222,8222,364,791,1118,747,1383,1974,1239,395,187,23,1
경상북도 구미시 신평1동(4719059000),3283,3283,151,157,577,519,435,585,509,251,87,12,0,1834,1834,77,81,373,327,250,322,265,101,36,2,0,1449,1449,74,76,204,192,185,263,244,150,51,10,0
경상북도 구미시 신평2동(4719060000),3103,3103,266,216,368,523,421,598,418,189,92,11,1,1677,1677,139,127,213,307,236,321,217,83,32,2,0,1426,1426,127,89,155,216,185,277,201,106,60,9,1
경상북도 구미시 비산동(4719061000),13075,13075,1601,1084,1693,2683,2229,2227,1109,311,116,21,1,6835,6835,815,542,941,1495,1172,1102,574,158,32,4,0,6240,6240,786,542,752,1188,1057,1125,535,153,84,17,1
경상북도 구미시 광평동(4719063000),4259,4259,261,352,610,628,724,831,523,240,81,8,1,2317,2317,136,186,359,401,400,415,274,115,28,3,0,1942,1942,125,166,251,227,324,416,249,125,53,5,1
경상북도 구미시 상모사곡동(4719064500),30805,30805,2614,3581,4596,4270,5942,6129,2489,770,356,56,2,16098,16098,1321,1828,2636,2372,2905,3249,1325,342,109,10,1,14707,14707,1293,1753,1960,1898,3037,2880,1164,428,247,46,1
경상북도 구미시 임오동(4719066000),18645,18645,1934,2484,2274,2762,3876,3280,1384,420,203,27,1,9746,9746,1002,1332,1311,1428,1909,1777,751,170,62,4,0,8899,8899,932,1152,963,1334,1967,1503,633,250,141,23,1
경상북도 구미시 인동동(4719067000),47628,47628,4173,5829,6864,8095,9492,7173,3886,1410,621,83,2,24782,24782,2226,3049,3849,4344,4849,3748,1914,600,185,18,0,22846,22846,1947,2780,3015,3751,4643,3425,1972,810,436,65,2
경상북도 구미시 진미동(4719068000),16701,16701,832,1010,4261,4431,2863,1851,963,344,122,24,0,9160,9160,417,529,2251,2644,1620,1026,474,158,37,4,0,7541,7541,415,481,2010,1787,1243,825,489,186,85,20,0
경상북도 구미시 양포동(4719069000),45690,45690,6041,6633,5676,7838,10302,5697,2214,834,400,53,2,23896,23896,3095,3443,3358,4018,5324,3085,1110,331,122,10,0,21794,21794,2946,3190,2318,3820,4978,2612,1104,503,278,43,2
경상북도 구미시 공단동(4719070000),4390,4390,573,232,654,1050,733,620,410,92,21,5,0,2437,2437,306,119,398,599,432,323,215,39,6,0,0,1953,1953,267,113,256,451,301,297,195,53,15,5,0
경상북도 영주시 (4721000000),101512,101512,5602,8474,9265,8049,13358,17215,19221,11867,7306,1113,42,50382,50382,2922,4432,5386,4332,6856,8914,9308,5388,2596,243,5,51130,51130,2680,4042,3879,3717,6502,8301,9913,6479,4710,870,37
경상북도 영주시 풍기읍(4721025000),10379,10379,418,668,886,668,1134,1731,2395,1443,876,150,10,5165,5165,220,352,562,348,617,887,1180,659,306,31,3,5214,5214,198,316,324,320,517,844,1215,784,570,119,7
경상북도 영주시 이산면(4721031000),2267,2267,47,77,156,109,174,435,601,341,285,42,0,1180,1180,21,42,93,59,101,255,327,169,105,8,0,1087,1087,26,35,63,50,73,180,274,172,180,34,0
경상북도 영주시 평은면(4721032000),1412,1412,21,50,70,42,88,261,352,271,216,40,1,724,724,15,23,50,25,60,143,186,127,83,12,0,688,688,6,27,20,17,28,118,166,144,133,28,1
경상북도 영주시 문수면(4721033000),1934,1934,50,76,130,102,152,312,493,307,249,62,1,994,994,29,43,75,66,91,171,279,141,85,14,0,940,940,21,33,55,36,61,141,214,166,164,48,1
경상북도 영주시 장수면(4721034000),2119,2119,49,94,144,107,157,336,522,365,282,59,4,1072,1072,26,46,92,62,94,185,276,172,109,10,0,1047,1047,23,48,52,45,63,151,246,193,173,49,4
경상북도 영주시 안정면(4721035000),2952,2952,79,122,172,137,239,469,751,505,403,74,1,1474,1474,44,62,108,82,147,255,388,240,133,15,0,1478,1478,35,60,64,55,92,214,363,265,270,59,1
경상북도 영주시 봉현면(4721036000),2705,2705,64,129,155,119,255,442,760,451,280,47,3,1373,1373,30,66,98,62,160,225,393,226,99,14,0,1332,1332,34,63,57,57,95,217,367,225,181,33,3
경상북도 영주시 순흥면(4721037000),1980,1980,28,66,109,74,132,337,602,348,243,38,3,986,986,13,37,69,42,79,173,307,166,92,7,1,994,994,15,29,40,32,53,164,295,182,151,31,2
경상북도 영주시 단산면(4721038000),1847,1847,19,59,87,73,136,328,481,331,284,49,0,903,903,9,36,58,42,87,169,262,151,84,5,0,944,944,10,23,29,31,49,159,219,180,200,44,0
경상북도 영주시 부석면(4721039000),2982,2982,45,104,113,116,190,501,900,550,401,61,1,1497,1497,25,53,71,66,125,275,459,267,140,16,0,1485,1485,20,51,42,50,65,226,441,283,261,45,1
경상북도 영주시 상망동(4721051000),7398,7398,408,852,678,503,1142,1356,1185,772,430,68,4,3697,3697,214,453,414,269,549,740,549,339,162,8,0,3701,3701,194,399,264,234,593,616,636,433,268,60,4
경상북도 영주시 하망동(4721052500),5917,5917,314,560,536,430,808,1063,1037,712,411,43,3,2804,2804,165,282,298,220,404,535,468,289,132,11,0,3113,3113,149,278,238,210,404,528,569,423,279,32,3
경상북도 영주시 영주1동(4721055000),3846,3846,134,254,305,250,418,619,852,619,351,42,2,1888,1888,78,131,181,138,225,342,382,267,129,15,0,1958,1958,56,123,124,112,193,277,470,352,222,27,2
경상북도 영주시 영주2동(4721056000),4838,4838,179,305,352,305,530,820,1093,760,438,53,3,2335,2335,112,166,205,159,271,415,487,331,175,13,1,2503,2503,67,139,147,146,259,405,606,429,263,40,2
경상북도 영주시 휴천1동(4721059000),6399,6399,412,795,689,474,1029,1187,880,584,314,34,1,3167,3167,208,416,408,245,478,609,416,264,114,9,0,3232,3232,204,379,281,229,551,578,464,320,200,25,1
경상북도 영주시 휴천2동(4721060000),9697,9697,425,662,1080,754,1180,1725,1889,1240,656,85,1,4795,4795,207,353,611,439,611,847,870,573,265,19,0,4902,4902,218,309,469,315,569,878,1019,667,391,66,1
경상북도 영주시 휴천3동(4721061000),7534,7534,368,624,827,581,955,1459,1441,807,407,63,2,3726,3726,180,342,487,318,463,716,669,382,148,21,0,3808,3808,188,282,340,263,492,743,772,425,259,42,2
경상북도 영주시 가흥1동(4721062000),15211,15211,1726,1922,1673,2023,2983,2180,1585,709,366,43,1,7662,7662,896,981,921,1059,1492,1148,745,302,110,8,0,7549,7549,830,941,752,964,1491,1032,840,407,256,35,1
경상북도 영주시 가흥2동(4721063000),10095,10095,816,1055,1103,1182,1656,1654,1402,752,414,60,1,4940,4940,430,548,585,631,802,824,665,323,125,7,0,5155,5155,386,507,518,551,854,830,737,429,289,53,1
경상북도 영천시 (4723000000),101492,101492,5462,6501,9385,9011,12109,17978,19876,12767,7430,954,19,51601,51601,2779,3476,5538,4898,6644,9630,10084,5869,2451,228,4,49891,49891,2683,3025,3847,4113,5465,8348,9792,6898,4979,726,15
경상북도 영천시 금호읍(4723025000),10559,10559,357,430,809,707,1069,2176,2411,1572,927,99,2,5537,5537,183,253,472,399,631,1241,1272,737,320,28,1,5022,5022,174,177,337,308,438,935,1139,835,607,71,1
경상북도 영천시 청통면(4723031000),4009,4009,108,125,259,245,337,700,1053,720,410,51,1,2100,2100,63,67,160,144,229,382,561,348,136,10,0,1909,1909,45,58,99,101,108,318,492,372,274,41,1
경상북도 영천시 신녕면(4723032000),3776,3776,94,211,171,203,326,606,972,693,438,61,1,1862,1862,52,107,103,123,190,351,471,303,153,8,1,1914,1914,42,104,68,80,136,255,501,390,285,53,0
경상북도 영천시 화산면(4723033000),3138,3138,56,86,162,143,253,574,779,600,428,56,1,1645,1645,33,52,117,84,159,338,434,276,135,17,0,1493,1493,23,34,45,59,94,236,345,324,293,39,1
경상북도 영천시 화북면(4723034000),2173,2173,52,86,100,88,152,384,583,403,273,49,3,1075,1075,27,46,50,52,92,209,310,196,85,7,1,1098,1098,25,40,50,36,60,175,273,207,188,42,2
경상북도 영천시 화남면(4723035000),3219,3219,77,132,170,159,214,577,877,609,348,54,2,1700,1700,34,105,112,93,139,334,452,309,106,16,0,1519,1519,43,27,58,66,75,243,425,300,242,38,2
경상북도 영천시 자양면(4723036000),1206,1206,18,34,65,48,61,249,330,213,159,29,0,602,602,10,17,36,27,36,132,192,92,50,10,0,604,604,8,17,29,21,25,117,138,121,109,19,0
경상북도 영천시 임고면(4723037000),4148,4148,103,136,233,191,317,694,1011,863,530,69,1,2109,2109,61,77,143,105,192,394,514,400,203,20,0,2039,2039,42,59,90,86,125,300,497,463,327,49,1
경상북도 영천시 고경면(4723038000),5713,5713,234,227,740,400,498,841,1223,917,566,65,2,3095,3095,121,110,575,234,301,463,643,445,188,15,0,2618,2618,113,117,165,166,197,378,580,472,378,50,2
경상북도 영천시 북안면(4723039000),4401,4401,67,118,251,209,360,766,1149,860,551,69,1,2292,2292,31,63,141,135,221,447,620,430,190,14,0,2109,2109,36,55,110,74,139,319,529,430,361,55,1
경상북도 영천시 대창면(4723040000),3042,3042,73,75,178,178,245,547,855,536,311,44,0,1608,1608,33,35,101,106,163,325,464,263,106,12,0,1434,1434,40,40,77,72,82,222,391,273,205,32,0
경상북도 영천시 동부동(4723051000),28002,28002,2194,2660,3240,3253,4379,5060,4115,1955,1019,125,2,13812,13812,1095,1410,1839,1714,2185,2524,1911,825,284,25,0,14190,14190,1099,1250,1401,1539,2194,2536,2204,1130,735,100,2
경상북도 영천시 중앙동(4723052000),9609,9609,737,913,1175,1065,1417,1624,1386,829,408,55,0,4840,4840,396,473,665,557,738,801,690,361,144,15,0,4769,4769,341,440,510,508,679,823,696,468,264,40,0
경상북도 영천시 서부동(4723053500),4657,4657,135,273,454,353,501,845,987,683,379,45,2,2335,2335,68,130,246,206,300,468,480,308,117,12,0,2322,2322,67,143,208,147,201,377,507,375,262,33,2
경상북도 영천시 완산동(4723054000),9747,9747,920,800,1035,1360,1502,1574,1345,796,376,38,1,4776,4776,448,416,565,681,760,787,635,336,137,10,1,4971,4971,472,384,470,679,742,787,710,460,239,28,0
경상북도 영천시 남부동(4723055500),4093,4093,237,195,343,409,478,761,800,518,307,45,0,2213,2213,124,115,213,238,308,434,435,240,97,9,0,1880,1880,113,80,130,171,170,327,365,278,210,36,0
경상북도 상주시 (4725000000),95695,95695,4788,7400,7609,6933,10881,16109,19314,12319,8889,1411,42,47007,47007,2513,3925,4395,3750,5739,8558,9577,5448,2829,270,3,48688,48688,2275,3475,3214,3183,5142,7551,9737,6871,6060,1141,39
경상북도 상주시 함창읍(4725025000),6261,6261,235,522,345,384,643,988,1367,954,722,95,6,3020,3020,131,246,197,223,339,552,684,404,227,17,0,3241,3241,104,276,148,161,304,436,683,550,495,78,6
경상북도 상주시 중동면(4725031000),1371,1371,36,63,59,66,95,215,325,269,213,29,1,665,665,21,28,35,39,68,127,165,117,62,3,0,706,706,15,35,24,27,27,88,160,152,151,26,1
경상북도 상주시 사벌국면(4725032500),3801,3801,105,163,173,193,311,592,919,642,603,98,2,1866,1866,55,98,110,110,204,343,493,273,166,14,0,1935,1935,50,65,63,83,107,249,426,369,437,84,2
경상북도 상주시 낙동면(4725033000),2984,2984,79,137,166,120,211,490,696,518,485,78,4,1453,1453,42,69,94,79,127,271,372,231,156,12,0,1531,1531,37,68,72,41,84,219,324,287,329,66,4
경상북도 상주시 낙동면동부출장소(4725033500),979,979,22,35,45,29,63,179,266,153,166,21,0,487,487,10,18,29,17,42,107,139,71,48,6,0,492,492,12,17,16,12,21,72,127,82,118,15,0
경상북도 상주시 청리면(4725034000),2572,2572,66,104,116,127,189,419,655,450,381,64,1,1250,1250,37,66,71,73,118,240,324,189,120,12,0,1322,1322,29,38,45,54,71,179,331,261,261,52,1
경상북도 상주시 공성면(4725035000),3909,3909,90,240,152,167,311,596,1018,715,532,85,3,1934,1934,49,142,96,100,190,335,488,340,172,22,0,1975,1975,41,98,56,67,121,261,530,375,360,63,3
경상북도 상주시 외남면(4725036000),1616,1616,46,61,65,72,126,275,391,287,246,45,2,801,801,21,37,33,38,88,163,205,131,75,10,0,815,815,25,24,32,34,38,112,186,156,171,35,2
경상북도 상주시 내서면(4725037000),1854,1854,41,61,74,88,114,338,537,323,246,32,0,947,947,17,33,41,61,68,182,301,149,87,8,0,907,907,24,28,33,27,46,156,236,174,159,24,0
경상북도 상주시 모동면(4725038000),2570,2570,83,169,129,122,236,481,675,393,245,34,3,1305,1305,45,95,81,66,139,253,349,176,96,4,1,1265,1265,38,74,48,56,97,228,326,217,149,30,2
경상북도 상주시 모서면(4725039000),1704,1704,56,59,94,73,143,314,464,262,203,36,0,864,864,25,31,65,51,82,185,240,112,62,11,0,840,840,31,28,29,22,61,129,224,150,141,25,0
경상북도 상주시 모서면서부출장소(4725039500),758,758,24,40,32,34,50,146,207,112,98,15,0,360,360,12,21,18,16,28,73,112,53,26,1,0,398,398,12,19,14,18,22,73,95,59,72,14,0
경상북도 상주시 화동면(4725040000),1926,1926,44,103,87,86,151,373,499,308,231,44,0,973,973,26,53,43,53,97,207,268,139,82,5,0,953,953,18,50,44,33,54,166,231,169,149,39,0
경상북도 상주시 화서면(4725041000),2884,2884,169,169,136,176,270,500,683,404,331,45,1,1404,1404,87,79,75,98,140,257,361,173,120,13,1,1480,1480,82,90,61,78,130,243,322,231,211,32,0
경상북도 상주시 화북면(4725042000),1193,1193,25,59,55,60,110,243,290,180,142,27,2,600,600,15,30,23,39,64,139,144,84,57,5,0,593,593,10,29,32,21,46,104,146,96,85,22,2
경상북도 상주시 화북면서부출장소(4725042600),317,317,2,10,11,7,23,61,107,48,43,5,0,171,171,0,6,9,5,15,40,61,22,13,0,0,146,146,2,4,2,2,8,21,46,26,30,5,0
경상북도 상주시 외서면(4725043000),2646,2646,78,132,108,124,264,441,638,459,344,57,1,1265,1265,37,70,60,76,142,244,321,197,107,11,0,1381,1381,41,62,48,48,122,197,317,262,237,46,1
경상북도 상주시 은척면(4725044000),1138,1138,22,37,48,34,77,154,312,238,179,35,2,531,531,11,21,25,18,49,91,153,97,60,6,0,607,607,11,16,23,16,28,63,159,141,119,29,2
경상북도 상주시 은척면북부출장소(4725044500),366,366,7,15,12,9,21,65,81,63,83,9,1,192,192,1,12,9,6,11,42,48,29,31,2,1,174,174,6,3,3,3,10,23,33,34,52,7,0
경상북도 상주시 공검면(4725045000),2135,2135,38,90,102,88,162,288,542,403,350,70,2,1021,1021,18,42,67,58,100,159,279,175,112,11,0,1114,1114,20,48,35,30,62,129,263,228,238,59,2
경상북도 상주시 이안면(4725046000),1979,1979,46,85,81,65,164,280,453,404,342,58,1,971,971,30,41,51,39,99,169,232,187,103,20,0,1008,1008,16,44,30,26,65,111,221,217,239,38,1
경상북도 상주시 화남면(4725047000),785,785,34,30,38,30,55,153,196,130,95,24,0,381,381,16,18,13,12,34,85,110,62,30,1,0,404,404,18,12,25,18,21,68,86,68,65,23,0
경상북도 상주시 남원동(4725052000),11668,11668,769,1249,1197,1110,1665,1992,1914,1137,547,87,1,5756,5756,395,734,696,583,797,978,886,503,170,14,0,5912,5912,374,515,501,527,868,1014,1028,634,377,73,1
경상북도 상주시 북문동(4725053000),9393,9393,766,850,986,1034,1441,1601,1501,745,410,59,0,4720,4720,398,464,549,538,732,840,718,332,142,7,0,4673,4673,368,386,437,496,709,761,783,413,268,52,0
경상북도 상주시 계림동(4725054000),8957,8957,702,958,869,975,1302,1499,1295,768,509,77,3,4285,4285,374,472,478,511,646,739,595,315,141,14,0,4672,4672,328,486,391,464,656,760,700,453,368,63,3
경상북도 상주시 동문동(4725055000),7825,7825,467,670,811,675,1011,1454,1341,847,477,69,3,3776,3776,245,323,459,339,482,770,612,378,152,16,0,4049,4049,222,347,352,336,529,684,729,469,325,53,3
경상북도 상주시 동성동(4725056000),3453,3453,137,298,282,225,447,600,677,464,278,43,2,1660,1660,87,155,170,119,233,307,290,202,92,5,0,1793,1793,50,143,112,106,214,293,387,262,186,38,2
경상북도 상주시 신흥동(4725057000),8651,8651,599,991,1336,760,1226,1372,1265,643,388,70,1,4349,4349,308,521,798,383,605,660,627,307,120,20,0,4302,4302,291,470,538,377,621,712,638,336,268,50,1
경상북도 문경시 (4728000000),72212,72212,3824,5484,6382,5486,8633,11972,14344,9194,5983,875,35,35412,35412,1945,2972,3534,2908,4568,6240,7048,4060,1957,175,5,36800,36800,1879,2512,2848,2578,4065,5732,7296,5134,4026,700,30
경상북도 문경시 문경읍(4728025000),5895,5895,205,368,367,361,610,998,1367,921,611,83,4,2843,2843,102,184,222,201,327,512,676,386,216,17,0,3052,3052,103,184,145,160,283,486,691,535,395,66,4
경상북도 문경시 문경읍갈평출장소(4728025100),1106,1106,31,51,60,45,93,225,293,162,130,16,0,572,572,17,28,39,27,60,123,159,76,40,3,0,534,534,14,23,21,18,33,102,134,86,90,13,0
경상북도 문경시 가은읍(4728025300),3276,3276,112,159,169,166,255,514,770,577,471,80,3,1589,1589,55,93,102,84,141,278,403,262,151,20,0,1687,1687,57,66,67,82,114,236,367,315,320,60,3
경상북도 문경시 가은읍북부출장소(4728025400),865,865,12,41,22,48,74,187,232,143,92,13,1,458,458,4,22,9,21,40,115,147,67,33,0,0,407,407,8,19,13,27,34,72,85,76,59,13,1
경상북도 문경시 영순면(4728031000),2462,2462,50,265,128,84,185,340,599,384,362,65,0,1305,1305,22,178,77,54,116,198,314,199,133,14,0,1157,1157,28,87,51,30,69,142,285,185,229,51,0
경상북도 문경시 산양면(4728032000),3123,3123,98,140,177,160,269,478,769,526,420,84,2,1592,1592,51,77,121,85,178,277,389,250,149,15,0,1531,1531,47,63,56,75,91,201,380,276,271,69,2
경상북도 문경시 호계면(4728033000),2498,2498,42,177,361,116,174,368,562,368,291,38,1,1205,1205,20,88,157,70,99,204,301,164,95,7,0,1293,1293,22,89,204,46,75,164,261,204,196,31,1
경상북도 문경시 산북면(4728034000),2782,2782,63,86,151,120,203,474,703,500,418,59,5,1398,1398,34,47,102,72,129,267,389,222,120,13,3,1384,1384,29,39,49,48,74,207,314,278,298,46,2
경상북도 문경시 동로면(4728035000),2046,2046,88,88,105,93,187,352,559,311,229,34,0,1044,1044,43,42,61,48,110,193,321,143,77,6,0,1002,1002,45,46,44,45,77,159,238,168,152,28,0
경상북도 문경시 마성면(4728036000),3610,3610,76,123,220,198,287,622,820,683,509,67,5,1714,1714,32,73,127,120,179,355,410,278,129,10,1,1896,1896,44,50,93,78,108,267,410,405,380,57,4
경상북도 문경시 농암면(4728037000),2624,2624,67,87,125,116,165,482,704,467,340,66,5,1221,1221,33,49,69,65,99,249,345,201,97,14,0,1403,1403,34,38,56,51,66,233,359,266,243,52,5
경상북도 문경시 점촌1동(4728057000),5880,5880,361,374,546,532,721,971,1183,760,384,47,1,2851,2851,202,214,300,287,387,467,510,324,148,12,0,3029,3029,159,160,246,245,334,504,673,436,236,35,1
경상북도 문경시 점촌2동(4728058000),7168,7168,420,587,630,595,888,1122,1426,968,474,57,1,3448,3448,217,307,355,308,463,575,632,425,156,10,0,3720,3720,203,280,275,287,425,547,794,543,318,47,1
경상북도 문경시 점촌3동(4728059000),9224,9224,604,858,908,825,1317,1514,1670,962,500,63,3,4573,4573,309,497,543,425,679,743,776,403,178,20,0,4651,4651,295,361,365,400,638,771,894,559,322,43,3
경상북도 문경시 점촌4동(4728060000),3180,3180,128,148,203,239,315,531,711,504,361,38,2,1604,1604,58,86,111,139,192,313,359,229,111,6,0,1576,1576,70,62,92,100,123,218,352,275,250,32,2
경상북도 문경시 점촌5동(4728061000),16473,16473,1467,1932,2210,1788,2890,2794,1976,958,391,65,2,7995,7995,746,987,1139,902,1369,1371,917,431,124,8,1,8478,8478,721,945,1071,886,1521,1423,1059,527,267,57,1
경상북도 경산시 (4729000000),267583,267583,19187,22855,35660,32425,41578,45971,37914,20452,10226,1287,28,134616,134616,9763,11845,19508,17465,21325,23047,18625,9136,3604,293,5,132967,132967,9424,11010,16152,14960,20253,22924,19289,11316,6622,994,23
경상북도 경산시 하양읍(4729025000),28370,28370,1916,2959,4261,3003,4453,4659,3605,2218,1170,122,4,14278,14278,969,1604,2369,1650,2189,2342,1771,942,410,31,1,14092,14092,947,1355,1892,1353,2264,2317,1834,1276,760,91,3
경상북도 경산시 진량읍(4729025300),35374,35374,2065,3243,5158,3714,5829,7088,4486,2371,1273,143,4,18469,18469,1082,1621,2959,2111,3091,3759,2355,1010,439,41,1,16905,16905,983,1622,2199,1603,2738,3329,2131,1361,834,102,3
경상북도 경산시 압량읍(4729025600),20765,20765,2151,1249,3065,3870,3162,2750,2501,1256,666,93,2,11075,11075,1132,668,1726,2198,1825,1422,1259,587,236,22,0,9690,9690,1019,581,1339,1672,1337,1328,1242,669,430,71,2
경상북도 경산시 와촌면(4729031000),5695,5695,132,233,440,438,573,1105,1407,817,488,61,1,3071,3071,70,124,270,260,352,633,766,409,176,10,1,2624,2624,62,109,170,178,221,472,641,408,312,51,0
경상북도 경산시 자인면(4729033000),5426,5426,132,226,420,369,565,981,1345,848,478,60,2,2771,2771,74,124,231,224,351,509,699,398,153,8,0,2655,2655,58,102,189,145,214,472,646,450,325,52,2
경상북도 경산시 용성면(4729034000),3259,3259,55,104,176,171,260,563,882,606,389,53,0,1724,1724,27,52,118,112,161,322,494,299,130,9,0,1535,1535,28,52,58,59,99,241,388,307,259,44,0
경상북도 경산시 남산면(4729035000),3735,3735,112,162,238,220,371,655,927,595,391,62,2,1941,1941,54,80,148,137,214,358,507,304,124,15,0,1794,1794,58,82,90,83,157,297,420,291,267,47,2
경상북도 경산시 남천면(4729037000),2891,2891,68,101,210,173,256,546,707,522,264,41,3,1486,1486,39,51,124,106,148,308,358,249,89,12,2,1405,1405,29,50,86,67,108,238,349,273,175,29,1
경상북도 경산시 중방동(4729051000),9540,9540,474,539,1433,1112,1184,1801,1767,840,348,42,0,4611,4611,246,269,715,588,591,831,848,397,118,8,0,4929,4929,228,270,718,524,593,970,919,443,230,34,0
경상북도 경산시 중앙동(4729052000),6313,6313,185,348,916,693,730,1200,1181,665,362,32,1,3124,3124,93,185,511,402,375,605,577,258,108,10,0,3189,3189,92,163,405,291,355,595,604,407,254,22,1
경상북도 경산시 남부동(4729053000),19877,19877,1838,2004,1988,2345,3609,3040,2693,1593,675,91,1,9805,9805,927,1097,1085,1204,1801,1500,1231,685,256,19,0,10072,10072,911,907,903,1141,1808,1540,1462,908,419,72,1
경상북도 경산시 서부1동(4729054100),35187,35187,2418,3798,4068,3639,5986,6184,5070,2615,1242,164,3,16722,16722,1173,1855,2080,1780,2855,2997,2372,1117,457,36,0,18465,18465,1245,1943,1988,1859,3131,3187,2698,1498,785,128,3
경상북도 경산시 서부2동(4729054200),35995,35995,3803,2917,4275,5307,5746,6150,4443,2279,957,116,2,17223,17223,1883,1453,2253,2596,2792,2775,2061,1026,352,32,0,18772,18772,1920,1464,2022,2711,2954,3375,2382,1253,605,84,2
경상북도 경산시 북부동(4729055000),16298,16298,930,784,3752,2769,2162,2469,1973,975,427,56,1,8932,8932,501,408,2073,1673,1282,1341,993,484,166,11,0,7366,7366,429,376,1679,1096,880,1128,980,491,261,45,1
경상북도 경산시 동부동(4729056000),38858,38858,2908,4188,5260,4602,6692,6780,4927,2252,1096,151,2,19384,19384,1493,2254,2846,2424,3298,3345,2334,971,390,29,0,19474,19474,1415,1934,2414,2178,3394,3435,2593,1281,706,122,2
경상북도 군위군 (4772000000),23314,23314,611,907,1375,1271,2018,4250,5699,4000,2802,364,17,11926,11926,333,489,823,739,1163,2395,3050,1902,958,73,1,11388,11388,278,418,552,532,855,1855,2649,2098,1844,291,16
경상북도 군위군 군위읍(4772025000),8308,8308,377,588,694,624,1061,1561,1585,1055,675,81,7,4279,4279,213,331,409,341,557,854,820,500,236,17,1,4029,4029,164,257,285,283,504,707,765,555,439,64,6
경상북도 군위군 소보면(4772031000),2281,2281,30,37,90,106,139,435,578,452,361,49,4,1191,1191,14,20,50,64,91,257,320,229,133,13,0,1090,1090,16,17,40,42,48,178,258,223,228,36,4
경상북도 군위군 효령면(4772032000),3805,3805,82,103,232,179,288,698,1048,675,441,59,0,1963,1963,44,45,138,102,178,399,575,325,145,12,0,1842,1842,38,58,94,77,110,299,473,350,296,47,0
경상북도 군위군 부계면(4772033000),2056,2056,40,41,108,100,125,390,566,369,278,38,1,1058,1058,24,31,72,64,75,200,320,164,101,7,0,998,998,16,10,36,36,50,190,246,205,177,31,1
경상북도 군위군 우보면(4772034000),1955,1955,16,30,87,72,107,346,536,398,325,36,2,986,986,5,11,57,45,82,196,291,184,109,6,0,969,969,11,19,30,27,25,150,245,214,216,30,2
경상북도 군위군 의흥면(4772035000),2384,2384,37,66,89,100,155,372,641,511,357,53,3,1151,1151,15,31,42,61,93,217,320,241,119,12,0,1233,1233,22,35,47,39,62,155,321,270,238,41,3
경상북도 군위군 산성면(4772036000),1229,1229,20,22,38,51,63,217,337,258,198,25,0,622,622,12,10,28,37,36,139,174,120,60,6,0,607,607,8,12,10,14,27,78,163,138,138,19,0
경상북도 군위군 삼국유사면(4772038000),1296,1296,9,20,37,39,80,231,408,282,167,23,0,676,676,6,10,27,25,51,133,230,139,55,0,0,620,620,3,10,10,14,29,98,178,143,112,23,0
경상북도 의성군 (4773000000),50609,50609,1777,2142,2775,2946,4387,8153,12253,8782,6464,915,15,24855,24855,935,1138,1600,1635,2550,4478,6229,3927,2156,206,1,25754,25754,842,1004,1175,1311,1837,3675,6024,4855,4308,709,14
경상북도 의성군 의성읍(4773025000),12929,12929,718,1000,1027,1065,1684,2091,2551,1696,957,140,0,6346,6346,391,538,586,539,866,1115,1207,756,314,34,0,6583,6583,327,462,441,526,818,976,1344,940,643,106,0
경상북도 의성군 단촌면(4773031000),1925,1925,31,56,74,84,136,292,567,347,306,31,1,953,953,21,32,44,54,92,169,290,146,99,6,0,972,972,10,24,30,30,44,123,277,201,207,25,1
경상북도 의성군 점곡면(4773032000),1589,1589,40,27,59,70,97,231,436,325,263,41,0,782,782,22,16,34,47,65,133,219,148,91,7,0,807,807,18,11,25,23,32,98,217,177,172,34,0
경상북도 의성군 옥산면(4773033000),1740,1740,30,53,70,53,118,318,503,351,215,28,1,862,862,19,26,32,36,78,173,264,158,67,9,0,878,878,11,27,38,17,40,145,239,193,148,19,1
경상북도 의성군 사곡면(4773034000),1568,1568,24,41,54,40,106,267,430,302,253,51,0,763,763,14,27,30,22,72,148,218,145,75,12,0,805,805,10,14,24,18,34,119,212,157,178,39,0
경상북도 의성군 춘산면(4773035000),1467,1467,39,48,47,66,71,237,458,279,190,32,0,750,750,15,27,36,33,44,121,254,137,74,9,0,717,717,24,21,11,33,27,116,204,142,116,23,0
경상북도 의성군 가음면(4773036000),1462,1462,34,36,56,63,87,221,440,282,215,28,0,735,735,20,18,32,30,55,119,247,133,75,6,0,727,727,14,18,24,33,32,102,193,149,140,22,0
경상북도 의성군 금성면(4773037000),4201,4201,121,137,190,216,324,623,1068,854,577,89,2,2052,2052,66,75,112,122,179,346,558,385,187,22,0,2149,2149,55,62,78,94,145,277,510,469,390,67,2
경상북도 의성군 봉양면(4773038000),3857,3857,148,109,240,248,328,660,958,652,431,80,3,1885,1885,68,54,133,137,206,374,458,291,142,22,0,1972,1972,80,55,107,111,122,286,500,361,289,58,3
경상북도 의성군 비안면(4773039000),2558,2558,85,37,114,123,174,388,693,501,393,49,1,1253,1253,40,22,67,72,117,215,354,234,123,9,0,1305,1305,45,15,47,51,57,173,339,267,270,40,1
경상북도 의성군 구천면(4773040000),1765,1765,42,43,71,94,100,291,473,328,288,35,0,877,877,16,25,41,55,69,159,260,150,97,5,0,888,888,26,18,30,39,31,132,213,178,191,30,0
경상북도 의성군 단밀면(4773041000),1704,1704,32,53,86,81,120,286,402,322,292,29,1,852,852,19,27,55,48,80,156,209,139,115,4,0,852,852,13,26,31,33,40,130,193,183,177,25,1
경상북도 의성군 단북면(4773042000),1783,1783,40,49,97,85,112,300,437,334,286,43,0,861,861,20,24,58,49,72,183,231,134,81,9,0,922,922,20,25,39,36,40,117,206,200,205,34,0
경상북도 의성군 안계면(4773043000),4522,4522,227,237,320,333,473,764,882,703,509,74,0,2185,2185,114,112,189,190,256,409,434,304,166,11,0,2337,2337,113,125,131,143,217,355,448,399,343,63,0
경상북도 의성군 다인면(4773044000),3762,3762,81,118,158,186,235,612,924,757,609,79,3,1828,1828,43,60,87,125,147,332,469,336,208,20,1,1934,1934,38,58,71,61,88,280,455,421,401,59,2
경상북도 의성군 신평면(4773045000),815,815,19,13,18,23,47,145,195,170,164,21,0,392,392,7,8,7,12,26,84,108,74,60,6,0,423,423,12,5,11,11,21,61,87,96,104,15,0
경상북도 의성군 안평면(4773046000),2129,2129,48,68,68,79,127,303,618,418,353,46,1,1074,1074,27,37,41,42,94,171,325,195,128,14,0,1055,1055,21,31,27,37,33,132,293,223,225,32,1
경상북도 의성군 안사면(4773047000),833,833,18,17,26,37,48,124,218,161,163,19,2,405,405,13,10,16,22,32,71,124,62,54,1,0,428,428,5,7,10,15,16,53,94,99,109,18,2
경상북도 청송군 (4775000000),24555,24555,885,1128,1563,1557,2218,4439,5767,4004,2614,368,12,12303,12303,468,597,948,928,1255,2382,2909,1824,907,84,1,12252,12252,417,531,615,629,963,2057,2858,2180,1707,284,11
경상북도 청송군 청송읍(4775025000),5087,5087,266,333,433,432,563,978,984,620,421,54,3,2506,2506,136,173,243,245,285,516,492,266,142,8,0,2581,2581,130,160,190,187,278,462,492,354,279,46,3
경상북도 청송군 주왕산면(4775031500),1813,1813,41,55,81,108,130,340,482,331,213,32,0,908,908,19,35,50,65,84,181,255,148,66,5,0,905,905,22,20,31,43,46,159,227,183,147,27,0
경상북도 청송군 부남면(4775032000),2465,2465,63,78,119,114,155,447,678,463,297,50,1,1225,1225,35,44,76,62,87,242,336,214,115,13,1,1240,1240,28,34,43,52,68,205,342,249,182,37,0
경상북도 청송군 현동면(4775033000),2099,2099,72,97,136,93,184,421,452,359,248,34,3,1055,1055,36,54,79,51,109,233,225,171,90,7,0,1044,1044,36,43,57,42,75,188,227,188,158,27,3
경상북도 청송군 현서면(4775034000),2487,2487,55,92,99,112,185,422,745,456,281,38,2,1243,1243,30,49,54,73,109,219,371,213,116,9,0,1244,1244,25,43,45,39,76,203,374,243,165,29,2
경상북도 청송군 안덕면(4775035000),2578,2578,65,98,114,111,178,473,652,503,326,55,3,1255,1255,38,53,75,58,101,257,332,214,114,13,0,1323,1323,27,45,39,53,77,216,320,289,212,42,3
경상북도 청송군 파천면(4775036000),1741,1741,41,54,84,84,127,260,460,326,260,45,0,881,881,23,22,53,55,78,147,254,155,80,14,0,860,860,18,32,31,29,49,113,206,171,180,31,0
경상북도 청송군 진보면(4775037000),6285,6285,282,321,497,503,696,1098,1314,946,568,60,0,3230,3230,151,167,318,319,402,587,644,443,184,15,0,3055,3055,131,154,179,184,294,511,670,503,384,45,0
경상북도 영양군 (4776000000),16263,16263,645,895,1047,976,1568,2814,3647,2553,1822,284,12,8130,8130,335,459,597,538,928,1613,1856,1126,613,64,1,8133,8133,310,436,450,438,640,1201,1791,1427,1209,220,11
경상북도 영양군 영양읍(4776025000),7084,7084,398,530,607,593,872,1212,1327,883,554,108,0,3516,3516,219,262,344,310,487,667,649,377,182,19,0,3568,3568,179,268,263,283,385,545,678,506,372,89,0
경상북도 영양군 입암면(4776031000),2101,2101,64,72,91,109,179,337,528,395,272,54,0,1017,1017,28,41,50,60,122,185,269,167,84,11,0,1084,1084,36,31,41,49,57,152,259,228,188,43,0
경상북도 영양군 청기면(4776032000),1693,1693,44,47,66,54,120,259,458,342,262,37,4,872,872,24,23,37,37,84,169,228,169,93,8,0,821,821,20,24,29,17,36,90,230,173,169,29,4
경상북도 영양군 일월면(4776033000),1743,1743,36,77,99,63,120,334,418,296,265,33,2,865,865,14,39,54,40,65,188,226,133,96,9,1,878,878,22,38,45,23,55,146,192,163,169,24,1
경상북도 영양군 수비면(4776034000),1656,1656,51,98,91,68,138,298,399,271,215,26,1,847,847,29,51,59,40,82,180,204,119,73,10,0,809,809,22,47,32,28,56,118,195,152,142,16,1
경상북도 영양군 석보면(4776035000),1986,1986,52,71,93,89,139,374,517,366,254,26,5,1013,1013,21,43,53,51,88,224,280,161,85,7,0,973,973,31,28,40,38,51,150,237,205,169,19,5
경상북도 영덕군 (4777000000),35122,35122,1428,1971,2170,2096,3590,5977,7540,5721,4036,580,13,16726,16726,716,1024,1276,1096,1959,3235,3663,2385,1258,114,0,18396,18396,712,947,894,1000,1631,2742,3877,3336,2778,466,13
경상북도 영덕군 영덕읍(4777025000),10693,10693,696,902,878,905,1495,1863,1853,1211,760,126,4,5153,5153,352,448,514,455,747,1010,869,491,243,24,0,5540,5540,344,454,364,450,748,853,984,720,517,102,4
경상북도 영덕군 강구면(4777031000),5995,5995,191,288,366,349,601,1096,1407,1051,575,70,1,2828,2828,94,165,217,191,343,579,649,423,158,9,0,3167,3167,97,123,149,158,258,517,758,628,417,61,1
경상북도 영덕군 남정면(4777032000),2291,2291,32,53,123,102,159,393,560,469,346,52,2,1120,1120,13,35,76,56,100,227,300,198,102,13,0,1171,1171,19,18,47,46,59,166,260,271,244,39,2
경상북도 영덕군 달산면(4777033000),1107,1107,13,29,48,39,60,188,281,213,197,38,1,504,504,8,16,26,23,30,106,150,81,58,6,0,603,603,5,13,22,16,30,82,131,132,139,32,1
경상북도 영덕군 지품면(4777034000),1450,1450,33,37,55,50,89,240,399,293,224,30,0,711,711,19,24,31,23,61,133,209,130,73,8,0,739,739,14,13,24,27,28,107,190,163,151,22,0
경상북도 영덕군 지품면원전출장소(4777034500),527,527,9,14,19,11,24,81,133,132,93,10,1,248,248,4,7,11,6,18,44,69,53,33,3,0,279,279,5,7,8,5,6,37,64,79,60,7,1
경상북도 영덕군 축산면(4777035000),900,900,24,35,36,26,70,150,195,184,162,18,0,431,431,13,17,24,11,40,93,95,86,51,1,0,469,469,11,18,12,15,30,57,100,98,111,17,0
경상북도 영덕군 축산면축산출장소(4777035500),1635,1635,36,57,67,77,136,294,404,347,202,14,1,763,763,18,30,41,40,76,155,189,143,64,7,0,872,872,18,27,26,37,60,139,215,204,138,7,1
경상북도 영덕군 영해면(4777036000),6201,6201,306,399,425,382,679,1007,1261,921,705,116,0,2887,2887,146,203,251,198,360,510,599,386,214,20,0,3314,3314,160,196,174,184,319,497,662,535,491,96,0
경상북도 영덕군 병곡면(4777037000),2710,2710,65,119,113,99,184,425,633,543,460,69,0,1286,1286,35,62,60,60,120,248,318,227,144,12,0,1424,1424,30,57,53,39,64,177,315,316,316,57,0
경상북도 영덕군 창수면(4777038000),1613,1613,23,38,40,56,93,240,414,357,312,37,3,795,795,14,17,25,33,64,130,216,167,118,11,0,818,818,9,21,15,23,29,110,198,190,194,26,3
경상북도 청도군 (4782000000),41734,41734,1384,2193,2492,2462,4224,7075,9988,6726,4485,695,10,20575,20575,712,1122,1459,1329,2362,3750,5114,3141,1453,133,0,21159,21159,672,1071,1033,1133,1862,3325,4874,3585,3032,562,10
경상북도 청도군 화양읍(4782025000),7202,7202,434,653,576,582,1005,1189,1375,798,503,86,1,3520,3520,229,321,339,295,509,606,679,359,165,18,0,3682,3682,205,332,237,287,496,583,696,439,338,68,1
경상북도 청도군 화양읍남성현출장소(4782025100),1120,1120,41,30,51,80,103,162,274,206,149,24,0,567,567,20,17,28,46,67,91,141,98,51,8,0,553,553,21,13,23,34,36,71,133,108,98,16,0
경상북도 청도군 청도읍(4782025300),10107,10107,385,695,768,746,1273,1782,2178,1372,798,108,2,4950,4950,188,357,427,408,682,920,1093,605,253,17,0,5157,5157,197,338,341,338,591,862,1085,767,545,91,2
경상북도 청도군 청도읍유호출장소(4782025400),1565,1565,42,45,64,67,133,230,435,332,192,25,0,755,755,17,25,41,38,84,119,218,154,56,3,0,810,810,25,20,23,29,49,111,217,178,136,22,0
경상북도 청도군 각남면(4782031000),2169,2169,53,74,100,103,158,342,537,451,290,60,1,1041,1041,31,38,64,53,96,172,289,193,94,11,0,1128,1128,22,36,36,50,62,170,248,258,196,49,1
경상북도 청도군 풍각면(4782032000),3848,3848,114,144,181,235,326,630,1020,637,482,78,1,1883,1883,61,65,111,127,196,339,520,296,156,12,0,1965,1965,53,79,70,108,130,291,500,341,326,66,1
경상북도 청도군 각북면(4782033000),2257,2257,53,61,109,103,147,429,623,401,295,36,0,1120,1120,28,25,68,50,76,230,337,194,109,3,0,1137,1137,25,36,41,53,71,199,286,207,186,33,0
경상북도 청도군 이서면(4782034000),4514,4514,128,263,242,231,428,736,1111,811,475,88,1,2214,2214,60,140,131,113,241,392,556,414,150,17,0,2300,2300,68,123,111,118,187,344,555,397,325,71,1
경상북도 청도군 운문면(4782035000),2006,2006,29,38,96,80,146,411,539,325,302,39,1,1016,1016,17,29,66,48,82,230,300,144,87,13,0,990,990,12,9,30,32,64,181,239,181,215,26,1
경상북도 청도군 금천면(4782036000),3229,3229,52,83,146,107,252,546,851,662,456,72,2,1645,1645,27,50,88,68,161,316,439,326,152,18,0,1584,1584,25,33,58,39,91,230,412,336,304,54,2
경상북도 청도군 매전면(4782037000),3717,3717,53,107,159,128,253,618,1045,731,543,79,1,1864,1864,34,55,96,83,168,335,542,358,180,13,0,1853,1853,19,52,63,45,85,283,503,373,363,66,1
경상북도 고령군 (4783000000),30508,30508,1263,1875,2261,1958,3510,5711,6633,4161,2759,371,6,15674,15674,652,1005,1311,1082,1953,3238,3543,1886,914,89,1,14834,14834,611,870,950,876,1557,2473,3090,2275,1845,282,5
경상북도 고령군 대가야읍(4783025300),9868,9868,548,835,915,704,1405,1883,1748,1111,639,78,2,4978,4978,287,456,542,362,735,1027,867,481,204,17,0,4890,4890,261,379,373,342,670,856,881,630,435,61,2
경상북도 고령군 덕곡면(4783031000),1397,1397,31,41,72,60,83,226,406,229,225,23,1,702,702,19,21,43,32,50,124,230,104,69,10,0,695,695,12,20,29,28,33,102,176,125,156,13,1
경상북도 고령군 운수면(4783032000),1809,1809,44,50,81,101,137,313,474,317,259,33,0,911,911,22,32,44,56,84,182,251,149,79,12,0,898,898,22,18,37,45,53,131,223,168,180,21,0
경상북도 고령군 성산면(4783033000),2522,2522,64,62,174,145,239,509,648,387,254,40,0,1377,1377,29,30,107,85,156,304,370,193,92,11,0,1145,1145,35,32,67,60,83,205,278,194,162,29,0
경상북도 고령군 다산면(4783034000),8264,8264,428,723,711,648,1156,1586,1599,897,465,51,0,4282,4282,217,380,398,356,614,887,842,405,169,14,0,3982,3982,211,343,313,292,542,699,757,492,296,37,0
경상북도 고령군 개진면(4783035000),1889,1889,34,29,100,99,126,390,521,329,217,43,1,1022,1022,22,16,59,66,85,246,302,153,66,6,1,867,867,12,13,41,33,41,144,219,176,151,37,0
경상북도 고령군 우곡면(4783036000),1536,1536,26,40,64,67,114,268,358,323,252,24,0,796,796,14,16,41,47,77,163,197,151,86,4,0,740,740,12,24,23,20,37,105,161,172,166,20,0
경상북도 고령군 쌍림면(4783037000),3223,3223,88,95,144,134,250,536,879,568,448,79,2,1606,1606,42,54,77,78,152,305,484,250,149,15,0,1617,1617,46,41,67,56,98,231,395,318,299,64,2
경상북도 성주군 (4784000000),42930,42930,1787,2174,3076,3124,4491,8007,10030,6037,3636,554,14,22317,22317,909,1177,1859,1710,2661,4440,5360,2850,1235,113,3,20613,20613,878,997,1217,1414,1830,3567,4670,3187,2401,441,11
경상북도 성주군 성주읍(4784025000),13476,13476,861,1237,1376,1304,1945,2388,2235,1302,713,114,1,6834,6834,415,678,806,662,1032,1268,1136,578,238,21,0,6642,6642,446,559,570,642,913,1120,1099,724,475,93,1
경상북도 성주군 선남면(4784031000),6142,6142,209,184,408,459,573,1248,1605,923,454,74,5,3360,3360,112,95,270,273,398,694,891,454,159,13,1,2782,2782,97,89,138,186,175,554,714,469,295,61,4
경상북도 성주군 용암면(4784032000),3700,3700,101,109,198,230,309,770,1026,548,342,67,0,2036,2036,52,68,126,150,196,466,583,273,109,13,0,1664,1664,49,41,72,80,113,304,443,275,233,54,0
경상북도 성주군 수륜면(4784033000),3209,3209,83,117,145,168,246,559,902,522,406,58,3,1619,1619,43,57,88,93,143,308,496,244,130,15,2,1590,1590,40,60,57,75,103,251,406,278,276,43,1
경상북도 성주군 가천면(4784034000),1998,1998,60,40,98,105,159,371,561,320,244,38,2,1006,1006,30,18,59,66,108,195,296,145,82,7,0,992,992,30,22,39,39,51,176,265,175,162,31,2
경상북도 성주군 금수면(4784035000),1201,1201,26,32,53,57,103,228,307,218,158,19,0,635,635,19,18,34,38,65,125,171,106,56,3,0,566,566,7,14,19,19,38,103,136,112,102,16,0
경상북도 성주군 대가면(4784036000),2421,2421,62,86,158,128,205,438,613,424,268,39,0,1222,1222,32,42,87,72,129,249,315,192,96,8,0,1199,1199,30,44,71,56,76,189,298,232,172,31,0
경상북도 성주군 벽진면(4784037000),3043,3043,100,83,166,183,250,531,837,549,297,46,1,1581,1581,49,39,100,100,168,297,439,273,100,16,0,1462,1462,51,44,66,83,82,234,398,276,197,30,1
경상북도 성주군 초전면(4784038000),4432,4432,172,182,267,284,416,839,1078,699,433,61,1,2257,2257,95,105,164,141,247,475,553,326,144,7,0,2175,2175,77,77,103,143,169,364,525,373,289,54,1
경상북도 성주군 월항면(4784039000),3308,3308,113,104,207,206,285,635,866,532,321,38,1,1767,1767,62,57,125,115,175,363,480,259,121,10,0,1541,1541,51,47,82,91,110,272,386,273,200,28,1
경상북도 칠곡군 (4785000000),113311,113311,8318,11269,11343,13292,20502,20200,15176,7735,4744,712,20,59070,59070,4277,5933,6560,7211,11018,10944,7935,3473,1547,172,0,54241,54241,4041,5336,4783,6081,9484,9256,7241,4262,3197,540,20
경상북도 칠곡군 왜관읍(4785025000),32560,32560,2067,3254,3605,3102,5203,6296,4826,2413,1562,223,9,16306,16306,1066,1665,2090,1653,2647,3201,2407,1018,505,54,0,16254,16254,1001,1589,1515,1449,2556,3095,2419,1395,1057,169,9
경상북도 칠곡군 북삼읍(4785025300),24312,24312,1678,3058,2797,2313,5029,5095,2594,1107,566,74,1,12642,12642,870,1602,1648,1192,2502,2723,1400,504,178,23,0,11670,11670,808,1456,1149,1121,2527,2372,1194,603,388,51,1
경상북도 칠곡군 석적읍(4785025600),31151,31151,3917,3847,2973,6265,7496,3573,1856,763,406,55,0,16892,16892,2004,2072,1610,3393,4244,2155,937,338,126,13,0,14259,14259,1913,1775,1363,2872,3252,1418,919,425,280,42,0
경상북도 칠곡군 지천면(4785031000),4067,4067,63,99,274,227,341,754,1053,684,498,72,2,2187,2187,31,55,163,136,239,442,604,322,176,19,0,1880,1880,32,44,111,91,102,312,449,362,322,53,2
경상북도 칠곡군 동명면(4785032000),5302,5302,113,146,366,314,439,1060,1430,810,520,100,4,2708,2708,59,73,244,199,273,550,746,389,160,15,0,2594,2594,54,73,122,115,166,510,684,421,360,85,4
경상북도 칠곡군 가산면(4785033000),3372,3372,67,110,190,198,336,682,891,557,274,67,0,1828,1828,31,55,121,127,202,399,495,281,99,18,0,1544,1544,36,55,69,71,134,283,396,276,175,49,0
경상북도 칠곡군 약목면(4785036000),9446,9446,239,583,948,607,1242,2190,1884,1038,632,81,2,4890,4890,118,313,571,370,664,1172,1001,458,205,18,0,4556,4556,121,270,377,237,578,1018,883,580,427,63,2
경상북도 칠곡군 기산면(4785037000),3101,3101,174,172,190,266,416,550,642,363,286,40,2,1617,1617,98,98,113,141,247,302,345,163,98,12,0,1484,1484,76,74,77,125,169,248,297,200,188,28,2
경상북도 예천군 (4790000000),55645,55645,4328,4499,3957,5135,7260,7888,9855,6689,5250,760,24,27362,27362,2175,2378,2234,2600,3860,4181,4950,3024,1808,151,1,28283,28283,2153,2121,1723,2535,3400,3707,4905,3665,3442,609,23
경상북도 예천군 예천읍(4790025000),14558,14558,719,1179,1278,1050,1858,2359,2924,1891,1124,173,3,7195,7195,370,657,745,549,986,1200,1397,861,399,31,0,7363,7363,349,522,533,501,872,1159,1527,1030,725,142,3
경상북도 예천군 용문면(4790031000),2267,2267,55,107,71,71,164,323,532,469,427,48,0,1140,1140,27,64,44,40,104,198,285,220,145,13,0,1127,1127,28,43,27,31,60,125,247,249,282,35,0
경상북도 예천군 감천면(4790034000),2595,2595,49,76,122,99,150,396,707,481,438,77,0,1292,1292,26,36,78,64,102,210,385,218,153,20,0,1303,1303,23,40,44,35,48,186,322,263,285,57,0
경상북도 예천군 보문면(4790035000),1662,1662,50,55,54,73,106,255,419,315,291,44,0,814,814,24,31,33,35,68,161,225,131,93,13,0,848,848,26,24,21,38,38,94,194,184,198,31,0
경상북도 예천군 호명면(4790036000),19893,19893,3120,2563,1703,3218,3894,2464,1629,715,506,76,5,9732,9732,1566,1319,879,1527,1906,1216,796,331,182,10,0,10161,10161,1554,1244,824,1691,1988,1248,833,384,324,66,5
경상북도 예천군 유천면(4790037000),2549,2549,147,111,227,188,230,332,470,405,370,66,3,1269,1269,77,54,154,109,145,193,230,177,119,11,0,1280,1280,70,57,73,79,85,139,240,228,251,55,3
경상북도 예천군 용궁면(4790038000),2379,2379,40,83,97,98,187,336,582,506,390,57,3,1158,1158,20,41,55,65,124,191,273,237,138,14,0,1221,1221,20,42,42,33,63,145,309,269,252,43,3
경상북도 예천군 개포면(4790039000),1508,1508,20,33,51,40,85,203,405,315,318,37,1,731,731,8,17,32,21,56,128,220,134,110,5,0,777,777,12,16,19,19,29,75,185,181,208,32,1
경상북도 예천군 지보면(4790040000),2667,2667,41,71,93,110,184,372,711,558,476,48,3,1315,1315,17,42,54,72,130,213,368,257,155,7,0,1352,1352,24,29,39,38,54,159,343,301,321,41,3
경상북도 예천군 풍양면(4790041000),3023,3023,39,98,150,109,225,439,753,578,561,71,0,1447,1447,19,50,91,75,138,242,384,242,193,13,0,1576,1576,20,48,59,34,87,197,369,336,368,58,0
경상북도 예천군 효자면(4790042000),1171,1171,17,55,40,33,77,207,385,185,143,28,1,586,586,8,34,23,15,42,110,209,96,42,6,1,585,585,9,21,17,18,35,97,176,89,101,22,0
경상북도 예천군 은풍면(4790043000),1373,1373,31,68,71,46,100,202,338,271,206,35,5,683,683,13,33,46,28,59,119,178,120,79,8,0,690,690,18,35,25,18,41,83,160,151,127,27,5
경상북도 봉화군 (4792000000),30572,30572,1161,1780,1772,1696,2966,5427,7179,4670,3374,528,19,15443,15443,602,931,1065,943,1707,2962,3770,2154,1185,123,1,15129,15129,559,849,707,753,1259,2465,3409,2516,2189,405,18
경상북도 봉화군 봉화읍(4792025000),9603,9603,535,891,779,667,1195,1704,1740,1167,784,136,5,4722,4722,276,431,440,345,614,921,865,529,276,25,0,4881,4881,259,460,339,322,581,783,875,638,508,111,5
경상북도 봉화군 물야면(4792031000),3056,3056,84,115,115,137,214,544,849,549,382,65,2,1546,1546,44,69,79,80,126,276,463,251,140,18,0,1510,1510,40,46,36,57,88,268,386,298,242,47,2
경상북도 봉화군 봉성면(4792032000),2067,2067,46,75,118,105,173,337,538,362,265,47,1,999,999,27,35,72,61,106,170,273,162,84,9,0,1068,1068,19,40,46,44,67,167,265,200,181,38,1
경상북도 봉화군 법전면(4792033000),1983,1983,53,83,88,89,126,340,506,339,314,44,1,1007,1007,27,40,54,50,80,198,285,142,120,11,0,976,976,26,43,34,39,46,142,221,197,194,33,1
경상북도 봉화군 춘양면(4792034000),4384,4384,157,200,246,223,381,812,1060,696,524,83,2,2197,2197,90,111,151,121,223,424,543,324,187,23,0,2187,2187,67,89,95,102,158,388,517,372,337,60,2
경상북도 봉화군 소천면(4792035000),2165,2165,41,85,84,89,169,413,629,355,260,38,2,1101,1101,21,48,48,50,101,228,350,160,84,10,1,1064,1064,20,37,36,39,68,185,279,195,176,28,1
경상북도 봉화군 재산면(4792036000),1473,1473,22,61,63,55,108,293,432,229,185,24,1,745,745,8,43,33,32,57,156,235,109,66,6,0,728,728,14,18,30,23,51,137,197,120,119,18,1
경상북도 봉화군 명호면(4792037000),2201,2201,46,110,81,78,188,406,589,401,260,39,3,1160,1160,25,63,59,46,119,236,321,196,88,7,0,1041,1041,21,47,22,32,69,170,268,205,172,32,3
경상북도 봉화군 상운면(4792038000),1689,1689,22,29,85,52,108,267,453,368,267,36,2,864,864,7,20,52,35,72,154,225,189,101,9,0,825,825,15,9,33,17,36,113,228,179,166,27,2
경상북도 봉화군 석포면(4792039000),1951,1951,155,131,113,201,304,311,383,204,133,16,0,1102,1102,77,71,77,123,209,199,210,92,39,5,0,849,849,78,60,36,78,95,112,173,112,94,11,0
경상북도 울진군 (4793000000),47389,47389,2582,3496,4132,3918,5921,8298,8859,5509,3946,716,12,23824,23824,1339,1868,2452,2178,3212,4588,4428,2436,1200,122,1,23565,23565,1243,1628,1680,1740,2709,3710,4431,3073,2746,594,11
경상북도 울진군 울진읍(4793025000),13731,13731,950,1591,1511,1296,2205,2429,1874,1064,694,116,1,6940,6940,495,830,855,708,1097,1286,945,477,228,19,0,6791,6791,455,761,656,588,1108,1143,929,587,466,97,1
경상북도 울진군 평해읍(4793025300),2663,2663,47,181,151,134,212,418,575,488,381,75,1,1273,1273,29,122,85,75,123,241,264,200,121,13,0,1390,1390,18,59,66,59,89,177,311,288,260,62,1
경상북도 울진군 북면(4793031000),6656,6656,731,454,713,1016,977,1082,870,455,310,45,3,3523,3523,368,245,435,552,544,622,445,217,92,2,1,3133,3133,363,209,278,464,433,460,425,238,218,43,2
경상북도 울진군 북면하당출장소(4793031500),691,691,8,20,42,25,57,132,165,112,115,15,0,358,358,5,10,24,17,39,91,86,45,40,1,0,333,333,3,10,18,8,18,41,79,67,75,14,0
경상북도 울진군 근남면(4793033000),2737,2737,107,114,175,155,287,484,629,373,342,70,1,1385,1385,66,60,103,95,173,280,329,159,108,12,0,1352,1352,41,54,72,60,114,204,300,214,234,58,1
경상북도 울진군 기성면(4793035000),2424,2424,35,90,151,108,135,387,603,424,404,86,1,1163,1163,17,44,108,67,76,225,305,186,119,16,0,1261,1261,18,46,43,41,59,162,298,238,285,70,1
경상북도 울진군 온정면(4793036000),1657,1657,41,55,86,50,128,248,397,328,273,50,1,802,802,18,34,49,30,72,145,208,146,89,11,0,855,855,23,21,37,20,56,103,189,182,184,39,1
경상북도 울진군 죽변면(4793037000),6217,6217,267,355,611,521,768,1183,1309,692,440,71,0,3201,3201,144,185,379,302,445,649,657,308,120,12,0,3016,3016,123,170,232,219,323,534,652,384,320,59,0
경상북도 울진군 후포면(4793038000),7345,7345,337,523,576,498,896,1316,1625,1014,469,89,2,3595,3595,166,281,345,258,493,689,754,450,139,20,0,3750,3750,171,242,231,240,403,627,871,564,330,69,2
경상북도 울진군 금강송면(4793039000),1258,1258,17,35,29,36,104,287,339,212,181,17,1,625,625,11,17,19,24,53,160,191,93,51,6,0,633,633,6,18,10,12,51,127,148,119,130,11,1
경상북도 울진군 매화면(4793040000),2010,2010,42,78,87,79,152,332,473,347,337,82,1,959,959,20,40,50,50,97,200,244,155,93,10,0,1051,1051,22,38,37,29,55,132,229,192,244,72,1
경상북도 울릉군 (4794000000),9003,9003,364,433,841,795,1223,1806,1852,1086,521,82,0,4946,4946,185,221,527,466,758,1058,989,514,208,20,0,4057,4057,179,212,314,329,465,748,863,572,313,62,0
경상북도 울릉군 울릉읍(4794025000),6339,6339,264,338,626,607,905,1288,1268,714,288,41,0,3487,3487,131,158,388,362,549,763,667,338,123,8,0,2852,2852,133,180,238,245,356,525,601,376,165,33,0
경상북도 울릉군 서면(4794031000),915,915,42,42,70,72,108,190,188,115,81,7,0,487,487,22,29,44,38,64,106,110,48,24,2,0,428,428,20,13,26,34,44,84,78,67,57,5,0
경상북도 울릉군 서면태하출장소(4794031500),442,442,15,15,22,26,29,89,109,79,42,16,0,246,246,11,10,12,14,25,52,54,45,17,6,0,196,196,4,5,10,12,4,37,55,34,25,10,0
경상북도 울릉군 북면(4794032000),1307,1307,43,38,123,90,181,239,287,178,110,18,0,726,726,21,24,83,52,120,137,158,83,44,4,0,581,581,22,14,40,38,61,102,129,95,66,14,0
경상남도  (4800000000),3300692,3300692,243024,318106,354522,372678,525436,580031,500003,253429,133771,19297,395,1661866,1661866,124932,165900,198424,195518,270070,296873,248822,114566,43044,3663,54,1638826,1638826,118092,152206,156098,177160,255366,283158,251181,138863,90727,15634,341
경상남도 창원시 (4812000000),1028152,1028152,76603,97533,122782,128150,165842,184170,152889,67526,28724,3866,67,520904,520904,39529,50875,68876,68142,84755,91360,75437,31304,9883,730,13,507248,507248,37074,46658,53906,60008,81087,92810,77452,36222,18841,3136,54
경상남도 창원시 의창구 (4812100000),216891,216891,16586,19253,27191,27673,33723,40995,32589,12682,5420,765,14,110536,110536,8479,10092,15324,14652,17388,20115,16491,6084,1782,127,2,106355,106355,8107,9161,11867,13021,16335,20880,16098,6598,3638,638,12
경상남도 창원시 의창구 동읍(4812125000),19615,19615,972,1749,2125,1706,2944,3956,3438,1727,880,116,2,10042,10042,483,940,1297,949,1527,2013,1738,807,276,12,0,9573,9573,489,809,828,757,1417,1943,1700,920,604,104,2
경상남도 창원시 의창구 북면(4812131000),43114,43114,6030,4166,3395,7234,7722,6067,5408,2005,933,150,4,21739,21739,3117,2130,1899,3505,4109,2909,2769,996,283,22,0,21375,21375,2913,2036,1496,3729,3613,3158,2639,1009,650,128,4
경상남도 창원시 의창구 대산면(4812132000),7097,7097,231,363,580,623,757,1277,1702,947,533,83,1,3593,3593,129,193,339,386,443,651,873,409,155,14,1,3504,3504,102,170,241,237,314,626,829,538,378,69,0
경상남도 창원시 의창구 의창동(4812151000),50092,50092,4011,4513,6474,6561,7967,9622,7170,2654,982,137,1,25391,25391,2036,2326,3617,3494,4051,4642,3571,1308,322,24,0,24701,24701,1975,2187,2857,3067,3916,4980,3599,1346,660,113,1
경상남도 창원시 의창구 팔룡동(4812152000),25830,25830,1900,2636,3798,3635,4285,5150,3063,958,360,44,1,13194,13194,978,1420,2070,1921,2091,2553,1580,449,125,7,0,12636,12636,922,1216,1728,1714,2194,2597,1483,509,235,37,1
경상남도 창원시 의창구 명곡동(4812153000),41039,41039,2122,3737,5963,4204,6029,9010,6515,2409,926,121,3,20886,20886,1087,1972,3340,2250,3022,4398,3289,1156,347,25,0,20153,20153,1035,1765,2623,1954,3007,4612,3226,1253,579,96,3
경상남도 창원시 의창구 봉림동(4812154000),30104,30104,1320,2089,4856,3710,4019,5913,5293,1982,806,114,2,15691,15691,649,1111,2762,2147,2145,2949,2671,959,274,23,1,14413,14413,671,978,2094,1563,1874,2964,2622,1023,532,91,1
경상남도 창원시 성산구 (4812300000),250205,250205,17856,25328,35847,34563,39885,50678,32297,9341,3795,605,10,127578,127578,9165,13323,20099,18582,19266,24360,16938,4579,1159,104,3,122627,122627,8691,12005,15748,15981,20619,26318,15359,4762,2636,501,7
경상남도 창원시 성산구 반송동(4812351000),40504,40504,2938,5080,5076,4364,6998,8158,5356,1805,639,87,3,20364,20364,1499,2658,2860,2203,3272,4001,2751,892,219,9,0,20140,20140,1439,2422,2216,2161,3726,4157,2605,913,420,78,3
경상남도 창원시 성산구 용지동(4812351500),29006,29006,1927,2586,4316,4011,4472,5836,3930,1289,538,99,2,14552,14552,1012,1378,2357,2140,2150,2727,1968,631,167,21,1,14454,14454,915,1208,1959,1871,2322,3109,1962,658,371,78,1
경상남도 창원시 성산구 중앙동(4812352000),34535,34535,2096,2452,6187,6057,5160,6583,4191,1260,474,75,0,18660,18660,1109,1270,3513,3508,2789,3403,2222,670,162,14,0,15875,15875,987,1182,2674,2549,2371,3180,1969,590,312,61,0
경상남도 창원시 성산구 상남동(4812353000),27302,27302,1888,3188,3778,3335,4511,5833,3537,809,348,72,3,13710,13710,964,1676,2127,1760,2058,2708,1910,380,109,17,1,13592,13592,924,1512,1651,1575,2453,3125,1627,429,239,55,2
경상남도 창원시 성산구 사파동(4812354000),45415,45415,3181,4593,6205,6605,7340,9036,5938,1668,743,106,0,22575,22575,1612,2419,3379,3508,3441,4115,3120,768,194,19,0,22840,22840,1569,2174,2826,3097,3899,4921,2818,900,549,87,0
경상남도 창원시 성산구 가음정동(4812355000),39843,39843,3367,3812,5580,6019,6127,8063,4970,1281,536,86,2,20163,20163,1692,1974,3155,3142,2971,3827,2632,614,143,12,1,19680,19680,1675,1838,2425,2877,3156,4236,2338,667,393,74,1
경상남도 창원시 성산구 성주동(4812356000),25904,25904,2083,2905,3689,3289,4098,5765,3079,691,259,46,0,13494,13494,1082,1561,2085,1791,1969,2857,1710,363,71,5,0,12410,12410,1001,1344,1604,1498,2129,2908,1369,328,188,41,0
경상남도 창원시 성산구 웅남동(4812357000),7696,7696,376,712,1016,883,1179,1404,1296,538,258,34,0,4060,4060,195,387,623,530,616,722,625,261,94,7,0,3636,3636,181,325,393,353,563,682,671,277,164,27,0
경상남도 창원시 마산합포구 (4812500000),181110,181110,12872,14299,18684,21004,26925,29305,31801,17362,7747,1089,22,90057,90057,6665,7391,10335,11064,14224,14638,14999,7839,2673,224,5,91053,91053,6207,6908,8349,9940,12701,14667,16802,9523,5074,865,17
경상남도 창원시 마산합포구 구산면(4812531000),4186,4186,104,140,264,244,378,710,1182,720,373,71,0,2165,2165,60,72,172,159,257,378,601,338,116,12,0,2021,2021,44,68,92,85,121,332,581,382,257,59,0
경상남도 창원시 마산합포구 진동면(4812532000),12047,12047,1001,1031,1000,1244,1992,1915,2150,1122,504,86,2,6189,6189,532,530,544,680,1091,1030,1061,539,165,16,1,5858,5858,469,501,456,564,901,885,1089,583,339,70,1
경상남도 창원시 마산합포구 진북면(4812533000),3352,3352,52,128,230,197,285,631,903,537,322,63,4,1791,1791,27,74,138,127,182,357,492,284,101,8,1,1561,1561,25,54,92,70,103,274,411,253,221,55,3
경상남도 창원시 마산합포구 진전면(4812534000),3824,3824,41,132,195,162,253,678,1020,733,500,109,1,1888,1888,21,73,124,95,152,388,542,330,144,19,0,1936,1936,20,59,71,67,101,290,478,403,356,90,1
경상남도 창원시 마산합포구 현동(4812551000),13998,13998,1972,1311,1021,2161,2675,1896,1775,816,323,48,0,6953,6953,1021,666,538,1029,1411,948,825,397,109,9,0,7045,7045,951,645,483,1132,1264,948,950,419,214,39,0
경상남도 창원시 마산합포구 가포동(4812552000),1832,1832,85,93,296,290,232,279,334,164,50,9,0,929,929,46,44,149,156,114,137,181,85,13,4,0,903,903,39,49,147,134,118,142,153,79,37,5,0
경상남도 창원시 마산합포구 월영동(4812553000),42398,42398,4506,4083,4929,6265,6761,6632,5663,2538,893,125,3,21082,21082,2316,2101,2784,3193,3375,3163,2628,1194,309,19,0,21316,21316,2190,1982,2145,3072,3386,3469,3035,1344,584,106,3
경상남도 창원시 마산합포구 문화동(4812554000),11075,11075,443,649,1801,1019,1358,1831,2078,1245,568,81,2,5503,5503,231,305,1044,542,749,898,955,565,199,15,0,5572,5572,212,344,757,477,609,933,1123,680,369,66,2
경상남도 창원시 마산합포구 반월중앙동(4812556500),14298,14298,760,1293,1459,1369,2155,2411,2510,1522,732,87,0,6931,6931,410,669,805,722,1091,1164,1152,645,252,21,0,7367,7367,350,624,654,647,1064,1247,1358,877,480,66,0
경상남도 창원시 마산합포구 완월동(4812557000),9008,9008,348,723,1038,779,1209,1621,1845,920,471,52,2,4360,4360,180,349,541,445,615,777,865,417,157,14,0,4648,4648,168,374,497,334,594,844,980,503,314,38,2
경상남도 창원시 마산합포구 자산동(4812558000),10173,10173,376,833,1062,855,1351,1841,2127,1191,491,44,2,4999,4999,205,472,604,476,688,872,978,531,166,6,1,5174,5174,171,361,458,379,663,969,1149,660,325,38,1
경상남도 창원시 마산합포구 교방동(4812561000),16127,16127,1195,1344,1508,1981,2472,2497,2773,1616,652,87,2,8002,8002,606,713,805,1037,1314,1267,1316,676,246,21,1,8125,8125,589,631,703,944,1158,1230,1457,940,406,66,1
경상남도 창원시 마산합포구 오동동(4812563000),19306,19306,940,1168,1921,2174,2936,3131,3722,2198,996,120,0,9557,9557,473,624,1026,1156,1604,1625,1711,945,361,32,0,9749,9749,467,544,895,1018,1332,1506,2011,1253,635,88,0
경상남도 창원시 마산합포구 합포동(4812564000),7277,7277,396,429,657,907,1040,1180,1429,780,408,48,3,3659,3659,196,233,357,515,599,606,653,336,152,11,1,3618,3618,200,196,300,392,441,574,776,444,256,37,2
경상남도 창원시 마산합포구 산호동(4812565000),12209,12209,653,942,1303,1357,1828,2052,2290,1260,464,59,1,6049,6049,341,466,704,732,982,1028,1039,557,183,17,0,6160,6160,312,476,599,625,846,1024,1251,703,281,42,1
경상남도 창원시 마산회원구 (4812700000),185462,185462,11765,17338,20482,19813,29218,33349,31157,15694,5972,664,10,92811,92811,6054,9054,11313,10549,14939,16630,14820,7141,2186,124,1,92651,92651,5711,8284,9169,9264,14279,16719,16337,8553,3786,540,9
경상남도 창원시 마산회원구 내서읍(4812725000),62957,62957,4403,7710,7667,6032,11022,12455,8324,3612,1578,152,2,31615,31615,2280,4031,4276,3079,5312,6220,4238,1659,499,21,0,31342,31342,2123,3679,3391,2953,5710,6235,4086,1953,1079,131,2
경상남도 창원시 마산회원구 회원1동(4812751000),10104,10104,334,601,876,854,1316,1656,2292,1451,648,75,1,4981,4981,172,318,496,514,720,851,1020,617,254,19,0,5123,5123,162,283,380,340,596,805,1272,834,394,56,1
경상남도 창원시 마산회원구 회원2동(4812752000),10055,10055,660,771,1052,1307,1383,1583,1834,1034,376,55,0,4965,4965,339,408,548,692,733,788,859,462,128,8,0,5090,5090,321,363,504,615,650,795,975,572,248,47,0
경상남도 창원시 마산회원구 석전동(4812754500),16646,16646,1043,1204,1651,2127,2351,2792,3043,1775,597,63,0,8285,8285,531,616,877,1155,1281,1391,1400,792,226,16,0,8361,8361,512,588,774,972,1070,1401,1643,983,371,47,0
경상남도 창원시 마산회원구 회성동(4812755000),5964,5964,143,296,522,507,674,1064,1476,870,375,36,1,3024,3024,76,154,302,303,395,545,716,372,149,12,0,2940,2940,67,142,220,204,279,519,760,498,226,24,1
경상남도 창원시 마산회원구 양덕1동(4812756000),10892,10892,513,788,1236,1168,1559,1877,2195,1118,395,43,0,5463,5463,279,420,698,642,824,931,996,518,150,5,0,5429,5429,234,368,538,526,735,946,1199,600,245,38,0
경상남도 창원시 마산회원구 양덕2동(4812757000),30938,30938,2892,3437,3117,3713,5590,5110,4456,1883,642,98,0,15222,15222,1462,1790,1728,1824,2738,2450,2092,862,258,18,0,15716,15716,1430,1647,1389,1889,2852,2660,2364,1021,384,80,0
경상남도 창원시 마산회원구 합성1동(4812758000),9180,9180,624,527,1078,1201,1305,1579,1626,883,326,28,3,4665,4665,330,270,582,656,725,770,794,410,123,4,1,4515,4515,294,257,496,545,580,809,832,473,203,24,2
경상남도 창원시 마산회원구 합성2동(4812759000),7472,7472,219,449,893,717,1033,1333,1591,919,288,29,1,3740,3740,111,234,476,428,562,686,700,431,107,5,0,3732,3732,108,215,417,289,471,647,891,488,181,24,1
경상남도 창원시 마산회원구 구암1동(4812760000),8785,8785,360,612,904,829,1165,1652,1938,946,339,40,0,4413,4413,173,313,521,475,642,847,863,439,132,8,0,4372,4372,187,299,383,354,523,805,1075,507,207,32,0
경상남도 창원시 마산회원구 구암2동(4812761000),9287,9287,459,744,1195,1008,1319,1640,1745,861,289,27,0,4651,4651,232,387,620,557,699,808,809,414,120,5,0,4636,4636,227,357,575,451,620,832,936,447,169,22,0
경상남도 창원시 마산회원구 봉암동(4812762000),3182,3182,115,199,291,350,501,608,637,342,119,18,2,1787,1787,69,113,189,224,308,343,333,165,40,3,0,1395,1395,46,86,102,126,193,265,304,177,79,15,2
경상남도 창원시 진해구 (4812900000),194484,194484,17524,21315,20578,25097,36091,29843,25045,12447,5790,743,11,99922,99922,9166,11015,11805,13295,18938,15617,12189,5661,2083,151,2,94562,94562,8358,10300,8773,11802,17153,14226,12856,6786,3707,592,9
경상남도 창원시 진해구 충무동(4812953000),16743,16743,1275,1746,2133,2079,2798,2249,2175,1415,756,113,4,8705,8705,650,880,1359,1182,1487,1209,1015,606,291,25,1,8038,8038,625,866,774,897,1311,1040,1160,809,465,88,3
경상남도 창원시 진해구 여좌동(4812954000),8450,8450,275,625,798,652,1111,1398,1546,1249,705,91,0,4180,4180,165,339,500,372,582,701,697,526,277,21,0,4270,4270,110,286,298,280,529,697,849,723,428,70,0
경상남도 창원시 진해구 태백동(4812955000),3923,3923,156,236,372,303,489,659,798,597,279,34,0,1972,1972,86,124,219,168,275,348,384,258,101,9,0,1951,1951,70,112,153,135,214,311,414,339,178,25,0
경상남도 창원시 진해구 경화동(4812956000),11026,11026,881,982,1085,1338,1695,1817,1841,922,418,47,0,5595,5595,473,533,621,723,865,909,879,430,151,11,0,5431,5431,408,449,464,615,830,908,962,492,267,36,0
경상남도 창원시 진해구 병암동(4812957000),7383,7383,484,727,769,717,1184,1223,1187,679,372,41,0,3647,3647,255,389,430,383,603,586,556,312,127,6,0,3736,3736,229,338,339,334,581,637,631,367,245,35,0
경상남도 창원시 진해구 석동(4812958000),17414,17414,1293,2395,2210,1973,3388,2845,2105,833,327,43,2,8963,8963,674,1249,1243,1061,1641,1492,1069,394,128,12,0,8451,8451,619,1146,967,912,1747,1353,1036,439,199,31,2
경상남도 창원시 진해구 이동(4812959000),8578,8578,325,520,1083,967,1259,1465,1713,865,341,40,0,4550,4550,172,280,660,593,736,749,828,402,126,4,0,4028,4028,153,240,423,374,523,716,885,463,215,36,0
경상남도 창원시 진해구 자은동(4812960000),21033,21033,2083,2285,2158,2853,3807,3479,2769,1069,471,58,1,10487,10487,1065,1167,1188,1427,1936,1692,1360,500,141,11,0,10546,10546,1018,1118,970,1426,1871,1787,1409,569,330,47,1
경상남도 창원시 진해구 덕산동(4812961000),10047,10047,952,1212,1126,1201,1714,1438,1324,703,342,34,1,4959,4959,502,621,643,626,847,723,584,300,105,8,0,5088,5088,450,591,483,575,867,715,740,403,237,26,1
경상남도 창원시 진해구 풍호동(4812962000),25423,25423,3102,3363,2083,3364,5197,3464,3088,1184,516,61,1,12716,12716,1648,1727,1150,1619,2590,1696,1528,545,201,12,0,12707,12707,1454,1636,933,1745,2607,1768,1560,639,315,49,1
경상남도 창원시 진해구 웅천동(4812963000),13004,13004,1735,1051,1206,2341,2212,1821,1558,671,363,45,1,6594,6594,902,526,634,1171,1177,944,791,313,124,11,1,6410,6410,833,525,572,1170,1035,877,767,358,239,34,0
경상남도 창원시 진해구 웅동1동(4812964000),7477,7477,510,757,775,839,1287,1318,1110,540,289,52,0,3831,3831,268,401,436,460,651,703,550,272,82,8,0,3646,3646,242,356,339,379,636,615,560,268,207,44,0
경상남도 창원시 진해구 웅동2동(4812965000),43983,43983,4453,5416,4780,6470,9950,6667,3831,1720,611,84,1,23723,23723,2306,2779,2722,3510,5548,3865,1948,803,229,13,0,20260,20260,2147,2637,2058,2960,4402,2802,1883,917,382,71,1
경상남도 진주시 (4817000000),345686,345686,26171,34495,43587,40302,53037,57182,49313,26195,13425,1926,53,170768,170768,13530,18113,23940,20847,26322,28272,23528,11550,4281,378,7,174918,174918,12641,16382,19647,19455,26715,28910,25785,14645,9144,1548,46
경상남도 진주시 문산읍(4817025000),8035,8035,583,652,721,862,1011,1335,1471,819,482,97,2,4059,4059,314,359,386,456,541,712,777,369,126,19,0,3976,3976,269,293,335,406,470,623,694,450,356,78,2
경상남도 진주시 내동면(4817031000),4006,4006,307,453,408,377,621,704,599,316,188,32,1,2010,2010,172,240,212,183,302,370,317,154,54,6,0,1996,1996,135,213,196,194,319,334,282,162,134,26,1
경상남도 진주시 정촌면(4817032000),8709,8709,984,532,975,1751,1217,1267,1179,478,274,50,2,4450,4450,486,276,550,937,666,608,608,237,74,8,0,4259,4259,498,256,425,814,551,659,571,241,200,42,2
경상남도 진주시 금곡면(4817033000),2191,2191,34,95,144,118,168,354,513,390,318,55,2,1053,1053,15,50,94,70,106,198,269,155,88,8,0,1138,1138,19,45,50,48,62,156,244,235,230,47,2
경상남도 진주시 진성면(4817035000),1877,1877,43,46,112,123,130,332,488,302,256,44,1,928,928,24,22,64,68,87,190,249,138,76,10,0,949,949,19,24,48,55,43,142,239,164,180,34,1
경상남도 진주시 일반성면(4817036000),2536,2536,88,174,187,160,256,483,528,357,269,33,1,1242,1242,44,96,107,89,144,258,283,149,65,6,1,1294,1294,44,78,80,71,112,225,245,208,204,27,0
경상남도 진주시 이반성면(4817037000),1577,1577,19,43,66,63,95,251,453,297,245,45,0,786,786,13,27,42,45,62,154,227,142,63,11,0,791,791,6,16,24,18,33,97,226,155,182,34,0
경상남도 진주시 사봉면(4817038000),1486,1486,27,49,56,70,138,198,384,288,237,37,2,723,723,13,26,37,39,96,121,188,137,60,6,0,763,763,14,23,19,31,42,77,196,151,177,31,2
경상남도 진주시 지수면(4817039000),1420,1420,32,73,98,55,128,236,314,252,196,36,0,712,712,15,30,64,35,81,138,163,128,51,7,0,708,708,17,43,34,20,47,98,151,124,145,29,0
경상남도 진주시 대곡면(4817040000),3163,3163,50,117,187,154,233,542,782,552,479,62,5,1582,1582,27,67,126,95,156,312,397,256,136,9,1,1581,1581,23,50,61,59,77,230,385,296,343,53,4
경상남도 진주시 금산면(4817041000),20695,20695,1924,2672,2219,2263,3567,3405,2699,1233,629,84,0,10341,10341,1015,1416,1250,1150,1692,1683,1340,563,222,10,0,10354,10354,909,1256,969,1113,1875,1722,1359,670,407,74,0
경상남도 진주시 집현면(4817042000),4587,4587,192,399,368,363,601,856,873,542,336,56,1,2296,2296,97,202,213,187,317,463,470,234,98,15,0,2291,2291,95,197,155,176,284,393,403,308,238,41,1
경상남도 진주시 미천면(4817043000),1565,1565,20,42,67,58,96,266,396,323,257,39,1,777,777,9,28,43,31,68,163,212,150,68,5,0,788,788,11,14,24,27,28,103,184,173,189,34,1
경상남도 진주시 명석면(4817044000),3955,3955,115,170,305,211,385,737,1043,571,356,61,1,1932,1932,60,81,156,115,219,363,536,267,123,12,0,2023,2023,55,89,149,96,166,374,507,304,233,49,1
경상남도 진주시 대평면(4817045000),1017,1017,22,40,85,45,88,166,256,156,138,20,1,486,486,11,16,51,28,50,90,139,67,31,3,0,531,531,11,24,34,17,38,76,117,89,107,17,1
경상남도 진주시 수곡면(4817046000),2194,2194,45,91,125,90,202,386,571,339,304,41,0,1069,1069,25,50,67,41,129,231,294,148,77,7,0,1125,1125,20,41,58,49,73,155,277,191,227,34,0
경상남도 진주시 천전동(4817051500),27659,27659,1423,2363,4292,2706,3791,4596,4230,2734,1356,160,8,13564,13564,762,1303,2340,1453,1891,2218,1902,1159,494,40,2,14095,14095,661,1060,1952,1253,1900,2378,2328,1575,862,120,6
경상남도 진주시 성북동(4817055500),10220,10220,373,679,1363,1085,1459,1648,1872,1127,522,91,1,5059,5059,191,362,701,606,799,822,869,500,187,22,0,5161,5161,182,317,662,479,660,826,1003,627,335,69,1
경상남도 진주시 중앙동(4817056500),10880,10880,286,618,1053,843,1267,1795,2426,1706,796,89,1,5252,5252,154,346,577,489,719,947,1053,718,231,18,0,5628,5628,132,272,476,354,548,848,1373,988,565,71,1
경상남도 진주시 상봉동(4817059500),13678,13678,481,1002,1730,1181,1741,2508,2584,1632,706,111,2,6752,6752,261,537,919,638,954,1296,1170,710,240,27,0,6926,6926,220,465,811,543,787,1212,1414,922,466,84,2
경상남도 진주시 상대동(4817067300),19146,19146,861,1507,2796,1905,2583,3514,3319,1847,739,74,1,9452,9452,425,769,1524,1073,1336,1664,1520,831,292,18,0,9694,9694,436,738,1272,832,1247,1850,1799,1016,447,56,1
경상남도 진주시 하대동(4817067800),24015,24015,1195,2292,3578,2459,3410,4830,3841,1645,671,92,2,11997,11997,653,1224,2010,1339,1675,2307,1809,750,214,15,1,12018,12018,542,1068,1568,1120,1735,2523,2032,895,457,77,1
경상남도 진주시 상평동(4817068000),11408,11408,649,992,1431,1333,1673,1993,1896,1030,362,47,2,5807,5807,318,487,804,733,885,1022,922,476,149,11,0,5601,5601,331,505,627,600,788,971,974,554,213,36,2
경상남도 진주시 초장동(4817069500),26614,26614,3144,3971,3144,3447,5298,4188,2106,881,380,51,4,13462,13462,1695,2235,1755,1601,2487,2105,1066,391,117,8,2,13152,13152,1449,1736,1389,1846,2811,2083,1040,490,263,43,2
경상남도 진주시 평거동(4817071000),27149,27149,1898,3322,3940,2842,4453,5176,3199,1394,794,129,2,12954,12954,960,1709,2148,1396,1935,2405,1554,564,255,28,0,14195,14195,938,1613,1792,1446,2518,2771,1645,830,539,101,2
경상남도 진주시 신안동(4817071500),11452,11452,594,1045,1496,1116,1540,1983,2002,1059,544,70,3,5420,5420,307,540,796,573,737,915,860,466,212,14,0,6032,6032,287,505,700,543,803,1068,1142,593,332,56,3
경상남도 진주시 이현동(4817072000),11670,11670,600,1166,1436,1047,1674,2236,2022,1022,408,56,3,5756,5756,317,671,827,548,778,1072,936,475,122,10,0,5914,5914,283,495,609,499,896,1164,1086,547,286,46,3
경상남도 진주시 판문동(4817073000),20827,20827,2190,2931,2235,2297,4002,3292,2349,1010,458,61,2,9916,9916,1097,1409,1191,1058,1877,1616,1099,416,140,13,0,10911,10911,1093,1522,1044,1239,2125,1676,1250,594,318,48,2
경상남도 진주시 가호동(4817074000),28930,28930,2464,2731,5727,4586,4267,4196,3013,1334,541,70,1,14662,14662,1287,1405,3281,2501,2068,2021,1395,532,164,8,0,14268,14268,1177,1326,2446,2085,2199,2175,1618,802,377,62,1
경상남도 진주시 충무공동(4817075000),33025,33025,5528,4228,3243,6692,6943,3709,1905,559,184,33,1,16269,16269,2763,2130,1605,3270,3465,1808,904,268,52,4,0,16756,16756,2765,2098,1638,3422,3478,1901,1001,291,132,29,1
경상남도 통영시 (4822000000),124554,124554,8145,12599,10302,11855,20682,21927,21595,11534,5223,680,12,62523,62523,4097,6500,5768,6087,11042,11433,10476,5308,1685,127,0,62031,62031,4048,6099,4534,5768,9640,10494,11119,6226,3538,553,12
경상남도 통영시 산양읍(4822025000),4521,4521,97,202,246,276,517,875,1095,708,439,65,1,2382,2382,43,111,144,168,326,520,598,333,128,11,0,2139,2139,54,91,102,108,191,355,497,375,311,54,1
경상남도 통영시 용남면(4822031000),12270,12270,1051,1455,962,1226,2186,2152,1727,951,492,67,1,6144,6144,505,737,525,604,1138,1144,874,435,167,15,0,6126,6126,546,718,437,622,1048,1008,853,516,325,52,1
경상남도 통영시 도산면(4822033000),2811,2811,61,92,156,140,256,490,751,506,320,37,2,1447,1447,34,51,101,82,170,282,378,244,98,7,0,1364,1364,27,41,55,58,86,208,373,262,222,30,2
경상남도 통영시 광도면(4822034000),30910,30910,3336,4125,2672,4079,6665,4731,3273,1387,564,77,1,15633,15633,1675,2135,1441,1979,3483,2489,1590,652,176,13,0,15277,15277,1661,1990,1231,2100,3182,2242,1683,735,388,64,1
경상남도 통영시 욕지면(4822035000),1947,1947,35,84,110,88,247,414,471,301,178,19,0,1098,1098,20,51,67,60,166,245,258,152,75,4,0,849,849,15,33,43,28,81,169,213,149,103,15,0
경상남도 통영시 한산면(4822036000),1921,1921,27,51,69,74,156,310,478,420,303,32,1,989,989,13,26,42,44,102,203,266,196,91,6,0,932,932,14,25,27,30,54,107,212,224,212,26,1
경상남도 통영시 사량면(4822037000),1437,1437,16,26,50,66,101,281,420,252,191,33,1,712,712,5,14,32,46,63,167,223,111,47,4,0,725,725,11,12,18,20,38,114,197,141,144,29,1
경상남도 통영시 도천동(4822051000),8644,8644,347,776,850,602,1206,1588,1738,1040,447,50,0,4294,4294,172,366,500,313,668,833,826,470,140,6,0,4350,4350,175,410,350,289,538,755,912,570,307,44,0
경상남도 통영시 명정동(4822053000),2807,2807,76,156,189,137,321,515,689,481,209,33,1,1377,1377,33,70,109,81,183,291,332,195,74,9,0,1430,1430,43,86,80,56,138,224,357,286,135,24,1
경상남도 통영시 중앙동(4822055000),3794,3794,100,193,246,242,458,736,944,574,281,20,0,1887,1887,44,97,152,134,284,387,450,237,96,6,0,1907,1907,56,96,94,108,174,349,494,337,185,14,0
경상남도 통영시 정량동(4822059000),8617,8617,364,631,612,718,1247,1718,1855,1027,396,49,0,4374,4374,182,322,351,415,731,895,845,488,134,11,0,4243,4243,182,309,261,303,516,823,1010,539,262,38,0
경상남도 통영시 북신동(4822060000),10368,10368,611,968,901,981,1512,1710,2132,1107,392,53,1,4964,4964,321,503,509,504,762,764,925,527,139,10,0,5404,5404,290,465,392,477,750,946,1207,580,253,43,1
경상남도 통영시 미수동(4822066500),10901,10901,676,1367,913,931,1868,2025,1952,824,306,38,1,5321,5321,356,696,506,449,929,983,953,361,81,7,0,5580,5580,320,671,407,482,939,1042,999,463,225,31,1
경상남도 통영시 봉평동(4822067000),9996,9996,412,903,848,840,1444,1915,2012,1106,452,64,0,5119,5119,194,474,501,459,806,1026,1002,492,149,16,0,4877,4877,218,429,347,381,638,889,1010,614,303,48,0
경상남도 통영시 무전동(4822070000),13610,13610,936,1570,1478,1455,2498,2467,2058,850,253,43,2,6782,6782,500,847,788,749,1231,1204,956,415,90,2,0,6828,6828,436,723,690,706,1267,1263,1102,435,163,41,2
경상남도 사천시 (4824000000),109494,109494,7356,10124,10055,10911,17266,18403,17430,10832,6164,932,21,55238,55238,3813,5226,6059,5936,9087,9816,8480,4703,1965,149,4,54256,54256,3543,4898,3996,4975,8179,8587,8950,6129,4199,783,17
경상남도 사천시 사천읍(4824025000),17697,17697,1247,1767,2145,2237,3098,3081,2172,1159,686,100,5,9306,9306,652,897,1286,1311,1677,1652,1085,515,216,15,0,8391,8391,595,870,859,926,1421,1429,1087,644,470,85,5
경상남도 사천시 정동면(4824031000),13787,13787,1390,1572,1539,1952,2467,2159,1423,745,444,94,2,6938,6938,704,814,886,1016,1206,1139,706,314,138,15,0,6849,6849,686,758,653,936,1261,1020,717,431,306,79,2
경상남도 사천시 사남면(4824032000),15252,15252,1729,2085,1418,2064,3134,2015,1411,849,469,77,1,7902,7902,929,1031,881,1101,1621,1143,684,352,147,13,0,7350,7350,800,1054,537,963,1513,872,727,497,322,64,1
경상남도 사천시 용현면(4824033000),7311,7311,541,646,441,700,1209,1167,1290,786,448,81,2,3647,3647,243,343,267,350,680,618,622,359,151,13,1,3664,3664,298,303,174,350,529,549,668,427,297,68,1
경상남도 사천시 축동면(4824034000),1530,1530,30,41,91,80,135,262,406,252,204,29,0,787,787,16,23,49,50,86,160,224,116,56,7,0,743,743,14,18,42,30,49,102,182,136,148,22,0
경상남도 사천시 곤양면(4824035000),3325,3325,74,135,227,153,304,566,803,589,408,64,2,1712,1712,47,74,143,97,179,318,432,271,136,15,0,1613,1613,27,61,84,56,125,248,371,318,272,49,2
경상남도 사천시 곤명면(4824036000),2772,2772,63,81,125,116,242,505,689,499,397,52,3,1386,1386,35,51,84,68,159,301,345,216,117,9,1,1386,1386,28,30,41,48,83,204,344,283,280,43,2
경상남도 사천시 서포면(4824037000),3423,3423,65,125,211,145,294,627,802,618,461,75,0,1669,1669,31,58,143,77,178,363,395,278,133,13,0,1754,1754,34,67,68,68,116,264,407,340,328,62,0
경상남도 사천시 동서동(4824051000),5780,5780,152,255,348,346,629,970,1432,1070,516,61,1,2826,2826,81,137,206,216,377,538,639,453,170,9,0,2954,2954,71,118,142,130,252,432,793,617,346,52,1
경상남도 사천시 선구동(4824052000),4860,4860,177,291,414,369,607,900,1048,663,345,45,1,2390,2390,86,153,278,210,330,443,498,280,106,6,0,2470,2470,91,138,136,159,277,457,550,383,239,39,1
경상남도 사천시 동서금동(4824053000),6251,6251,405,499,465,575,949,1107,1135,759,323,32,2,3052,3052,198,273,275,297,490,564,520,316,112,7,0,3199,3199,207,226,190,278,459,543,615,443,211,25,2
경상남도 사천시 벌용동(4824055000),15426,15426,912,1629,1547,1271,2468,2910,2507,1411,680,90,1,7486,7486,495,835,880,660,1162,1440,1182,601,220,10,1,7940,7940,417,794,667,611,1306,1470,1325,810,460,80,0
경상남도 사천시 향촌동(4824057000),6760,6760,303,618,725,502,1064,1247,1191,699,357,54,0,3534,3534,157,339,457,280,571,685,610,294,133,8,0,3226,3226,146,279,268,222,493,562,581,405,224,46,0
경상남도 사천시 남양동(4824059500),5079,5079,266,374,350,390,643,852,1057,673,397,76,1,2483,2483,138,194,217,198,352,431,506,314,123,9,1,2596,2596,128,180,133,192,291,421,551,359,274,67,0
경상남도 사천시 신수출장소(4824089000),241,241,2,6,9,11,23,35,64,60,29,2,0,120,120,1,4,7,5,19,21,32,24,7,0,0,121,121,1,2,2,6,4,14,32,36,22,2,0
경상남도 사천남양출장소 (4824500000),0,0,0,0,0,0,0,0,0,0,0,0,0,0,0,0,0,0,0,0,0,0,0,0,0,0,0,0,0,0,0,0,0,0,0,0,0,0,0
경상남도 김해시 (4825000000),536565,536565,44696,59825,65330,65257,95683,99387,64637,27644,12526,1548,32,271397,271397,22863,30974,35818,33819,47521,50799,33021,12313,3988,276,5,265168,265168,21833,28851,29512,31438,48162,48588,31616,15331,8538,1272,27
경상남도 김해시 진영읍(4825025000),55369,55369,5879,6299,5047,7794,11056,8610,6458,2770,1278,173,5,28458,28458,3032,3263,2789,4026,5854,4558,3196,1297,418,25,0,26911,26911,2847,3036,2258,3768,5202,4052,3262,1473,860,148,5
경상남도 김해시 주촌면(4825032000),18699,18699,2882,1308,1941,3938,3159,2875,1755,532,273,36,0,9603,9603,1472,666,1008,2000,1676,1424,991,274,82,10,0,9096,9096,1410,642,933,1938,1483,1451,764,258,191,26,0
경상남도 김해시 진례면(4825033000),6300,6300,187,288,534,485,728,1339,1474,769,422,74,0,3457,3457,106,155,347,285,459,783,800,359,152,11,0,2843,2843,81,133,187,200,269,556,674,410,270,63,0
경상남도 김해시 한림면(4825034000),7131,7131,156,255,500,510,657,1461,1876,1031,599,85,1,3887,3887,85,149,316,322,432,854,1018,515,185,11,0,3244,3244,71,106,184,188,225,607,858,516,414,74,1
경상남도 김해시 생림면(4825035000),3768,3768,73,111,264,248,324,787,1019,596,312,34,0,2012,2012,50,60,163,150,192,453,547,286,107,4,0,1756,1756,23,51,101,98,132,334,472,310,205,30,0
경상남도 김해시 상동면(4825036000),3120,3120,72,123,242,237,295,700,841,400,174,33,3,1730,1730,43,68,141,154,186,406,462,204,63,3,0,1390,1390,29,55,101,83,109,294,379,196,111,30,3
경상남도 김해시 대동면(4825037000),5572,5572,125,202,332,340,485,955,1660,943,449,79,2,2889,2889,60,111,205,201,295,509,875,471,147,15,0,2683,2683,65,91,127,139,190,446,785,472,302,64,2
경상남도 김해시 동상동(4825051000),9514,9514,504,612,1234,1196,1275,1888,1697,746,323,38,1,4850,4850,256,313,675,672,661,964,870,330,103,5,1,4664,4664,248,299,559,524,614,924,827,416,220,33,0
경상남도 김해시 회현동(4825052000),8853,8853,548,523,948,1126,1126,1657,1611,897,362,54,1,4431,4431,302,267,537,576,592,823,810,374,140,9,1,4422,4422,246,256,411,550,534,834,801,523,222,45,0
경상남도 김해시 부원동(4825053000),9671,9671,499,586,1311,1143,1273,2073,1707,750,302,26,1,4959,4959,258,306,723,629,679,1053,850,348,111,2,0,4712,4712,241,280,588,514,594,1020,857,402,191,24,1
경상남도 김해시 내외동(4825054000),72900,72900,4351,7121,11635,8488,11022,16165,8977,3280,1690,167,4,36337,36337,2258,3705,6343,4508,5193,7782,4713,1333,470,32,0,36563,36563,2093,3416,5292,3980,5829,8383,4264,1947,1220,135,4
경상남도 김해시 북부동(4825055000),81992,81992,7002,10317,10800,9387,15217,15720,8554,3302,1509,181,3,41042,41042,3586,5407,5895,4783,7198,7915,4334,1416,468,39,1,40950,40950,3416,4910,4905,4604,8019,7805,4220,1886,1041,142,2
경상남도 김해시 칠산서부동(4825056500),9436,9436,480,674,1168,928,1277,1960,1757,803,354,33,2,4994,4994,261,350,667,532,688,1062,930,381,118,5,0,4442,4442,219,324,501,396,589,898,827,422,236,28,2
경상남도 김해시 활천동(4825058000),39288,39288,2231,3642,5550,4114,5926,8540,5864,2346,968,106,1,20025,20025,1165,1904,3065,2249,3042,4220,3038,1035,289,18,0,19263,19263,1066,1738,2485,1865,2884,4320,2826,1311,679,88,1
경상남도 김해시 삼안동(4825059000),32123,32123,1324,2782,5287,2907,4460,7236,5079,1988,958,99,3,16460,16460,686,1442,2991,1645,2264,3546,2709,863,291,22,1,15663,15663,638,1340,2296,1262,2196,3690,2370,1125,667,77,2
경상남도 김해시 불암동(4825060000),7329,7329,422,739,909,707,1107,1523,1198,499,198,27,0,3735,3735,225,368,506,386,545,770,631,223,72,9,0,3594,3594,197,371,403,321,562,753,567,276,126,18,0
경상남도 김해시 장유1동(4825061000),56254,56254,4765,7781,6756,6547,11592,10032,5130,2461,1062,125,3,28049,28049,2351,4002,3640,3321,5554,5277,2464,1055,359,25,1,28205,28205,2414,3779,3116,3226,6038,4755,2666,1406,703,100,2
경상남도 김해시 장유2동(4825062000),36051,36051,3204,5018,4315,4126,7583,6500,3174,1469,573,88,1,18178,18178,1594,2610,2392,2132,3656,3429,1549,617,183,16,0,17873,17873,1610,2408,1923,1994,3927,3071,1625,852,390,72,1
경상남도 김해시 장유3동(4825063000),73195,73195,9992,11444,6557,11036,17121,9366,4806,2062,720,90,1,36301,36301,5073,5828,3415,5248,8355,4971,2234,932,230,15,0,36894,36894,4919,5616,3142,5788,8766,4395,2572,1130,490,75,1
경상남도 장유출장소 (4825200000),0,0,0,0,0,0,0,0,0,0,0,0,0,0,0,0,0,0,0,0,0,0,0,0,0,0,0,0,0,0,0,0,0,0,0,0,0,0,0
경상남도 밀양시 (4827000000),103375,103375,5093,7407,8501,8283,12588,18141,22084,12923,7364,972,19,50803,50803,2604,3867,4958,4387,6636,9247,10878,5766,2276,183,1,52572,52572,2489,3540,3543,3896,5952,8894,11206,7157,5088,789,18
경상남도 밀양시 삼랑진읍(4827025000),5214,5214,124,228,287,289,493,931,1396,907,494,63,2,2603,2603,70,123,172,170,292,491,703,414,156,12,0,2611,2611,54,105,115,119,201,440,693,493,338,51,2
경상남도 밀양시 삼랑진임천출장소(4827025100),1256,1256,14,43,118,64,102,194,315,242,138,26,0,622,622,6,23,68,37,66,107,153,114,44,4,0,634,634,8,20,50,27,36,87,162,128,94,22,0
경상남도 밀양시 하남읍(4827025300),6993,6993,238,390,452,419,736,1261,1685,1089,642,77,4,3499,3499,134,206,276,244,431,694,822,486,194,12,0,3494,3494,104,184,176,175,305,567,863,603,448,65,4
경상남도 밀양시 부북면(4827031000),5091,5091,106,207,348,300,449,917,1373,780,537,72,2,2645,2645,60,116,241,184,263,520,715,359,175,12,0,2446,2446,46,91,107,116,186,397,658,421,362,60,2
경상남도 밀양시 상동면(4827032000),3058,3058,52,72,136,147,191,508,961,589,342,60,0,1461,1461,23,40,82,85,121,255,467,280,93,15,0,1597,1597,29,32,54,62,70,253,494,309,249,45,0
경상남도 밀양시 산외면(4827033000),2793,2793,57,98,169,136,246,527,763,480,274,40,3,1425,1425,36,56,110,80,149,286,385,230,85,7,1,1368,1368,21,42,59,56,97,241,378,250,189,33,2
경상남도 밀양시 산내면(4827034000),3797,3797,71,164,198,142,313,705,1092,684,366,60,2,1942,1942,38,85,124,85,199,384,577,329,113,8,0,1855,1855,33,79,74,57,114,321,515,355,253,52,2
경상남도 밀양시 단장면(4827035000),4272,4272,62,137,170,243,308,824,1344,728,402,53,1,2118,2118,33,73,110,136,178,412,692,354,122,8,0,2154,2154,29,64,60,107,130,412,652,374,280,45,1
경상남도 밀양시 상남면(4827036000),8186,8186,405,478,626,560,940,1434,1833,1136,677,96,1,4066,4066,207,239,378,297,531,739,944,506,205,20,0,4120,4120,198,239,248,263,409,695,889,630,472,76,1
경상남도 밀양시 초동면(4827037000),3364,3364,76,111,154,151,273,559,940,652,405,42,1,1663,1663,38,61,83,90,173,311,457,307,137,6,0,1701,1701,38,50,71,61,100,248,483,345,268,36,1
경상남도 밀양시 무안면(4827038000),4906,4906,84,265,272,239,352,811,1331,865,611,75,1,2417,2417,48,149,157,138,188,447,685,400,190,15,0,2489,2489,36,116,115,101,164,364,646,465,421,60,1
경상남도 밀양시 청도면(4827039000),1769,1769,33,42,87,54,123,258,529,359,247,37,0,863,863,13,21,60,30,78,120,284,170,82,5,0,906,906,20,21,27,24,45,138,245,189,165,32,0
경상남도 밀양시 내일동(4827051000),2612,2612,63,139,210,185,296,468,586,423,220,22,0,1267,1267,33,73,138,96,154,237,280,179,74,3,0,1345,1345,30,66,72,89,142,231,306,244,146,19,0
경상남도 밀양시 내이동(4827052000),16486,16486,1346,1419,1893,2158,2504,2857,2550,1148,527,83,1,8191,8191,667,740,1076,1143,1277,1443,1188,481,157,19,0,8295,8295,679,679,817,1015,1227,1414,1362,667,370,64,1
경상남도 밀양시 삼문동(4827053000),19969,19969,1696,2526,2039,1961,3425,3377,2760,1383,715,87,0,9580,9580,869,1340,1141,941,1629,1574,1268,573,227,18,0,10389,10389,827,1186,898,1020,1796,1803,1492,810,488,69,0
경상남도 밀양시 가곡동(4827054000),7776,7776,360,564,718,657,1010,1378,1538,943,548,60,0,3618,3618,186,274,383,335,498,669,745,355,157,16,0,4158,4158,174,290,335,322,512,709,793,588,391,44,0
경상남도 밀양시 교동(4827055000),5833,5833,306,524,624,578,827,1132,1088,515,219,19,1,2823,2823,143,248,359,296,409,558,513,229,65,3,0,3010,3010,163,276,265,282,418,574,575,286,154,16,1
경상남도 거제시 (4831000000),239212,239212,23165,27850,21990,31382,47172,40470,29290,11640,5366,861,26,125206,125206,11968,14542,12506,16290,25441,21985,14988,5633,1710,137,6,114006,114006,11197,13308,9484,15092,21731,18485,14302,6007,3656,724,20
경상남도 거제시 일운면(4831031000),8191,8191,543,627,644,813,1265,1640,1579,657,361,62,0,4185,4185,279,323,385,406,665,873,817,315,115,7,0,4006,4006,264,304,259,407,600,767,762,342,246,55,0
경상남도 거제시 동부면(4831032000),3078,3078,76,126,196,195,326,592,780,484,269,34,0,1612,1612,42,73,116,118,207,321,399,231,100,5,0,1466,1466,34,53,80,77,119,271,381,253,169,29,0
경상남도 거제시 남부면(4831033000),1540,1540,21,60,70,77,150,308,389,273,164,27,1,788,788,10,34,46,44,90,182,209,116,53,4,0,752,752,11,26,24,33,60,126,180,157,111,23,1
경상남도 거제시 거제면(4831034000),7276,7276,355,580,538,541,985,1326,1471,841,537,100,2,3602,3602,181,297,300,277,534,697,744,390,173,8,1,3674,3674,174,283,238,264,451,629,727,451,364,92,1
경상남도 거제시 둔덕면(4831035000),2819,2819,44,133,190,136,275,518,746,457,267,50,3,1454,1454,24,77,118,85,170,278,383,222,85,12,0,1365,1365,20,56,72,51,105,240,363,235,182,38,3
경상남도 거제시 사등면(4831036000),11710,11710,1207,1159,855,1486,2192,1890,1614,842,403,59,3,6080,6080,624,596,485,751,1214,1030,831,414,123,11,1,5630,5630,583,563,370,735,978,860,783,428,280,48,2
경상남도 거제시 사등면가조출장소(4831036600),1090,1090,32,43,58,64,109,211,310,173,80,10,0,559,559,19,26,35,40,62,118,154,87,15,3,0,531,531,13,17,23,24,47,93,156,86,65,7,0
경상남도 거제시 연초면(4831037000),7932,7932,418,612,694,766,1254,1669,1477,646,333,62,1,4407,4407,227,340,419,448,743,976,804,329,104,17,0,3525,3525,191,272,275,318,511,693,673,317,229,45,1
경상남도 거제시 하청면(4831038000),3432,3432,153,258,246,252,419,649,736,423,239,57,0,1772,1772,82,143,121,147,244,356,371,220,83,5,0,1660,1660,71,115,125,105,175,293,365,203,156,52,0
경상남도 거제시 하청면칠천출장소(4831038500),1071,1071,27,22,41,57,109,193,274,206,117,25,0,541,541,15,12,21,31,70,118,143,95,35,1,0,530,530,12,10,20,26,39,75,131,111,82,24,0
경상남도 거제시 장목면(4831039000),3056,3056,63,97,176,156,347,558,723,545,339,48,4,1563,1563,38,59,103,93,225,318,369,253,95,9,1,1493,1493,25,38,73,63,122,240,354,292,244,39,3
경상남도 거제시 장목면외포출장소(4831039500),1365,1365,45,67,65,87,174,263,315,200,126,23,0,680,680,25,31,36,46,101,155,157,82,45,2,0,685,685,20,36,29,41,73,108,158,118,81,21,0
경상남도 거제시 장승포동(4831051000),5769,5769,314,610,592,556,1052,1163,909,378,177,17,1,3152,3152,164,322,341,333,614,667,487,175,46,3,0,2617,2617,150,288,251,223,438,496,422,203,131,14,1
경상남도 거제시 능포동(4831053000),9075,9075,431,898,887,771,1548,1891,1718,671,229,30,1,4931,4931,248,479,529,435,875,1051,895,335,78,5,1,4144,4144,183,419,358,336,673,840,823,336,151,25,0
경상남도 거제시 아주동(4831054000),26804,26804,4038,3641,2202,5026,6450,3170,1622,456,171,28,0,14341,14341,2086,1883,1230,2601,3619,1801,848,221,48,4,0,12463,12463,1952,1758,972,2425,2831,1369,774,235,123,24,0
경상남도 거제시 옥포1동(4831055000),7116,7116,527,670,749,952,1289,1342,1121,352,98,16,0,3817,3817,280,366,438,526,734,716,556,170,29,2,0,3299,3299,247,304,311,426,555,626,565,182,69,14,0
경상남도 거제시 옥포2동(4831056000),25567,25567,2120,2964,2557,3152,4878,4884,3604,998,363,44,3,13325,13325,1096,1579,1433,1630,2614,2510,1832,515,112,4,0,12242,12242,1024,1385,1124,1522,2264,2374,1772,483,251,40,3
경상남도 거제시 장평동(4831057000),20715,20715,1518,2168,2628,3088,4345,4123,2113,529,176,26,1,11705,11705,805,1150,1560,1911,2520,2348,1082,272,52,5,0,9010,9010,713,1018,1068,1177,1825,1775,1031,257,124,21,1
경상남도 거제시 고현동(4831058000),33903,33903,2901,4152,3680,4283,6653,6101,4251,1334,477,69,2,17403,17403,1500,2132,2072,2215,3402,3159,2113,627,168,14,1,16500,16500,1401,2020,1608,2068,3251,2942,2138,707,309,55,1
경상남도 거제시 상문동(4831059000),34097,34097,5117,5148,2830,5700,7816,4543,2008,650,240,43,2,17257,17257,2563,2627,1528,2696,4021,2420,996,307,91,8,0,16840,16840,2554,2521,1302,3004,3795,2123,1012,343,149,35,2
경상남도 거제시 수양동(4831060000),23606,23606,3215,3815,2092,3224,5536,3436,1530,525,200,31,2,12032,12032,1660,1993,1190,1457,2717,1891,798,257,60,8,1,11574,11574,1555,1822,902,1767,2819,1545,732,268,140,23,1
경상남도 양산시 (4833000000),354290,354290,31780,34991,38496,46345,61724,60026,47380,22403,9876,1242,27,177507,177507,16239,17926,20744,23812,31431,30151,23251,10186,3496,267,4,176783,176783,15541,17065,17752,22533,30293,29875,24129,12217,6380,975,23
경상남도 양산시 물금읍(4833025300),119968,119968,14780,13247,13234,19567,22970,17261,11934,4800,1910,261,4,59245,59245,7532,6737,6611,9605,11566,8437,5819,2254,630,54,0,60723,60723,7248,6510,6623,9962,11404,8824,6115,2546,1280,207,4
경상남도 양산시 동면(4833031000),38397,38397,4783,3302,3444,6446,7287,5436,4815,2030,746,107,1,19469,19469,2480,1685,1850,3281,3878,2705,2279,1030,261,20,0,18928,18928,2303,1617,1594,3165,3409,2731,2536,1000,485,87,1
경상남도 양산시 원동면(4833032000),3390,3390,82,112,147,179,260,583,1003,641,338,44,1,1738,1738,43,59,91,109,151,320,515,322,116,12,0,1652,1652,39,53,56,70,109,263,488,319,222,32,1
경상남도 양산시 상북면(4833033000),12530,12530,447,774,1154,1040,1482,2634,2825,1398,672,101,3,6387,6387,232,386,693,594,780,1376,1454,618,226,28,0,6143,6143,215,388,461,446,702,1258,1371,780,446,73,3
경상남도 양산시 하북면(4833034000),8085,8085,153,527,735,538,855,1768,1976,944,503,84,2,4205,4205,81,276,448,318,455,918,1064,460,170,15,0,3880,3880,72,251,287,220,400,850,912,484,333,69,2
경상남도 양산시 중앙동(4833051000),11442,11442,404,615,1329,1245,1426,2362,2465,1084,448,64,0,6098,6098,206,355,790,741,818,1248,1259,497,168,16,0,5344,5344,198,260,539,504,608,1114,1206,587,280,48,0
경상남도 양산시 양주동(4833051500),32620,32620,2190,3968,4371,3096,5667,6389,3794,2108,945,91,1,15712,15712,1105,2066,2331,1525,2541,3085,1790,874,375,19,1,16908,16908,1085,1902,2040,1571,3126,3304,2004,1234,570,72,0
경상남도 양산시 삼성동(4833052000),21661,21661,1246,1654,2888,2907,3333,4422,3322,1228,582,76,3,11394,11394,646,855,1731,1685,1806,2161,1753,563,179,15,0,10267,10267,600,799,1157,1222,1527,2261,1569,665,403,61,3
경상남도 양산시 강서동(4833053000),8881,8881,635,1013,988,996,1615,1542,1250,552,251,39,0,4459,4459,305,472,523,553,832,804,625,265,75,5,0,4422,4422,330,541,465,443,783,738,625,287,176,34,0
경상남도 양산시 서창동(4833054000),28274,28274,2037,3266,3092,3004,5289,5118,3868,1790,723,83,4,14760,14760,1028,1702,1741,1642,2793,2786,1946,834,272,14,2,13514,13514,1009,1564,1351,1362,2496,2332,1922,956,451,69,2
경상남도 양산시 소주동(4833055000),20291,20291,1287,1762,2150,2103,3354,3906,3169,1666,812,81,1,10147,10147,664,899,1204,1100,1706,1986,1562,724,280,22,0,10144,10144,623,863,946,1003,1648,1920,1607,942,532,59,1
경상남도 양산시 평산동(4833056000),30612,30612,2145,3176,3061,2872,5284,5326,4359,2897,1351,138,3,14926,14926,1110,1620,1682,1440,2692,2703,1934,1190,522,32,1,15686,15686,1035,1556,1379,1432,2592,2623,2425,1707,829,106,2
경상남도 양산시 덕계동(4833057000),18139,18139,1591,1575,1903,2352,2902,3279,2600,1265,595,73,4,8967,8967,807,814,1049,1219,1413,1622,1251,555,222,15,0,9172,9172,784,761,854,1133,1489,1657,1349,710,373,58,4
경상남도 양산시웅상출장소 (4833200000),0,0,0,0,0,0,0,0,0,0,0,0,0,0,0,0,0,0,0,0,0,0,0,0,0,0,0,0,0,0,0,0,0,0,0,0,0,0,0
경상남도 의령군 (4872000000),26381,26381,995,1404,1780,1616,2673,4481,5895,3885,3115,527,10,13035,13035,519,738,1044,867,1525,2504,3137,1690,898,112,1,13346,13346,476,666,736,749,1148,1977,2758,2195,2217,415,9
경상남도 의령군 의령읍(4872025000),9439,9439,660,847,928,885,1451,1627,1527,895,540,79,0,4680,4680,345,441,512,430,763,881,738,395,153,22,0,4759,4759,315,406,416,455,688,746,789,500,387,57,0
경상남도 의령군 가례면(4872031000),1683,1683,25,47,78,82,125,300,465,278,238,41,4,839,839,14,24,45,50,79,177,269,114,60,7,0,844,844,11,23,33,32,46,123,196,164,178,34,4
경상남도 의령군 칠곡면(4872032000),1154,1154,15,27,65,55,78,202,312,208,163,28,1,574,574,9,14,42,39,47,105,160,97,53,8,0,580,580,6,13,23,16,31,97,152,111,110,20,1
경상남도 의령군 대의면(4872033000),1039,1039,36,31,61,50,62,173,260,175,160,31,0,506,506,15,17,41,28,43,101,137,78,41,5,0,533,533,21,14,20,22,19,72,123,97,119,26,0
경상남도 의령군 화정면(4872034000),1512,1512,27,53,91,63,116,279,381,253,215,34,0,740,740,12,25,62,31,65,160,209,102,66,8,0,772,772,15,28,29,32,51,119,172,151,149,26,0
경상남도 의령군 용덕면(4872035000),1519,1519,31,45,84,81,122,269,400,230,215,42,0,768,768,17,18,44,53,77,149,231,106,64,9,0,751,751,14,27,40,28,45,120,169,124,151,33,0
경상남도 의령군 정곡면(4872036000),1419,1419,34,38,71,41,110,243,361,253,226,42,0,687,687,17,19,41,22,67,150,193,104,60,14,0,732,732,17,19,30,19,43,93,168,149,166,28,0
경상남도 의령군 지정면(4872037000),1830,1830,33,54,89,69,130,309,506,344,261,35,0,932,932,18,32,54,35,80,167,289,169,82,6,0,898,898,15,22,35,34,50,142,217,175,179,29,0
경상남도 의령군 낙서면(4872038000),737,737,17,21,26,31,44,104,213,147,113,20,1,351,351,8,15,16,20,28,60,108,61,32,3,0,386,386,9,6,10,11,16,44,105,86,81,17,1
경상남도 의령군 부림면(4872039000),2771,2771,65,148,180,134,242,502,620,474,351,54,1,1332,1332,32,75,112,78,150,277,308,201,94,5,0,1439,1439,33,73,68,56,92,225,312,273,257,49,1
경상남도 의령군 봉수면(4872040000),999,999,28,37,40,55,59,140,234,209,167,29,1,528,528,19,24,27,39,46,81,144,91,52,5,0,471,471,9,13,13,16,13,59,90,118,115,24,1
경상남도 의령군 궁류면(4872041500),1129,1129,10,28,35,30,53,167,304,208,248,46,0,538,538,6,18,29,17,29,100,169,83,79,8,0,591,591,4,10,6,13,24,67,135,125,169,38,0
경상남도 의령군 유곡면(4872042000),1150,1150,14,28,32,40,81,166,312,211,218,46,2,560,560,7,16,19,25,51,96,182,89,62,12,1,590,590,7,12,13,15,30,70,130,122,156,34,1
경상남도 함안군 (4873000000),62163,62163,3433,5701,4872,4893,8764,10998,11843,6687,4307,656,9,31682,31682,1768,3018,2897,2522,4698,6068,6243,3037,1312,117,2,30481,30481,1665,2683,1975,2371,4066,4930,5600,3650,2995,539,7
경상남도 함안군 가야읍(4873025000),17980,17980,1081,1887,1847,1638,2683,3345,2960,1514,884,138,3,9079,9079,581,1027,1103,832,1358,1769,1461,655,265,27,1,8901,8901,500,860,744,806,1325,1576,1499,859,619,111,2
경상남도 함안군 칠원읍(4873025300),18845,18845,1604,2625,1447,1709,3629,3179,2656,1284,605,103,4,9559,9559,808,1353,810,806,1829,1743,1388,611,188,22,1,9286,9286,796,1272,637,903,1800,1436,1268,673,417,81,3
경상남도 함안군 함안면(4873031000),2388,2388,57,107,125,143,199,406,611,397,301,42,0,1216,1216,25,53,80,75,118,229,335,188,105,8,0,1172,1172,32,54,45,68,81,177,276,209,196,34,0
경상남도 함안군 군북면(4873032000),6063,6063,272,282,431,493,560,968,1388,874,694,101,0,3168,3168,136,154,288,290,354,570,751,405,201,19,0,2895,2895,136,128,143,203,206,398,637,469,493,82,0
경상남도 함안군 법수면(4873033000),2806,2806,59,73,140,128,252,519,760,476,355,43,1,1443,1443,30,42,91,80,167,317,399,203,104,10,0,1363,1363,29,31,49,48,85,202,361,273,251,33,1
경상남도 함안군 대산면(4873034000),3333,3333,47,125,172,143,261,551,842,639,469,84,0,1675,1675,27,72,106,86,164,326,456,278,148,12,0,1658,1658,20,53,66,57,97,225,386,361,321,72,0
경상남도 함안군 칠서면(4873035000),5263,5263,227,416,406,365,716,1053,1027,624,371,57,1,2763,2763,116,222,232,203,416,595,574,289,108,8,0,2500,2500,111,194,174,162,300,458,453,335,263,49,1
경상남도 함안군 칠북면(4873036000),1879,1879,18,52,91,75,150,315,541,349,264,24,0,961,961,8,24,52,46,97,187,300,154,88,5,0,918,918,10,28,39,29,53,128,241,195,176,19,0
경상남도 함안군 산인면(4873038000),2711,2711,56,109,173,163,252,513,765,375,259,46,0,1352,1352,31,54,112,86,149,250,416,176,73,5,0,1359,1359,25,55,61,77,103,263,349,199,186,41,0
경상남도 함안군 여항면(4873039000),895,895,12,25,40,36,62,149,293,155,105,18,0,466,466,6,17,23,18,46,82,163,78,32,1,0,429,429,6,8,17,18,16,67,130,77,73,17,0
경상남도 창녕군 (4874000000),59616,59616,2753,4005,4244,4502,6784,10527,12842,7987,5202,757,13,29744,29744,1416,2149,2471,2496,3754,5695,6467,3580,1577,138,1,29872,29872,1337,1856,1773,2006,3030,4832,6375,4407,3625,619,12
경상남도 창녕군 창녕읍(4874025000),16477,16477,1136,1481,1546,1681,2270,2855,2839,1603,925,141,0,8173,8173,588,765,857,880,1188,1483,1373,714,294,31,0,8304,8304,548,716,689,801,1082,1372,1466,889,631,110,0
경상남도 창녕군 남지읍(4874025300),11928,11928,810,969,827,1010,1703,2092,2316,1327,755,117,2,6001,6001,420,529,469,535,934,1150,1129,578,230,26,1,5927,5927,390,440,358,475,769,942,1187,749,525,91,1
경상남도 창녕군 고암면(4874031000),1867,1867,54,92,89,100,114,312,443,342,272,48,1,925,925,25,57,48,52,69,176,252,152,85,9,0,942,942,29,35,41,48,45,136,191,190,187,39,1
경상남도 창녕군 성산면(4874032000),1628,1628,43,37,88,88,122,290,434,274,217,35,0,779,779,18,25,51,47,75,148,227,126,56,6,0,849,849,25,12,37,41,47,142,207,148,161,29,0
경상남도 창녕군 대합면(4874033000),3837,3837,81,188,240,230,351,713,874,633,464,63,0,1992,1992,37,130,165,135,212,430,457,276,139,11,0,1845,1845,44,58,75,95,139,283,417,357,325,52,0
경상남도 창녕군 이방면(4874034000),2489,2489,57,280,107,122,183,379,586,405,339,30,1,1173,1173,33,107,64,77,110,198,291,191,96,6,0,1316,1316,24,173,43,45,73,181,295,214,243,24,1
경상남도 창녕군 유어면(4874035000),1748,1748,42,44,85,93,127,258,446,371,248,33,1,858,858,26,21,50,67,74,157,226,156,74,7,0,890,890,16,23,35,26,53,101,220,215,174,26,1
경상남도 창녕군 대지면(4874036000),2485,2485,109,182,161,172,278,426,516,353,246,38,4,1290,1290,57,117,100,91,164,257,264,155,80,5,0,1195,1195,52,65,61,81,114,169,252,198,166,33,4
경상남도 창녕군 계성면(4874037000),2305,2305,55,73,135,127,207,451,543,383,287,42,2,1161,1161,30,35,92,84,122,254,285,162,93,4,0,1144,1144,25,38,43,43,85,197,258,221,194,38,2
경상남도 창녕군 영산면(4874038000),5284,5284,156,314,423,372,591,1028,1213,720,408,58,1,2653,2653,74,169,250,222,327,542,615,320,124,10,0,2631,2631,82,145,173,150,264,486,598,400,284,48,1
경상남도 창녕군 장마면(4874039000),1853,1853,32,56,95,92,148,298,468,361,268,35,0,916,916,18,37,61,50,95,164,242,164,77,8,0,937,937,14,19,34,42,53,134,226,197,191,27,0
경상남도 창녕군 도천면(4874040000),2707,2707,82,130,167,160,268,483,706,398,274,39,0,1344,1344,43,71,88,101,151,252,365,187,81,5,0,1363,1363,39,59,79,59,117,231,341,211,193,34,0
경상남도 창녕군 길곡면(4874041000),1499,1499,25,45,75,65,123,275,441,265,157,28,0,754,754,15,24,52,42,75,127,235,137,44,3,0,745,745,10,21,23,23,48,148,206,128,113,25,0
경상남도 창녕군 부곡면(4874042000),3509,3509,71,114,206,190,299,667,1017,552,342,50,1,1725,1725,32,62,124,113,158,357,506,262,104,7,0,1784,1784,39,52,82,77,141,310,511,290,238,43,1
경상남도 고성군 (4882000000),50108,50108,2178,3953,3561,3306,5927,8874,10283,6811,4458,745,12,25139,25139,1092,2145,2114,1828,3248,4910,5158,3114,1400,129,1,24969,24969,1086,1808,1447,1478,2679,3964,5125,3697,3058,616,11
경상남도 고성군 고성읍(4882025000),23749,23749,1568,2567,2135,2037,3546,4301,3948,2285,1180,179,3,11903,11903,798,1407,1254,1062,1823,2287,1867,1008,367,29,1,11846,11846,770,1160,881,975,1723,2014,2081,1277,813,150,2
경상남도 고성군 삼산면(4882031000),1754,1754,33,81,68,82,166,282,469,332,208,33,0,909,909,17,50,47,58,98,162,250,157,64,6,0,845,845,16,31,21,24,68,120,219,175,144,27,0
경상남도 고성군 하일면(4882032000),1817,1817,28,98,84,69,132,284,446,390,243,43,0,891,891,15,50,53,39,87,167,219,176,76,9,0,926,926,13,48,31,30,45,117,227,214,167,34,0
경상남도 고성군 하이면(4882033000),2654,2654,91,171,200,165,282,457,605,393,248,41,1,1363,1363,46,88,125,93,166,238,317,191,92,7,0,1291,1291,45,83,75,72,116,219,288,202,156,34,1
경상남도 고성군 상리면(4882034000),1577,1577,16,58,73,66,121,266,393,308,236,40,0,780,780,8,32,49,37,71,140,211,144,78,10,0,797,797,8,26,24,29,50,126,182,164,158,30,0
경상남도 고성군 대가면(4882035000),1636,1636,30,59,63,56,123,273,451,282,240,59,0,841,841,15,31,34,39,73,166,253,136,77,17,0,795,795,15,28,29,17,50,107,198,146,163,42,0
경상남도 고성군 영현면(4882036000),861,861,11,26,36,32,50,112,215,194,163,22,0,389,389,6,12,19,18,26,66,106,86,48,2,0,472,472,5,14,17,14,24,46,109,108,115,20,0
경상남도 고성군 영오면(4882037000),1386,1386,36,55,80,65,109,235,344,218,199,44,1,684,684,12,29,54,39,67,135,179,99,64,6,0,702,702,24,26,26,26,42,100,165,119,135,38,1
경상남도 고성군 개천면(4882038000),1085,1085,20,62,47,36,71,152,296,177,182,41,1,535,535,10,34,27,23,48,87,154,87,56,9,0,550,550,10,28,20,13,23,65,142,90,126,32,1
경상남도 고성군 구만면(4882039000),1029,1029,25,28,49,44,65,171,263,196,155,31,2,518,518,10,16,28,27,43,105,154,82,47,6,0,511,511,15,12,21,17,22,66,109,114,108,25,2
경상남도 고성군 회화면(4882040000),3507,3507,133,302,219,218,350,622,791,526,301,45,0,1702,1702,63,155,114,113,180,332,392,254,94,5,0,1805,1805,70,147,105,105,170,290,399,272,207,40,0
경상남도 고성군 마암면(4882041000),1729,1729,15,45,67,60,153,341,423,328,250,45,2,855,855,7,20,44,37,88,196,231,145,80,7,0,874,874,8,25,23,23,65,145,192,183,170,38,2
경상남도 고성군 동해면(4882042000),3038,3038,50,134,162,130,248,565,745,548,396,59,1,1565,1565,22,77,95,82,178,347,382,261,114,7,0,1473,1473,28,57,67,48,70,218,363,287,282,52,1
경상남도 고성군 거류면(4882043000),4286,4286,122,267,278,246,511,813,894,634,457,63,1,2204,2204,63,144,171,161,300,482,443,288,143,9,0,2082,2082,59,123,107,85,211,331,451,346,314,54,1
경상남도 남해군 (4884000000),42172,42172,1497,2797,2955,2278,4295,7084,8672,6627,4978,975,14,20454,20454,770,1551,1844,1195,2265,3841,4301,2976,1530,181,0,21718,21718,727,1246,1111,1083,2030,3243,4371,3651,3448,794,14
경상남도 남해군 남해읍(4884025000),13046,13046,798,1353,1475,1075,1851,2213,2084,1239,816,140,2,6422,6422,396,725,916,536,879,1131,992,565,261,21,0,6624,6624,402,628,559,539,972,1082,1092,674,555,119,2
경상남도 남해군 이동면(4884031000),3711,3711,66,265,187,131,310,619,807,687,540,98,1,1787,1787,30,173,107,74,166,356,396,295,167,23,0,1924,1924,36,92,80,57,144,263,411,392,373,75,1
경상남도 남해군 상주면(4884032000),1639,1639,55,110,85,81,136,293,343,263,231,42,0,807,807,31,58,62,36,68,172,178,117,78,7,0,832,832,24,52,23,45,68,121,165,146,153,35,0
경상남도 남해군 삼동면(4884033000),3854,3854,118,184,179,167,371,627,890,680,516,121,1,1876,1876,68,110,107,91,199,353,444,320,159,25,0,1978,1978,50,74,72,76,172,274,446,360,357,96,1
경상남도 남해군 미조면(4884034000),2225,2225,65,152,164,107,214,442,528,351,167,35,0,1147,1147,30,81,111,59,121,237,278,168,56,6,0,1078,1078,35,71,53,48,93,205,250,183,111,29,0
경상남도 남해군 남면(4884035000),3439,3439,59,157,173,128,291,604,718,690,515,99,5,1663,1663,33,88,111,78,174,339,353,319,147,21,0,1776,1776,26,69,62,50,117,265,365,371,368,78,5
경상남도 남해군 서면(4884036000),2534,2534,47,84,108,92,202,379,561,489,487,84,1,1222,1222,27,50,83,54,125,225,282,211,153,12,0,1312,1312,20,34,25,38,77,154,279,278,334,72,1
경상남도 남해군 고현면(4884037000),3467,3467,117,160,167,172,297,557,703,639,519,135,1,1624,1624,61,99,87,92,168,296,341,289,163,28,0,1843,1843,56,61,80,80,129,261,362,350,356,107,1
경상남도 남해군 설천면(4884038000),2792,2792,50,95,147,97,179,435,694,530,460,104,1,1325,1325,26,42,99,53,97,238,359,248,144,19,0,1467,1467,24,53,48,44,82,197,335,282,316,85,1
경상남도 남해군 창선면(4884039000),5465,5465,122,237,270,228,444,915,1344,1059,727,117,2,2581,2581,68,125,161,122,268,494,678,444,202,19,0,2884,2884,54,112,109,106,176,421,666,615,525,98,2
경상남도 하동군 (4885000000),43074,43074,1576,2605,2873,2450,4440,7987,9498,6267,4549,814,15,21537,21537,818,1407,1716,1348,2471,4384,4992,2831,1403,164,3,21537,21537,758,1198,1157,1102,1969,3603,4506,3436,3146,650,12
경상남도 하동군 하동읍(4885025000),9612,9612,494,813,893,746,1251,1785,1744,1130,659,95,2,4733,4733,253,421,502,397,629,948,869,491,202,21,0,4879,4879,241,392,391,349,622,837,875,639,457,74,2
경상남도 하동군 화개면(4885031000),3014,3014,81,179,205,121,322,686,669,448,262,40,1,1513,1513,42,96,115,58,167,384,360,190,92,9,0,1501,1501,39,83,90,63,155,302,309,258,170,31,1
경상남도 하동군 악양면(4885032000),3476,3476,97,171,178,141,321,690,810,564,418,86,0,1734,1734,57,100,125,75,185,355,435,247,142,13,0,1742,1742,40,71,53,66,136,335,375,317,276,73,0
경상남도 하동군 적량면(4885033000),1922,1922,58,94,106,89,163,332,462,297,277,43,1,953,953,34,56,61,46,97,186,254,131,77,11,0,969,969,24,38,45,43,66,146,208,166,200,32,1
경상남도 하동군 횡천면(4885034000),1805,1805,41,66,78,89,130,315,457,299,286,42,2,886,886,19,35,43,50,79,166,255,146,84,7,2,919,919,22,31,35,39,51,149,202,153,202,35,0
경상남도 하동군 고전면(4885035000),2160,2160,46,114,118,102,187,363,529,349,275,76,1,1062,1062,22,49,75,62,108,208,280,162,85,11,0,1098,1098,24,65,43,40,79,155,249,187,190,65,1
경상남도 하동군 금남면(4885036000),3348,3348,73,150,187,174,283,619,810,578,396,76,2,1720,1720,42,73,129,116,169,365,420,260,127,19,0,1628,1628,31,77,58,58,114,254,390,318,269,57,2
경상남도 하동군 진교면(4885037000),5862,5862,301,419,426,374,727,1036,1199,734,535,110,1,2917,2917,136,244,250,186,410,545,608,350,162,26,0,2945,2945,165,175,176,188,317,491,591,384,373,84,1
경상남도 하동군 양보면(4885038000),1701,1701,24,61,73,62,127,266,412,338,276,61,1,828,828,14,25,44,41,73,148,219,158,96,10,0,873,873,10,36,29,21,54,118,193,180,180,51,1
경상남도 하동군 북천면(4885039000),1664,1664,55,72,72,82,127,269,407,292,249,39,0,811,811,22,38,44,47,71,160,221,132,67,9,0,853,853,33,34,28,35,56,109,186,160,182,30,0
경상남도 하동군 청암면(4885040000),1415,1415,50,97,62,67,114,255,393,226,123,28,0,743,743,29,67,31,37,66,146,210,117,36,4,0,672,672,21,30,31,30,48,109,183,109,87,24,0
경상남도 하동군 옥종면(4885041000),4189,4189,143,225,209,218,347,822,1006,625,505,86,3,2127,2127,82,118,133,120,203,458,552,288,155,17,1,2062,2062,61,107,76,98,144,364,454,337,350,69,2
경상남도 하동군 금성면(4885042000),2906,2906,113,144,266,185,341,549,600,387,288,32,1,1510,1510,66,85,164,113,214,315,309,159,78,7,0,1396,1396,47,59,102,72,127,234,291,228,210,25,1
경상남도 산청군 (4886000000),34196,34196,1135,1975,2147,1872,3248,6226,7889,5210,3857,623,14,16896,16896,579,1074,1223,1012,1793,3408,4126,2384,1171,124,2,17300,17300,556,901,924,860,1455,2818,3763,2826,2686,499,12
경상남도 산청군 산청읍(4886025000),6685,6685,339,537,581,548,791,1131,1214,866,569,106,3,3243,3243,167,282,311,285,399,589,631,394,167,18,0,3442,3442,172,255,270,263,392,542,583,472,402,88,3
경상남도 산청군 차황면(4886031000),1411,1411,39,40,46,56,99,245,363,263,225,35,0,701,701,23,27,23,36,53,154,191,123,61,10,0,710,710,16,13,23,20,46,91,172,140,164,25,0
경상남도 산청군 오부면(4886032000),1048,1048,31,47,34,37,88,153,233,194,194,36,1,511,511,13,28,16,18,58,97,123,84,66,8,0,537,537,18,19,18,19,30,56,110,110,128,28,1
경상남도 산청군 생초면(4886033000),1980,1980,38,86,90,77,124,306,476,397,332,53,1,967,967,25,53,57,47,84,181,242,159,106,12,1,1013,1013,13,33,33,30,40,125,234,238,226,41,0
경상남도 산청군 금서면(4886034000),2860,2860,81,158,146,157,244,519,621,471,391,70,2,1414,1414,48,84,86,88,137,302,318,213,120,18,0,1446,1446,33,74,60,69,107,217,303,258,271,52,2
경상남도 산청군 삼장면(4886035000),1792,1792,22,66,91,59,129,367,475,324,232,25,2,883,883,14,43,52,37,71,194,252,138,78,4,0,909,909,8,23,39,22,58,173,223,186,154,21,2
경상남도 산청군 시천면(4886036000),4060,4060,92,256,258,195,398,864,1003,564,371,57,2,2035,2035,44,145,152,98,212,465,505,268,130,15,1,2025,2025,48,111,106,97,186,399,498,296,241,42,1
경상남도 산청군 단성면(4886037000),5637,5637,151,202,320,265,514,1102,1495,891,597,98,2,2848,2848,80,108,200,148,302,582,802,423,192,11,0,2789,2789,71,94,120,117,212,520,693,468,405,87,2
경상남도 산청군 신안면(4886038000),5525,5525,279,441,456,366,609,1030,1203,609,462,69,1,2717,2717,138,223,253,189,316,529,637,291,131,10,0,2808,2808,141,218,203,177,293,501,566,318,331,59,1
경상남도 산청군 생비량면(4886039000),1161,1161,29,48,42,47,88,172,309,233,158,35,0,558,558,13,24,26,27,56,105,156,104,41,6,0,603,603,16,24,16,20,32,67,153,129,117,29,0
경상남도 산청군 신등면(4886040000),2037,2037,34,94,83,65,164,337,497,398,326,39,0,1019,1019,14,57,47,39,105,210,269,187,79,12,0,1018,1018,20,37,36,26,59,127,228,211,247,27,0
경상남도 함양군 (4887000000),38285,38285,1667,2778,2805,2403,4056,6742,7829,5350,4014,633,8,18515,18515,853,1444,1591,1247,2171,3629,3959,2261,1235,125,0,19770,19770,814,1334,1214,1156,1885,3113,3870,3089,2779,508,8
경상남도 함양군 함양읍(4887025000),18148,18148,1222,1822,1786,1510,2532,3272,2892,1785,1163,163,1,8805,8805,624,940,984,757,1261,1708,1383,758,366,24,0,9343,9343,598,882,802,753,1271,1564,1509,1027,797,139,1
경상남도 함양군 마천면(4887031000),2135,2135,39,101,90,90,156,441,561,330,276,50,1,1020,1020,16,57,55,47,95,229,297,135,83,6,0,1115,1115,23,44,35,43,61,212,264,195,193,44,1
경상남도 함양군 휴천면(4887032000),1549,1549,31,53,54,55,133,285,375,307,218,38,0,771,771,19,24,31,28,79,183,213,122,64,8,0,778,778,12,29,23,27,54,102,162,185,154,30,0
경상남도 함양군 유림면(4887033000),1604,1604,32,54,80,60,98,243,387,311,286,51,2,748,748,13,23,52,30,61,131,204,141,85,8,0,856,856,19,31,28,30,37,112,183,170,201,43,2
경상남도 함양군 수동면(4887034000),2349,2349,47,163,166,141,188,374,539,403,291,37,0,1155,1155,27,88,89,79,121,210,279,172,80,10,0,1194,1194,20,75,77,62,67,164,260,231,211,27,0
경상남도 함양군 지곡면(4887035000),2029,2029,37,94,100,90,158,347,498,358,296,51,0,987,987,18,45,67,52,89,186,264,151,99,16,0,1042,1042,19,49,33,38,69,161,234,207,197,35,0
경상남도 함양군 안의면(4887036000),4397,4397,122,229,218,207,356,710,1024,795,626,108,2,2069,2069,58,121,130,109,207,395,499,322,202,26,0,2328,2328,64,108,88,98,149,315,525,473,424,82,2
경상남도 함양군 서하면(4887037000),1392,1392,37,42,61,60,94,242,378,235,211,32,0,665,665,20,23,41,35,55,133,192,91,71,4,0,727,727,17,19,20,25,39,109,186,144,140,28,0
경상남도 함양군 서상면(4887038000),1798,1798,45,85,88,79,130,304,441,333,251,41,1,854,854,25,44,50,40,78,161,231,154,61,10,0,944,944,20,41,38,39,52,143,210,179,190,31,1
경상남도 함양군 백전면(4887039000),1574,1574,35,66,71,63,114,273,435,286,196,35,0,797,797,21,41,40,39,63,147,239,131,66,10,0,777,777,14,25,31,24,51,126,196,155,130,25,0
경상남도 함양군 병곡면(4887040000),1310,1310,20,69,91,48,97,251,299,207,200,27,1,644,644,12,38,52,31,62,146,158,84,58,3,0,666,666,8,31,39,17,35,105,141,123,142,24,1
경상남도 거창군 (4888000000),60756,60756,3391,5801,5575,4588,7362,10230,10982,6909,5103,790,25,29861,29861,1756,3161,3315,2405,3722,5351,5427,2936,1601,184,3,30895,30895,1635,2640,2260,2183,3640,4879,5555,3973,3502,606,22
경상남도 거창군 거창읍(4888025000),40326,40326,2969,4978,4571,3752,5944,6823,5896,3264,1859,260,10,19938,19938,1529,2725,2691,1907,2871,3417,2784,1348,602,63,1,20388,20388,1440,2253,1880,1845,3073,3406,3112,1916,1257,197,9
경상남도 거창군 주상면(4888031000),1517,1517,23,52,80,51,89,253,393,267,266,42,1,763,763,15,30,59,27,60,143,221,111,87,10,0,754,754,8,22,21,24,29,110,172,156,179,32,1
경상남도 거창군 웅양면(4888032000),1825,1825,39,82,111,56,140,318,397,338,301,42,1,900,900,18,52,66,31,87,196,192,145,101,12,0,925,925,21,30,45,25,53,122,205,193,200,30,1
경상남도 거창군 고제면(4888033000),1364,1364,22,38,65,49,80,275,379,231,179,45,1,688,688,12,21,39,33,48,157,203,107,50,17,1,676,676,10,17,26,16,32,118,176,124,129,28,0
경상남도 거창군 북상면(4888034000),1525,1525,22,55,65,70,103,254,378,283,253,41,1,753,753,9,33,39,38,66,143,203,130,81,10,1,772,772,13,22,26,32,37,111,175,153,172,31,0
경상남도 거창군 위천면(4888035000),1967,1967,48,161,98,87,151,307,475,317,268,54,1,920,920,27,81,54,43,85,169,234,133,84,10,0,1047,1047,21,80,44,44,66,138,241,184,184,44,1
경상남도 거창군 마리면(4888036000),1998,1998,40,86,103,95,137,332,506,332,320,46,1,959,959,18,44,61,56,77,197,267,133,95,11,0,1039,1039,22,42,42,39,60,135,239,199,225,35,1
경상남도 거창군 남상면(4888037000),2322,2322,55,65,124,118,158,409,554,397,380,59,3,1146,1146,28,34,86,78,96,226,297,181,110,10,0,1176,1176,27,31,38,40,62,183,257,216,270,49,3
경상남도 거창군 남하면(4888038000),1401,1401,24,49,55,52,102,203,371,256,256,32,1,659,659,13,22,33,32,59,114,199,115,68,4,0,742,742,11,27,22,20,43,89,172,141,188,28,1
경상남도 거창군 신원면(4888039000),1505,1505,37,32,49,45,90,222,384,344,261,41,0,727,727,23,20,35,23,64,127,188,155,83,9,0,778,778,14,12,14,22,26,95,196,189,178,32,0
경상남도 거창군 가조면(4888040000),3651,3651,87,158,213,177,271,619,885,635,517,86,3,1750,1750,49,76,121,109,155,337,450,274,159,20,0,1901,1901,38,82,92,68,116,282,435,361,358,66,3
경상남도 거창군 가북면(4888041000),1355,1355,25,45,41,36,97,215,364,245,243,42,2,658,658,15,23,31,28,54,125,189,104,81,8,0,697,697,10,22,10,8,43,90,175,141,162,34,2
경상남도 합천군 (4889000000),42613,42613,1390,2263,2667,2285,3893,7176,9652,6999,5520,750,18,20657,20657,718,1190,1540,1278,2188,4020,4953,2994,1633,142,1,21956,21956,672,1073,1127,1007,1705,3156,4699,4005,3887,608,17
경상남도 합천군 합천읍(4889025000),11063,11063,719,1102,1130,921,1569,1976,1770,1082,715,76,3,5399,5399,378,567,614,463,782,1023,864,457,235,15,1,5664,5664,341,535,516,458,787,953,906,625,480,61,2
경상남도 합천군 봉산면(4889031000),1401,1401,20,42,46,48,87,231,406,252,237,31,1,700,700,11,23,27,27,51,126,229,122,74,10,0,701,701,9,19,19,21,36,105,177,130,163,21,1
경상남도 합천군 묘산면(4889032000),1526,1526,17,41,61,77,76,226,390,321,270,47,0,737,737,9,22,36,50,42,132,218,135,87,6,0,789,789,8,19,25,27,34,94,172,186,183,41,0
경상남도 합천군 가야면(4889033000),4122,4122,83,195,220,195,335,805,993,738,496,61,1,2007,2007,40,103,128,109,195,462,493,331,133,13,0,2115,2115,43,92,92,86,140,343,500,407,363,48,1
경상남도 합천군 야로면(4889034000),2342,2342,66,110,111,116,202,362,601,381,334,57,2,1108,1108,30,58,67,75,117,196,301,163,92,9,0,1234,1234,36,52,44,41,85,166,300,218,242,48,2
경상남도 합천군 율곡면(4889035000),2220,2220,41,64,131,87,157,354,577,435,325,48,1,1127,1127,20,34,89,61,97,222,309,180,110,5,0,1093,1093,21,30,42,26,60,132,268,255,215,43,1
경상남도 합천군 초계면(4889036000),2363,2363,56,120,152,128,211,375,560,415,298,47,1,1140,1140,31,66,89,83,125,189,274,180,88,15,0,1223,1223,25,54,63,45,86,186,286,235,210,32,1
경상남도 합천군 쌍책면(4889037000),1225,1225,18,24,32,40,69,183,356,258,216,29,0,590,590,10,7,21,23,53,98,190,120,62,6,0,635,635,8,17,11,17,16,85,166,138,154,23,0
경상남도 합천군 덕곡면(4889038000),851,851,15,22,41,20,57,145,207,167,160,16,1,421,421,9,11,25,11,39,95,102,71,55,3,0,430,430,6,11,16,9,18,50,105,96,105,13,1
경상남도 합천군 청덕면(4889039000),1582,1582,26,32,69,76,105,239,418,297,272,47,1,763,763,16,16,42,45,67,147,222,121,82,5,0,819,819,10,16,27,31,38,92,196,176,190,42,1
경상남도 합천군 적중면(4889040000),1359,1359,28,46,73,52,79,204,322,293,237,25,0,633,633,12,21,44,30,53,113,166,122,68,4,0,726,726,16,25,29,22,26,91,156,171,169,21,0
경상남도 합천군 대양면(4889041000),1795,1795,119,86,101,144,188,269,361,266,228,32,1,894,894,56,52,59,80,112,160,200,103,67,5,0,901,901,63,34,42,64,76,109,161,163,161,27,1
경상남도 합천군 쌍백면(4889042000),1739,1739,31,46,63,48,93,274,447,361,338,37,1,838,838,20,23,40,31,67,180,249,129,95,4,0,901,901,11,23,23,17,26,94,198,232,243,33,1
경상남도 합천군 삼가면(4889043000),3153,3153,76,102,183,120,271,514,745,605,467,70,0,1454,1454,40,55,112,67,150,295,350,256,117,12,0,1699,1699,36,47,71,53,121,219,395,349,350,58,0
경상남도 합천군 가회면(4889044000),1730,1730,20,82,64,54,113,306,412,368,269,42,0,831,831,8,45,36,33,68,165,220,175,71,10,0,899,899,12,37,28,21,45,141,192,193,198,32,0
경상남도 합천군 대병면(4889045000),1955,1955,21,83,98,73,123,343,538,333,297,44,2,937,937,11,48,58,38,69,195,281,139,82,16,0,1018,1018,10,35,40,35,54,148,257,194,215,28,2
경상남도 합천군 용주면(4889046000),2187,2187,34,66,92,86,158,370,549,427,361,41,3,1078,1078,17,39,53,52,101,222,285,190,115,4,0,1109,1109,17,27,39,34,57,148,264,237,246,37,3
제주특별자치도  (5000000000),677413,677413,57082,70324,79637,80317,111617,116241,86018,46136,25479,4356,206,339383,339383,29313,36699,42187,40393,57089,60377,42687,21112,8801,717,8,338030,338030,27769,33625,37450,39924,54528,55864,43331,25024,16678,3639,198
제주특별자치도 제주시 (5011000000),493076,493076,42921,52694,61274,61005,82036,83584,59253,30673,16524,2980,132,246450,246450,22022,27456,32260,30808,41551,42893,29303,13958,5700,493,6,246626,246626,20899,25238,29014,30197,40485,40691,29950,16715,10824,2487,126
제주특별자치도 제주시 한림읍(5011025000),21183,21183,1421,1776,1990,2056,3350,3951,3258,1970,1197,205,9,10905,10905,719,972,1135,1069,1798,2232,1683,874,383,39,1,10278,10278,702,804,855,987,1552,1719,1575,1096,814,166,8
제주특별자치도 제주시 애월읍(5011025300),37559,37559,3417,3596,3487,4315,6565,6633,4858,2664,1683,326,15,19245,19245,1793,1897,1923,2118,3502,3562,2561,1277,566,45,1,18314,18314,1624,1699,1564,2197,3063,3071,2297,1387,1117,281,14
제주특별자치도 제주시 구좌읍(5011025600),15403,15403,839,1146,1259,1473,2381,2827,2493,1561,1178,238,8,7884,7884,440,610,687,756,1380,1632,1273,725,346,34,1,7519,7519,399,536,572,717,1001,1195,1220,836,832,204,7
제주특별자치도 제주시 조천읍(5011025900),25629,25629,2133,2215,2591,3010,4153,4534,3549,1994,1213,227,10,13148,13148,1123,1164,1471,1506,2211,2423,1846,921,443,39,1,12481,12481,1010,1051,1120,1504,1942,2111,1703,1073,770,188,9
제주특별자치도 제주시 한경면(5011031000),9432,9432,561,597,718,770,1526,1738,1632,981,755,150,4,4722,4722,274,298,398,371,854,997,828,458,219,25,0,4710,4710,287,299,320,399,672,741,804,523,536,125,4
제주특별자치도 제주시 추자면(5011032000),1559,1559,50,77,97,83,181,288,328,266,158,31,0,845,845,25,41,52,57,116,189,174,136,51,4,0,714,714,25,36,45,26,65,99,154,130,107,27,0
제주특별자치도 제주시 우도면(5011033000),1679,1679,78,97,154,144,256,346,270,175,134,25,0,893,893,45,47,84,83,170,186,161,78,35,4,0,786,786,33,50,70,61,86,160,109,97,99,21,0
제주특별자치도 제주시 일도1동(5011051000),2367,2367,77,133,198,214,318,455,512,296,136,26,2,1251,1251,37,63,112,128,184,279,267,124,49,8,0,1116,1116,40,70,86,86,134,176,245,172,87,18,2
제주특별자치도 제주시 일도2동(5011052000),32263,32263,2614,3575,4077,3659,4825,5437,4446,2375,1102,148,5,15833,15833,1310,1900,2163,1852,2406,2635,2061,1070,411,24,1,16430,16430,1304,1675,1914,1807,2419,2802,2385,1305,691,124,4
제주특별자치도 제주시 이도1동(5011053000),7633,7633,467,738,1072,909,1060,1301,1095,570,354,62,5,3771,3771,241,393,504,483,567,645,549,251,124,14,0,3862,3862,226,345,568,426,493,656,546,319,230,48,5
제주특별자치도 제주시 이도2동(5011054000),49198,49198,4172,6004,7093,6390,8104,8041,5444,2623,1129,192,6,24080,24080,2175,3052,3602,3220,3908,3935,2548,1202,401,37,0,25118,25118,1997,2952,3491,3170,4196,4106,2896,1421,728,155,6
제주특별자치도 제주시 삼도1동(5011055000),13337,13337,983,1350,1638,1403,2096,2272,1695,1212,598,87,3,6525,6525,481,670,845,736,1088,1137,788,523,241,16,0,6812,6812,502,680,793,667,1008,1135,907,689,357,71,3
제주특별자치도 제주시 삼도2동(5011056000),8004,8004,474,651,915,961,1155,1451,1286,669,370,68,4,4142,4142,254,350,510,537,621,791,642,289,138,10,0,3862,3862,220,301,405,424,534,660,644,380,232,58,4
제주특별자치도 제주시 용담1동(5011057000),6870,6870,381,606,809,661,1002,1286,1066,653,338,63,5,3548,3548,200,315,445,362,549,701,549,285,133,9,0,3322,3322,181,291,364,299,453,585,517,368,205,54,5
제주특별자치도 제주시 용담2동(5011058000),14314,14314,931,1383,1684,1521,2076,2481,2143,1329,658,105,3,7254,7254,471,732,929,825,1113,1290,1039,602,241,12,0,7060,7060,460,651,755,696,963,1191,1104,727,417,93,3
제주특별자치도 제주시 건입동(5011059000),8836,8836,588,747,977,933,1213,1513,1534,856,398,75,2,4518,4518,297,405,550,474,641,818,772,394,148,19,0,4318,4318,291,342,427,459,572,695,762,462,250,56,2
제주특별자치도 제주시 화북동(5011060000),23841,23841,2167,2928,2979,2732,3895,4145,2841,1357,664,126,7,11861,11861,1131,1563,1611,1378,1936,2040,1380,589,213,20,0,11980,11980,1036,1365,1368,1354,1959,2105,1461,768,451,106,7
제주특별자치도 제주시 삼양동(5011061000),26082,26082,3398,3421,2762,3649,5020,3657,2341,1128,586,113,7,13093,13093,1717,1837,1490,1807,2532,1834,1140,508,210,18,0,12989,12989,1681,1584,1272,1842,2488,1823,1201,620,376,95,7
제주특별자치도 제주시 봉개동(5011062000),5264,5264,516,437,600,753,823,840,658,349,237,48,3,2717,2717,284,226,330,387,427,461,342,167,85,8,0,2547,2547,232,211,270,366,396,379,316,182,152,40,3
제주특별자치도 제주시 아라동(5011063000),38836,38836,4467,4575,5390,5928,6985,5799,3367,1447,721,151,6,19160,19160,2283,2206,2646,2928,3481,2969,1692,696,235,24,0,19676,19676,2184,2369,2744,3000,3504,2830,1675,751,486,127,6
제주특별자치도 제주시 오라동(5011064000),15984,15984,2105,1764,1824,2463,2910,2396,1471,646,335,65,5,8075,8075,1058,951,1002,1197,1492,1208,741,286,126,14,0,7909,7909,1047,813,822,1266,1418,1188,730,360,209,51,5
제주특별자치도 제주시 연동(5011065000),42239,42239,2850,4051,7202,6045,7082,7180,4846,2055,790,130,8,20641,20641,1440,2114,3585,3123,3355,3470,2293,934,297,29,1,21598,21598,1410,1937,3617,2922,3727,3710,2553,1121,493,101,7
제주특별자치도 제주시 노형동(5011066000),55392,55392,4867,7167,8326,6869,9471,10101,5256,2165,985,178,7,27096,27096,2514,3726,4355,3390,4337,4897,2533,973,345,26,0,28296,28296,2353,3441,3971,3479,5134,5204,2723,1192,640,152,7
제주특별자치도 제주시 외도동(5011067000),22342,22342,2710,2933,2508,3045,4322,3506,1821,896,500,95,6,11157,11157,1387,1556,1327,1470,2156,1804,896,402,151,8,0,11185,11185,1323,1377,1181,1575,2166,1702,925,494,349,87,6
제주특별자치도 제주시 이호동(5011068000),4499,4499,359,389,561,590,698,807,622,267,189,16,1,2339,2339,177,207,307,322,395,425,313,118,71,4,0,2160,2160,182,182,254,268,303,382,309,149,118,12,1
제주특별자치도 제주시 도두동(5011069000),3331,3331,296,338,363,429,569,599,421,169,116,30,1,1747,1747,146,161,197,229,332,333,232,76,38,3,0,1584,1584,150,177,166,200,237,266,189,93,78,27,1
제주특별자치도 서귀포시 (5013000000),184337,184337,14161,17630,18363,19312,29581,32657,26765,15463,8955,1376,74,92933,92933,7291,9243,9927,9585,15538,17484,13384,7154,3101,224,2,91404,91404,6870,8387,8436,9727,14043,15173,13381,8309,5854,1152,72
제주특별자치도 서귀포시 대정읍(5013025000),22220,22220,1805,2695,1767,1970,4058,3721,2933,1842,1211,208,10,10776,10776,943,1399,954,877,1910,1953,1464,829,411,36,0,11444,11444,862,1296,813,1093,2148,1768,1469,1013,800,172,10
제주특별자치도 서귀포시 남원읍(5013025300),18657,18657,1082,1473,1801,1533,2594,3655,3124,1883,1325,179,8,9666,9666,586,789,1042,809,1433,2022,1603,865,485,32,0,8991,8991,496,684,759,724,1161,1633,1521,1018,840,147,8
제주특별자치도 서귀포시 성산읍(5013025900),15510,15510,890,1060,1323,1376,2088,3137,2918,1567,958,181,12,8146,8146,462,561,724,751,1212,1772,1575,745,317,27,0,7364,7364,428,499,599,625,876,1365,1343,822,641,154,12
제주특별자치도 서귀포시 안덕면(5013031000),12249,12249,816,1003,1317,1335,1890,2282,1773,1042,669,113,9,6336,6336,424,540,733,680,1028,1301,908,501,208,13,0,5913,5913,392,463,584,655,862,981,865,541,461,100,9
제주특별자치도 서귀포시 표선면(5013032000),12571,12571,818,1031,1187,1086,1921,2424,2098,1207,702,92,5,6406,6406,421,563,659,529,1046,1317,1047,570,242,12,0,6165,6165,397,468,528,557,875,1107,1051,637,460,80,5
제주특별자치도 서귀포시 송산동(5013051000),3980,3980,216,314,407,367,539,731,671,476,226,31,2,2089,2089,115,167,224,193,323,404,345,231,82,5,0,1891,1891,101,147,183,174,216,327,326,245,144,26,2
제주특별자치도 서귀포시 정방동(5013052000),2132,2132,95,127,184,192,330,416,439,231,98,19,1,1070,1070,49,80,92,111,174,215,205,108,33,3,0,1062,1062,46,47,92,81,156,201,234,123,65,16,1
제주특별자치도 서귀포시 중앙동(5013053000),3241,3241,158,194,305,241,416,652,683,372,200,20,0,1534,1534,80,99,172,127,226,326,277,146,77,4,0,1707,1707,78,95,133,114,190,326,406,226,123,16,0
제주특별자치도 서귀포시 천지동(5013054000),3444,3444,158,221,341,321,494,693,652,362,180,21,1,1738,1738,83,121,182,170,268,382,305,156,66,4,1,1706,1706,75,100,159,151,226,311,347,206,114,17,0
제주특별자치도 서귀포시 효돈동(5013055000),5311,5311,367,420,520,530,756,905,852,546,363,50,2,2680,2680,171,229,271,268,418,504,427,258,126,8,0,2631,2631,196,191,249,262,338,401,425,288,237,42,2
제주특별자치도 서귀포시 영천동(5013056000),5222,5222,284,436,560,429,683,1035,804,565,354,67,5,2660,2660,128,218,328,216,386,558,424,267,126,9,0,2562,2562,156,218,232,213,297,477,380,298,228,58,5
제주특별자치도 서귀포시 동홍동(5013057000),23347,23347,1916,3120,2735,2342,3975,4134,2897,1480,648,98,2,11347,11347,934,1595,1448,1145,1941,2036,1352,651,225,20,0,12000,12000,982,1525,1287,1197,2034,2098,1545,829,423,78,2
제주특별자치도 서귀포시 서홍동(5013058000),11225,11225,1234,1460,1244,1280,2017,1682,1224,714,323,43,4,5541,5541,605,732,679,578,1023,880,582,336,114,11,1,5684,5684,629,728,565,702,994,802,642,378,209,32,3
제주특별자치도 서귀포시 대륜동(5013059000),15441,15441,1567,1389,1445,2184,2767,2417,2007,1071,512,75,7,7817,7817,837,743,776,1071,1471,1252,974,491,190,12,0,7624,7624,730,646,669,1113,1296,1165,1033,580,322,63,7
제주특별자치도 서귀포시 대천동(5013060000),13796,13796,1565,1272,1404,2027,2478,2078,1591,887,421,70,3,6997,6997,832,671,729,966,1323,1097,804,422,141,12,0,6799,6799,733,601,675,1061,1155,981,787,465,280,58,3
제주특별자치도 서귀포시 중문동(5013061000),12059,12059,972,1168,1343,1671,2065,1984,1443,838,508,64,3,6113,6113,501,613,676,864,1069,1065,747,396,171,11,0,5946,5946,471,555,667,807,996,919,696,442,337,53,3
제주특별자치도 서귀포시 예래동(5013062000),3932,3932,218,247,480,428,510,711,656,380,257,45,0,2017,2017,120,123,238,230,287,400,345,182,87,5,0,1915,1915,98,124,242,198,223,311,311,198,170,40,0
